0 0.38605108055009824 0.2663793103448276 0.019646365422396856 0.039655172413793106
0 0.3487229862475442 0.23879310344827587 0.021611001964636542 0.039655172413793106
0 0.4425343811394892 0.22241379310344828 0.018664047151277015 0.04482758620689655
0 0.3983300589390963 0.12758620689655173 0.014734774066797643 0.034482758620689655
0 0.4911591355599214 0.30689655172413793 0.0275049115913556 0.05862068965517241
0 0.5456777996070727 0.32241379310344825 0.02848722986247544 0.05862068965517241
0 0.5864440078585462 0.38275862068965516 0.029469548133595286 0.04827586206896552
0 0.6301571709233792 0.24051724137931035 0.022593320235756387 0.04310344827586207
0 0.6576620825147348 0.21724137931034482 0.022593320235756387 0.04827586206896552
0 0.5599214145383105 0.12241379310344827 0.0137524557956778 0.02413793103448276
0 0.5712180746561886 0.12758620689655173 0.012770137524557957 0.027586206896551724
0 0.5977406679764243 0.10862068965517241 0.010805500982318271 0.027586206896551724
0 0.7824165029469549 0.2818965517241379 0.02848722986247544 0.06724137931034482
0 0.8477406679764243 0.3086206896551724 0.029469548133595286 0.06551724137931035
0 0.9091355599214146 0.1456896551724138 0.014734774066797643 0.02586206896551724
0 0.9361493123772102 0.15086206896551724 0.0137524557956778 0.029310344827586206