0 0.22727272727272727 0.39078498293515357 0.05071770334928229 0.09897610921501707
0 0.5320574162679426 0.19880546075085323 0.024880382775119617 0.04607508532423208
0 0.5861244019138756 0.17491467576791808 0.020095693779904306 0.03924914675767918
0 0.622488038277512 0.20733788395904437 0.020095693779904306 0.052901023890784986
0 0.6574162679425838 0.24829351535836178 0.028708133971291867 0.059726962457337884
0 0.6746411483253588 0.22525597269624573 0.01722488038277512 0.03754266211604096
0 0.6722488038277512 0.1885665529010239 0.014354066985645933 0.032423208191126277
0 0.7124401913875598 0.21331058020477817 0.01818181818181818 0.04778156996587031
0 0.7435406698564593 0.20648464163822525 0.015311004784688996 0.03754266211604096
0 0.7406698564593301 0.2773037542662116 0.03062200956937799 0.052901023890784986
0 0.7966507177033493 0.26706484641638223 0.02200956937799043 0.05631399317406143
0 0.8205741626794258 0.2713310580204778 0.02200956937799043 0.04778156996587031
0 0.7492822966507177 0.3779863481228669 0.03444976076555024 0.08020477815699659
0 0.8382775119617225 0.3728668941979522 0.026794258373205742 0.07679180887372014
0 0.9043062200956937 0.4564846416382253 0.04784688995215311 0.08703071672354949