0 0.05128205128205128 0.3684654300168634 0.01899335232668566 0.048903878583473864
0 0.24881291547958215 0.2554806070826307 0.013295346628679962 0.02866779089376054
0 0.27397910731244063 0.26728499156829677 0.010446343779677113 0.021922428330522766
0 0.26495726495726496 0.2639123102866779 0.00949667616334283 0.025295109612141653
0 0.2905982905982906 0.2639123102866779 0.017094017094017096 0.03541315345699832
0 0.3181386514719848 0.260539629005059 0.017094017094017096 0.045531197301854974
0 0.3366571699905033 0.26644182124789206 0.018043684710351376 0.04047217537942664
0 0.32336182336182334 0.21838111298482293 0.016144349477682812 0.03204047217537943
0 0.3504273504273504 0.22681281618887014 0.015194681861348529 0.03541315345699832
0 0.35565052231718897 0.20320404721753793 0.014245014245014245 0.02866779089376054
0 0.36657169990503324 0.19561551433389546 0.015194681861348529 0.03035413153456998
0 0.38746438746438744 0.18718381112984822 0.013295346628679962 0.03035413153456998
0 0.40408357075023743 0.19561551433389546 0.016144349477682812 0.03709949409780776
0 0.38366571699905033 0.22849915682967958 0.01899335232668566 0.03541315345699832
0 0.3717948717948718 0.26812816188870153 0.019943019943019943 0.04384485666104553
0 0.39316239316239315 0.2824620573355818 0.020892687559354226 0.045531197301854974
0 0.4358974358974359 0.23102866779089376 0.020892687559354226 0.04384485666104553
0 0.47530864197530864 0.23018549747048903 0.02184235517568851 0.045531197301854974
0 0.4520417853751187 0.19308600337268128 0.017094017094017096 0.03541315345699832
0 0.44776828110161443 0.16104553119730186 0.019943019943019943 0.02866779089376054
0 0.4658119658119658 0.13743676222596965 0.014245014245014245 0.03204047217537943
0 0.48480531813865146 0.13237774030354132 0.012345679012345678 0.025295109612141653
0 0.49810066476733145 0.16526138279932545 0.016144349477682812 0.03709949409780776
0 0.4876543209876543 0.18887015177065766 0.018043684710351376 0.03709949409780776
0 0.5284900284900285 0.2057335581787521 0.019943019943019943 0.04384485666104553
0 0.533713200379867 0.163575042158516 0.017094017094017096 0.03709949409780776
0 0.5493827160493827 0.15767284991568298 0.014245014245014245 0.03204047217537943
0 0.5655270655270656 0.17537942664418213 0.016144349477682812 0.03709949409780776
0 0.5750237416904084 0.2166947723440135 0.02184235517568851 0.05564924114671164
0 0.5716999050332384 0.11720067453625632 0.013295346628679962 0.02866779089376054
0 0.5845204178537512 0.13827993254637436 0.012345679012345678 0.03035413153456998
0 0.5925925925925926 0.12141652613827993 0.00949667616334283 0.03035413153456998
0 0.6144349477682811 0.1399662731871838 0.011396011396011397 0.03035413153456998
0 0.6415004748338081 0.1315345699831366 0.012345679012345678 0.026981450252951095
0 0.6396011396011396 0.11382799325463744 0.010446343779677113 0.01854974704890388
0 0.6182336182336182 0.11467116357504216 0.011396011396011397 0.023608768971332208
0 0.6809116809116809 0.1163575042158516 0.013295346628679962 0.03035413153456998
0 0.5688509021842355 0.28499156829679595 0.030389363722697058 0.06408094435075885
0 0.4838556505223172 0.3069139966273187 0.03133903133903134 0.06408094435075885
0 0.6263057929724596 0.32293423271500843 0.029439696106362774 0.0657672849915683
0 0.6258309591642925 0.23777403035413153 0.024691358024691357 0.06070826306913996
0 0.6372269705603039 0.20489038785834737 0.01899335232668566 0.0387858347386172
0 0.6581196581196581 0.2057335581787521 0.022792022792022793 0.04384485666104553
0 0.6908831908831908 0.18887015177065766 0.019943019943019943 0.05396290050590219
0 0.6861348528015194 0.15008431703204048 0.016144349477682812 0.03372681281618887
0 0.7136752136752137 0.15092748735244518 0.016144349477682812 0.04215851602023609
0 0.7217473884140551 0.16694772344013492 0.015194681861348529 0.03709949409780776
0 0.7331433998100665 0.18296795952782463 0.01899335232668566 0.045531197301854974
0 0.7169990503323836 0.2175379426644182 0.022792022792022793 0.050590219224283306
0 0.7264957264957265 0.2951096121416526 0.030389363722697058 0.05733558178752108
0 0.7739791073124407 0.29595278246205736 0.026590693257359924 0.05227655986509275
0 0.7621082621082621 0.22175379426644182 0.023741690408357077 0.048903878583473864
0 0.7801519468186134 0.20236087689713322 0.023741690408357077 0.04047217537942664
0 0.7663817663817664 0.1703204047217538 0.020892687559354226 0.03372681281618887
0 0.7497625830959165 0.13743676222596965 0.016144349477682812 0.03541315345699832
0 0.7359924026590693 0.12647554806070826 0.011396011396011397 0.026981450252951095
0 0.7678062678062678 0.13322091062394603 0.018043684710351376 0.03709949409780776
0 0.7901234567901234 0.1433389544688027 0.017094017094017096 0.03372681281618887
0 0.8095916429249762 0.13743676222596965 0.014245014245014245 0.02866779089376054
0 0.8205128205128205 0.16188870151770657 0.01899335232668566 0.04047217537942664
0 0.8409306742640076 0.1433389544688027 0.016144349477682812 0.03709949409780776
0 0.8575498575498576 0.1627318718381113 0.013295346628679962 0.03541315345699832
0 0.8480531813865148 0.19308600337268128 0.01899335232668566 0.04215851602023609
0 0.8323836657169991 0.21416526138279932 0.02184235517568851 0.04047217537942664
0 0.8471035137701804 0.3077571669477234 0.032288698955365625 0.06239460370994941
0 0.8589743589743589 0.26728499156829677 0.02184235517568851 0.048903878583473864
0 0.886039886039886 0.18465430016863407 0.015194681861348529 0.03541315345699832
0 0.8955365622032289 0.1543001686340641 0.013295346628679962 0.02866779089376054
0 0.8988603988603988 0.1812816188870152 0.014245014245014245 0.03204047217537943
0 0.9268755935422602 0.2403035413153457 0.01899335232668566 0.048903878583473864
0 0.9439696106362773 0.2622259696458685 0.024691358024691357 0.05564924114671164