0 0.3504854368932039 0.23752151462994836 0.017475728155339806 0.03442340791738382
0 0.38980582524271845 0.2667814113597246 0.020388349514563107 0.04130808950086059
0 0.4601941747572815 0.21858864027538727 0.021359223300970873 0.04130808950086059
0 0.4203883495145631 0.15834767641996558 0.017475728155339806 0.03098106712564544
0 0.487378640776699 0.3080895008605852 0.031067961165048542 0.058519793459552494
0 0.5441747572815534 0.3261617900172117 0.030097087378640777 0.06368330464716007
0 0.5864077669902913 0.3846815834767642 0.03300970873786408 0.05679862306368331
0 0.6266990291262136 0.24354561101549052 0.02233009708737864 0.043029259896729774
0 0.6393203883495145 0.22030981067125646 0.024271844660194174 0.05163511187607573
0 0.775242718446602 0.2882960413080895 0.02815533980582524 0.05679862306368331
0 0.8432038834951456 0.31411359724612736 0.02815533980582524 0.06712564543889846
0 0.9276699029126214 0.15576592082616178 0.014563106796116505 0.029259896729776247
0 0.9 0.14629948364888123 0.015533980582524271 0.027538726333907058
0 0.554368932038835 0.12478485370051635 0.013592233009708738 0.029259896729776247
0 0.566504854368932 0.12994836488812392 0.014563106796116505 0.029259896729776247
0 0.5932038834951456 0.11359724612736662 0.015533980582524271 0.03098106712564544