0 0.05970982142857143 0.38454011741682975 0.021205357142857144 0.04892367906066536
0 0.25167410714285715 0.2602739726027397 0.014508928571428572 0.0273972602739726
0 0.27120535714285715 0.26418786692759294 0.020089285714285716 0.03522504892367906
0 0.3080357142857143 0.2436399217221135 0.015625 0.025440313111545987
0 0.3002232142857143 0.22407045009784735 0.013392857142857142 0.033268101761252444
0 0.33370535714285715 0.2455968688845401 0.015625 0.03718199608610567
0 0.34988839285714285 0.2534246575342466 0.016741071428571428 0.03718199608610567
0 0.35379464285714285 0.29549902152641877 0.022321428571428572 0.046966731898238745
0 0.34486607142857145 0.22015655577299412 0.015625 0.029354207436399216
0 0.375 0.21330724070450097 0.020089285714285716 0.03913894324853229
0 0.39620535714285715 0.26614481409001955 0.024553571428571428 0.050880626223091974
0 0.38113839285714285 0.18688845401174167 0.018973214285714284 0.033268101761252444
0 0.40011160714285715 0.20156555772994128 0.021205357142857144 0.03131115459882583
0 0.43917410714285715 0.22211350293542073 0.021205357142857144 0.033268101761252444
0 0.44363839285714285 0.18688845401174167 0.018973214285714284 0.029354207436399216
0 0.46484375 0.22700587084148727 0.021205357142857144 0.03913894324853229
0 0.45535714285714285 0.14774951076320939 0.015625 0.025440313111545987
0 0.4760044642857143 0.19275929549902152 0.016741071428571428 0.033268101761252444
0 0.46986607142857145 0.16927592954990214 0.015625 0.029354207436399216
0 0.47767857142857145 0.136986301369863 0.015625 0.023483365949119372
0 0.49888392857142855 0.1917808219178082 0.017857142857142856 0.03131115459882583
0 0.5256696428571429 0.21135029354207435 0.022321428571428572 0.03913894324853229
0 0.5245535714285714 0.162426614481409 0.013392857142857142 0.023483365949119372
0 0.5424107142857143 0.15851272015655576 0.015625 0.03522504892367906
0 0.5613839285714286 0.14677103718199608 0.013392857142857142 0.0273972602739726
0 0.5597098214285714 0.11839530332681017 0.014508928571428572 0.029354207436399216
0 0.5747767857142857 0.1634050880626223 0.015625 0.029354207436399216
0 0.59375 0.14285714285714285 0.015625 0.03131115459882583
0 0.6116071428571429 0.14677103718199608 0.013392857142857142 0.03131115459882583
0 0.6322544642857143 0.1379647749510763 0.016741071428571428 0.033268101761252444
0 0.6422991071428571 0.11937377690802348 0.014508928571428572 0.0273972602739726
0 0.6635044642857143 0.11741682974559686 0.012276785714285714 0.03131115459882583
0 0.49776785714285715 0.2984344422700587 0.029017857142857144 0.06457925636007827
0 0.5418526785714286 0.2446183953033268 0.025669642857142856 0.046966731898238745
0 0.5680803571428571 0.29060665362035226 0.024553571428571428 0.04892367906066536
0 0.61328125 0.2984344422700587 0.027901785714285716 0.05675146771037182
0 0.6138392857142857 0.24266144814090018 0.022321428571428572 0.050880626223091974
0 0.6127232142857143 0.2025440313111546 0.024553571428571428 0.04500978473581213
0 0.6456473214285714 0.20156555772994128 0.0234375 0.043052837573385516
0 0.6512276785714286 0.2837573385518591 0.027901785714285716 0.0547945205479452
0 0.69921875 0.2651663405088063 0.027901785714285716 0.060665362035225046
0 0.7098214285714286 0.22407045009784735 0.020089285714285716 0.04892367906066536
0 0.6908482142857143 0.18003913894324852 0.020089285714285716 0.043052837573385516
0 0.6902901785714286 0.14383561643835616 0.018973214285714284 0.033268101761252444
0 0.7154017857142857 0.1643835616438356 0.015625 0.03913894324853229
0 0.7237723214285714 0.19667318982387474 0.021205357142857144 0.0410958904109589
0 0.7483258928571429 0.23679060665362034 0.021205357142857144 0.05870841487279843
0 0.7594866071428571 0.21037181996086105 0.021205357142857144 0.0410958904109589
0 0.7589285714285714 0.16927592954990214 0.017857142857142856 0.03718199608610567
0 0.7444196428571429 0.1360078277886497 0.015625 0.033268101761252444
0 0.7232142857142857 0.11545988258317025 0.015625 0.03522504892367906
0 0.7555803571428571 0.13013698630136986 0.017857142857142856 0.03718199608610567
0 0.7723214285714286 0.16731898238747553 0.017857142857142856 0.03718199608610567
0 0.7818080357142857 0.14774951076320939 0.014508928571428572 0.029354207436399216
0 0.7689732142857143 0.2847358121330724 0.029017857142857144 0.060665362035225046
0 0.8364955357142857 0.31604696673189825 0.027901785714285716 0.05675146771037182
0 0.8515625 0.23483365949119372 0.024553571428571428 0.046966731898238745
0 0.8197544642857143 0.2054794520547945 0.016741071428571428 0.03913894324853229
0 0.8286830357142857 0.15557729941291584 0.014508928571428572 0.033268101761252444
0 0.8448660714285714 0.15851272015655576 0.015625 0.03131115459882583
0 0.8582589285714286 0.1917808219178082 0.015625 0.03913894324853229
0 0.8839285714285714 0.21330724070450097 0.015625 0.043052837573385516
0 0.8967633928571429 0.2299412915851272 0.014508928571428572 0.03718199608610567
0 0.9123883928571429 0.25146771037182 0.0234375 0.04892367906066536
0 0.8794642857142857 0.1643835616438356 0.015625 0.03131115459882583
0 0.8950892857142857 0.18590998043052837 0.015625 0.03522504892367906