0 0.23977695167286245 0.25280898876404495 0.020446096654275093 0.04975922953451043
0 0.2620817843866171 0.2086677367576244 0.01858736059479554 0.04173354735152488
0 0.28485130111524165 0.20706260032102727 0.019516728624535316 0.0449438202247191
0 0.3229553903345725 0.2158908507223114 0.019516728624535316 0.04012841091492777
0 0.3508364312267658 0.2086677367576244 0.023234200743494422 0.0449438202247191
0 0.3587360594795539 0.18378812199036917 0.022304832713754646 0.04012841091492777
0 0.40427509293680297 0.16452648475120385 0.026022304832713755 0.052969502407704656
0 0.3805762081784387 0.2014446227929374 0.023234200743494422 0.04012841091492777
0 0.3736059479553903 0.2664526484751204 0.03345724907063197 0.06741573033707865
0 0.44284386617100374 0.20545746388443017 0.02695167286245353 0.051364365971107544
0 0.5525092936802974 0.19903691813804172 0.02509293680297398 0.05457463884430177
0 0.6045539033457249 0.2504012841091493 0.02695167286245353 0.05457463884430177
0 0.6282527881040892 0.23996789727126805 0.01858736059479554 0.04975922953451043