0 0.15105162523900573 0.4948717948717949 0.03824091778202677 0.09743589743589744
0 0.28680688336520077 0.21965811965811965 0.022944550669216062 0.039316239316239315
0 0.31166347992351817 0.2222222222222222 0.019120458891013385 0.044444444444444446
0 0.3546845124282983 0.1717948717948718 0.015296367112810707 0.035897435897435895
0 0.37523900573613767 0.1564102564102564 0.016252390057361378 0.039316239316239315
0 0.41634799235181646 0.16153846153846155 0.014340344168260038 0.035897435897435895
0 0.4259082217973231 0.147008547008547 0.0124282982791587 0.023931623931623933
0 0.4818355640535373 0.12991452991452992 0.01338432122370937 0.03076923076923077
0 0.34608030592734224 0.2205128205128205 0.019120458891013385 0.03076923076923077
0 0.39292543021032506 0.19914529914529913 0.01338432122370937 0.035897435897435895
0 0.4096558317399618 0.20085470085470086 0.02198852772466539 0.04957264957264957
0 0.3967495219885277 0.2341880341880342 0.017208413001912046 0.041025641025641026
0 0.4239961759082218 0.24871794871794872 0.020076481835564052 0.035897435897435895
0 0.4655831739961759 0.2094017094017094 0.017208413001912046 0.035897435897435895
0 0.4555449330783939 0.17264957264957265 0.016252390057361378 0.03076923076923077
0 0.48326959847036327 0.17692307692307693 0.014340344168260038 0.02905982905982906
0 0.510038240917782 0.15042735042735042 0.016252390057361378 0.020512820512820513
0 0.5071701720841301 0.13076923076923078 0.016252390057361378 0.035897435897435895
0 0.5148183556405354 0.11538461538461539 0.010516252390057362 0.02564102564102564
0 0.5344168260038241 0.11282051282051282 0.01338432122370937 0.013675213675213675
0 0.527246653919694 0.1641025641025641 0.018164435946462717 0.037606837606837605
0 0.5430210325047801 0.19230769230769232 0.017208413001912046 0.039316239316239315
0 0.5654875717017208 0.1623931623931624 0.0124282982791587 0.03418803418803419
0 0.5736137667304015 0.13418803418803418 0.011472275334608031 0.02905982905982906
0 0.6080305927342257 0.06495726495726496 0.009560229445506692 0.02735042735042735
0 0.5984703632887189 0.12136752136752137 0.015296367112810707 0.03076923076923077
0 0.597036328871893 0.152991452991453 0.016252390057361378 0.035897435897435895
0 0.5764818355640535 0.23162393162393163 0.017208413001912046 0.042735042735042736
0 0.6209369024856597 0.2358974358974359 0.018164435946462717 0.037606837606837605
0 0.6749521988527725 0.10683760683760683 0.017208413001912046 0.03247863247863248
0 0.6443594646271511 0.11965811965811966 0.011472275334608031 0.03418803418803419
0 0.6281070745697896 0.12393162393162394 0.017208413001912046 0.035897435897435895
0 0.6653919694072657 0.13162393162393163 0.011472275334608031 0.03418803418803419
0 0.7021988527724665 0.12307692307692308 0.0124282982791587 0.044444444444444446
0 0.7404397705544933 0.06923076923076923 0.0124282982791587 0.02905982905982906
0 0.7495219885277247 0.0735042735042735 0.01338432122370937 0.02735042735042735
0 0.738527724665392 0.1358974358974359 0.018164435946462717 0.035897435897435895
0 0.7251434034416826 0.1700854700854701 0.020076481835564052 0.039316239316239315
0 0.6816443594646272 0.21367521367521367 0.019120458891013385 0.03418803418803419
0 0.6835564053537285 0.2692307692307692 0.021032504780114723 0.04957264957264957
0 0.73565965583174 0.2376068376068376 0.020076481835564052 0.04786324786324787
0 0.75 0.1829059829059829 0.018164435946462717 0.03418803418803419
0 0.7050669216061185 0.3333333333333333 0.033460803059273424 0.07863247863247863
0 0.7495219885277247 0.36666666666666664 0.02676864244741874 0.06666666666666667
0 0.7605162523900574 0.23076923076923078 0.02390057361376673 0.06153846153846154
0 0.768642447418738 0.14957264957264957 0.011472275334608031 0.03247863247863248
0 0.7934990439770554 0.17094017094017094 0.01338432122370937 0.03418803418803419
0 0.8025812619502868 0.21196581196581196 0.016252390057361378 0.041025641025641026
0 0.7987571701720841 0.28717948717948716 0.027724665391969407 0.0547008547008547
0 0.8221797323135756 0.2452991452991453 0.021032504780114723 0.046153846153846156
0 0.8346080305927343 0.20598290598290597 0.017208413001912046 0.039316239316239315
0 0.8102294455066922 0.14188034188034188 0.014340344168260038 0.02735042735042735
0 0.858508604206501 0.09230769230769231 0.011472275334608031 0.03418803418803419
0 0.8413001912045889 0.15982905982905982 0.011472275334608031 0.03247863247863248
0 0.8685468451242829 0.17606837606837608 0.0124282982791587 0.037606837606837605
0 0.902963671128107 0.14017094017094017 0.014340344168260038 0.041025641025641026
0 0.9435946462715105 0.1564102564102564 0.015296367112810707 0.03247863247863248
0 0.9067877629063098 0.18974358974358974 0.014340344168260038 0.037606837606837605
0 0.9005736137667304 0.23076923076923078 0.021032504780114723 0.037606837606837605
0 0.9335564053537285 0.22735042735042735 0.018164435946462717 0.037606837606837605
0 0.9383365200764818 0.19914529914529913 0.014340344168260038 0.035897435897435895
0 0.9110898661567878 0.3384615384615385 0.02676864244741874 0.06495726495726496
0 0.638623326959847 0.15128205128205127 0.017208413001912046 0.035897435897435895
0 0.4421606118546845 0.1700854700854701 0.014340344168260038 0.03247863247863248
0 0.36615678776290633 0.18803418803418803 0.015296367112810707 0.03076923076923077
0 0.6716061185468452 0.1675213675213675 0.018164435946462717 0.03418803418803419
0 0.6864244741873805 0.11538461538461539 0.01338432122370937 0.039316239316239315
0 0.4254302103250478 0.19316239316239317 0.019120458891013385 0.041025641025641026