0 0.09458367016976556 0.5831889081455806 0.04850444624090541 0.10571923743500866
0 0.19967663702506064 0.2720970537261698 0.021018593371059015 0.05199306759098787
0 0.21948261924009702 0.2738301559792028 0.02021018593371059 0.04852686308492201
0 0.26556184316895715 0.24003466204506066 0.021827000808407437 0.043327556325823226
0 0.29628132578819727 0.24003466204506066 0.018593371059013743 0.043327556325823226
0 0.3181083265966047 0.2365684575389948 0.02021018593371059 0.05025996533795494
0 0.3104284559417947 0.20103986135181975 0.021018593371059015 0.0415944540727903
0 0.349232012934519 0.20883882149046792 0.014551333872271624 0.04679376083188908
0 0.3589329021827001 0.2738301559792028 0.021018593371059015 0.0658578856152513
0 0.39611964430072755 0.2365684575389948 0.016168148746968473 0.04679376083188908
0 0.36095392077607114 0.1923743500866551 0.016976556184316895 0.03466204506065858
0 0.3908649959579628 0.19150779896013864 0.016976556184316895 0.036395147313691506
0 0.4094583670169766 0.17504332755632582 0.012126111560226353 0.03119584055459272
0 0.42683912691996767 0.19150779896013864 0.016168148746968473 0.03986135181975736
0 0.4413904607922393 0.16724436741767765 0.01778496362166532 0.036395147313691506
0 0.4535165723524656 0.1611785095320624 0.012934518997574777 0.03119584055459272
0 0.47453516572352467 0.16724436741767765 0.01778496362166532 0.043327556325823226
0 0.48827809215844786 0.14904679376083188 0.016168148746968473 0.03466204506065858
0 0.4935327405012126 0.21057192374350087 0.016976556184316895 0.03986135181975736
0 0.46685529506871465 0.25476603119584057 0.023443815683104285 0.058925476603119586
0 0.4333063864187551 0.3076256499133449 0.025869037995149554 0.05719237435008666
0 0.5246564268391269 0.1655112651646447 0.01778496362166532 0.043327556325823226
0 0.5509296685529507 0.16204506065857885 0.018593371059013743 0.036395147313691506
0 0.5517380759902991 0.1386481802426343 0.015359741309620048 0.03466204506065858
0 0.5759902991107518 0.1369150779896014 0.016976556184316895 0.038128249566724434
0 0.5505254648342764 0.21663778162911612 0.019401778496362168 0.04852686308492201
0 0.5723524656426839 0.19844020797227035 0.01778496362166532 0.036395147313691506
0 0.6075181891673404 0.18370883882149047 0.0137429264349232 0.03466204506065858
0 0.5962004850444624 0.12478336221837089 0.015359741309620048 0.03119584055459272
0 0.6204527081649152 0.12824956672443674 0.0137429264349232 0.03466204506065858
0 0.6115602263540825 0.158578856152513 0.015359741309620048 0.03292894280762565
0 0.6382376717865804 0.14818024263431542 0.015359741309620048 0.036395147313691506
0 0.6511721907841552 0.15251299826689774 0.0137429264349232 0.038128249566724434
0 0.6257073565076798 0.20103986135181975 0.016168148746968473 0.04852686308492201
0 0.6143896523848019 0.29116117850953205 0.02263540824575586 0.06239168110918544
0 0.5614389652384802 0.354419410745234 0.029911075181891674 0.04679376083188908
0 0.6071139854486661 0.3778162911611785 0.0274858528698464 0.058925476603119586
0 0.6540016168148747 0.41161178509532065 0.0274858528698464 0.07105719237435008
0 0.6612772837510105 0.18717504332755633 0.012934518997574777 0.03466204506065858
0 0.6612772837510105 0.2512998266897747 0.019401778496362168 0.0658578856152513
0 0.6871463217461601 0.16464471403812825 0.014551333872271624 0.03466204506065858
0 0.692805173807599 0.1386481802426343 0.012934518997574777 0.03119584055459272
0 0.706143896523848 0.14904679376083188 0.015359741309620048 0.03466204506065858
0 0.711802748585287 0.21663778162911612 0.0137429264349232 0.045060658578856154
0 0.7324171382376717 0.22010398613518198 0.016168148746968473 0.0415944540727903
0 0.7178658043654002 0.27469670710571925 0.019401778496362168 0.06412478336221837
0 0.7291835084882781 0.40121317157712305 0.0274858528698464 0.06759098786828423
0 0.7550525464834277 0.2339688041594454 0.01778496362166532 0.0415944540727903
0 0.7570735650767987 0.19930675909878684 0.015359741309620048 0.038128249566724434
0 0.7797089733225546 0.17417677642980936 0.0137429264349232 0.03986135181975736
0 0.780517380759903 0.20883882149046792 0.015359741309620048 0.043327556325823226
0 0.7942603071948262 0.2538994800693241 0.016976556184316895 0.05025996533795494
0 0.7655618431689571 0.2850953206239168 0.016168148746968473 0.04679376083188908
0 0.8027485852869847 0.47400346620450606 0.03556992724333064 0.08145580589254767
0 0.8593371059013742 0.5311958405545927 0.030719482619240096 0.09185441941074524
0 0.8730800323362975 0.427209705372617 0.02263540824575586 0.0779896013864818
0 0.816895715440582 0.30849220103986136 0.018593371059013743 0.05545927209705372
0 0.8609539207760711 0.35008665511265163 0.019401778496362168 0.058925476603119586
0 0.8128536782538399 0.24523396880415946 0.018593371059013743 0.05025996533795494
0 0.8120452708164915 0.19410745233968804 0.016976556184316895 0.04852686308492201
0 0.8322554567502021 0.21490467937608318 0.018593371059013743 0.045060658578856154
0 0.8726758286176233 0.2391681109185442 0.0137429264349232 0.045060658578856154
0 0.8775262732417138 0.22357019064124783 0.0137429264349232 0.05199306759098787
0 0.9054163298302345 0.24176776429809357 0.014551333872271624 0.043327556325823226
0 0.8993532740501212 0.2582322357019064 0.015359741309620048 0.045060658578856154
0 0.889248181083266 0.2833622183708839 0.019401778496362168 0.04679376083188908
0 0.9219886822958772 0.33188908145580587 0.018593371059013743 0.060658578856152515
0 0.9377526273241714 0.2850953206239168 0.014551333872271624 0.03986135181975736
0 0.9486661277283751 0.2582322357019064 0.016976556184316895 0.038128249566724434
0 0.9870654810024252 0.2729636048526863 0.014551333872271624 0.043327556325823226
0 0.9781729991915926 0.30589254766031193 0.014551333872271624 0.043327556325823226
0 0.9761519805982215 0.34575389948006935 0.0137429264349232 0.03986135181975736
0 0.9773645917542442 0.3752166377816291 0.019401778496362168 0.053726169844020795
0 0.9482619240097009 0.3830155979202773 0.021018593371059015 0.07279029462738301
0 0.9636216653193209 0.4480069324090121 0.025869037995149554 0.07452339688041594