0 0.19647822057460612 0.41336633663366334 0.04819277108433735 0.09405940594059406
0 0.2738646895273401 0.24504950495049505 0.017608897126969416 0.034653465346534656
0 0.2928637627432808 0.24174917491749176 0.018535681186283594 0.037953795379537955
0 0.288693234476367 0.2854785478547855 0.019462465245597776 0.033003300330033
0 0.3531047265987025 0.2590759075907591 0.018535681186283594 0.039603960396039604
0 0.36886005560704355 0.2731023102310231 0.022242817423540315 0.04455445544554455
0 0.3637627432808156 0.23267326732673269 0.019462465245597776 0.036303630363036306
0 0.3753475440222428 0.19141914191419143 0.018535681186283594 0.036303630363036306
0 0.3924930491195551 0.19471947194719472 0.019462465245597776 0.036303630363036306
0 0.40639481000926786 0.1707920792079208 0.013901760889712697 0.024752475247524754
0 0.4184430027803522 0.1716171617161716 0.015755329008341055 0.033003300330033
0 0.4457831325301205 0.22112211221122113 0.018535681186283594 0.039603960396039604
0 0.468952734012975 0.22194719471947194 0.020389249304911955 0.04455445544554455
0 0.46617238183503246 0.183993399339934 0.018535681186283594 0.034653465346534656
0 0.4494902687673772 0.18316831683168316 0.020389249304911955 0.033003300330033
0 0.4416126042632067 0.16501650165016502 0.013901760889712697 0.026402640264026403
0 0.4652455977757183 0.15346534653465346 0.011121408711770158 0.0297029702970297
0 0.48053753475440225 0.1542904290429043 0.015755329008341055 0.024752475247524754
0 0.48980537534754404 0.19141914191419143 0.017608897126969416 0.039603960396039604
0 0.5162187210379982 0.20462046204620463 0.016682113067655237 0.036303630363036306
0 0.5203892493049119 0.16501650165016502 0.013901760889712697 0.0297029702970297
0 0.5162187210379982 0.14108910891089108 0.011121408711770158 0.024752475247524754
0 0.4995366079703429 0.13861386138613863 0.011121408711770158 0.019801980198019802
0 0.5417052826691381 0.16254125412541254 0.017608897126969416 0.034653465346534656
0 0.5491195551436515 0.12458745874587458 0.013901760889712697 0.03135313531353135
0 0.5583873957367933 0.12788778877887788 0.013901760889712697 0.028052805280528052
0 0.5834105653382762 0.1377887788778878 0.015755329008341055 0.028052805280528052
0 0.5852641334569045 0.17326732673267325 0.017608897126969416 0.036303630363036306
0 0.607970342910102 0.13448844884488448 0.016682113067655237 0.03135313531353135
0 0.5973123262279889 0.11551155115511551 0.015755329008341055 0.0297029702970297
0 0.5848007414272475 0.10561056105610561 0.012974976830398516 0.026402640264026403
0 0.6144578313253012 0.10148514851485149 0.011121408711770158 0.02145214521452145
0 0.644114921223355 0.10066006600660066 0.014828544949026877 0.026402640264026403
0 0.6417979610750695 0.1353135313531353 0.015755329008341055 0.026402640264026403
0 0.6436515291936978 0.12046204620462046 0.012048192771084338 0.019801980198019802
0 0.6631139944392956 0.11138613861386139 0.013901760889712697 0.028052805280528052
0 0.6904541241890639 0.11056105610561057 0.014828544949026877 0.026402640264026403
0 0.6821130676552364 0.14933993399339934 0.016682113067655237 0.03135313531353135
0 0.6936978683966636 0.17244224422442245 0.017608897126969416 0.034653465346534656
0 0.6607970342910102 0.16336633663366337 0.020389249304911955 0.039603960396039604
0 0.654772937905468 0.21287128712871287 0.021316033364226137 0.0429042904290429
0 0.6246524559777572 0.2037953795379538 0.024096385542168676 0.037953795379537955
0 0.6209453197405005 0.24917491749174916 0.025949953660797033 0.056105610561056105
0 0.6098239110287303 0.2978547854785479 0.033364226135310475 0.057755775577557754
0 0.5607043558850788 0.2508250825082508 0.022242817423540315 0.0429042904290429
0 0.4860982391102873 0.31765676567656764 0.030583873957367932 0.057755775577557754
0 0.5366079703429101 0.3193069306930693 0.027803521779425393 0.04785478547854786
0 0.6765523632993512 0.3316831683168317 0.03707136237256719 0.066006600660066
0 0.736793327154773 0.35313531353135313 0.03892493049119555 0.07920792079207921
0 0.7210379981464319 0.2466996699669967 0.025949953660797033 0.054455445544554455
0 0.696014828544949 0.23597359735973597 0.024096385542168676 0.0462046204620462
0 0.7242817423540315 0.19884488448844884 0.019462465245597776 0.041254125412541254
0 0.732159406858202 0.1740924092409241 0.018535681186283594 0.034653465346534656
0 0.727062094531974 0.11633663366336634 0.017608897126969416 0.037953795379537955
0 0.7451343836886005 0.14273927392739275 0.016682113067655237 0.034653465346534656
0 0.7664504170528267 0.12293729372937294 0.014828544949026877 0.03135313531353135
0 0.7835959221501391 0.14026402640264027 0.015755329008341055 0.033003300330033
0 0.8053753475440223 0.14356435643564355 0.016682113067655237 0.039603960396039604
0 0.7585727525486562 0.20874587458745875 0.019462465245597776 0.041254125412541254
0 0.772937905468026 0.19801980198019803 0.018535681186283594 0.039603960396039604
0 0.793790546802595 0.26897689768976896 0.023169601482854494 0.052805280528052806
0 0.8072289156626506 0.24834983498349836 0.020389249304911955 0.041254125412541254
0 0.8239110287303059 0.20874587458745875 0.024096385542168676 0.04455445544554455
0 0.8067655236329935 0.3952145214521452 0.03429101019462465 0.07095709570957096
0 0.8429101019462465 0.29207920792079206 0.025023169601482854 0.0627062706270627
0 0.8651529193697869 0.2632013201320132 0.023169601482854494 0.05115511551155116
0 0.9133456904541242 0.3523102310231023 0.030583873957367932 0.07425742574257425
0 0.9050046339202966 0.3085808580858086 0.025023169601482854 0.0462046204620462
0 0.897126969416126 0.2731023102310231 0.018535681186283594 0.034653465346534656
0 0.9258572752548656 0.2508250825082508 0.022242817423540315 0.0462046204620462
0 0.9147358665430955 0.21699669966996699 0.016682113067655237 0.041254125412541254
0 0.8725671918443003 0.1971947194719472 0.017608897126969416 0.041254125412541254
0 0.8549582947173309 0.1716171617161716 0.015755329008341055 0.039603960396039604
0 0.8577386468952733 0.1443894389438944 0.013901760889712697 0.024752475247524754
0 0.8605189990732159 0.12871287128712872 0.013901760889712697 0.026402640264026403
0 0.8234476367006488 0.13448844884488448 0.012048192771084338 0.024752475247524754
0 0.8294717330861909 0.11551155115511551 0.016682113067655237 0.0297029702970297
0 0.8785912882298424 0.1485148514851485 0.011121408711770158 0.026402640264026403
0 0.8841519925857275 0.16914191419141913 0.014828544949026877 0.034653465346534656
0 0.9003707136237257 0.14026402640264027 0.013901760889712697 0.033003300330033
0 0.9240037071362373 0.14686468646864687 0.012974976830398516 0.026402640264026403