0 0.14181152790484905 0.3390804597701149 0.0292772186642269 0.060755336617405585
0 0.2767612076852699 0.25862068965517243 0.01738334858188472 0.034482758620689655
0 0.292772186642269 0.2717569786535304 0.020128087831655993 0.034482758620689655
0 0.2982616651418115 0.24548440065681446 0.018298261665141813 0.03776683087027915
0 0.3334858188472095 0.2733990147783251 0.0192131747483989 0.04433497536945813
0 0.36413540713632203 0.2857142857142857 0.018298261665141813 0.03940886699507389
0 0.3677950594693504 0.25205254515599346 0.018298261665141813 0.027914614121510674
0 0.38517840805123515 0.18472906403940886 0.012808783165599268 0.031198686371100164
0 0.39935956084172003 0.19293924466338258 0.013723696248856358 0.027914614121510674
0 0.4039341262580055 0.16995073891625614 0.013723696248856358 0.027914614121510674
0 0.42131747483989024 0.17077175697865354 0.01555352241537054 0.03284072249589491
0 0.4240622140896615 0.1986863711001642 0.01555352241537054 0.029556650246305417
0 0.44373284537968893 0.22660098522167488 0.018298261665141813 0.0361247947454844
0 0.45196706312900276 0.19540229885057472 0.018298261665141813 0.026272577996715927
0 0.4505946935041171 0.1568144499178982 0.01555352241537054 0.031198686371100164
0 0.4707227813357731 0.16666666666666666 0.013723696248856358 0.027914614121510674
0 0.47666971637694416 0.15024630541871922 0.009149130832570906 0.024630541871921183
0 0.4830741079597438 0.19047619047619047 0.018298261665141813 0.03940886699507389
0 0.47438243366880145 0.22249589490968802 0.0192131747483989 0.03776683087027915
0 0.5091491308325709 0.16666666666666666 0.01738334858188472 0.034482758620689655
0 0.5096065873741995 0.14285714285714285 0.010978956999085087 0.022988505747126436
0 0.5018298261665142 0.12397372742200329 0.011893870082342177 0.024630541871921183
0 0.5448307410795974 0.11904761904761904 0.013723696248856358 0.027914614121510674
0 0.5320219579139982 0.18555008210180624 0.01738334858188472 0.0361247947454844
0 0.5393412625800549 0.1781609195402299 0.013723696248856358 0.027914614121510674
0 0.5690759377859104 0.17323481116584566 0.01646843549862763 0.034482758620689655
0 0.5599268069533394 0.13136288998357964 0.010978956999085087 0.029556650246305417
0 0.5768526989935956 0.1469622331691297 0.013723696248856358 0.031198686371100164
0 0.5846294602012809 0.13382594417077176 0.009149130832570906 0.021346469622331693
0 0.5773101555352241 0.1174055829228243 0.009149130832570906 0.0180623973727422
0 0.5832570905763952 0.10509031198686371 0.013723696248856358 0.026272577996715927
0 0.6079597438243367 0.14614121510673234 0.01555352241537054 0.03284072249589491
0 0.6102470265324794 0.10837438423645321 0.01463860933211345 0.029556650246305417
0 0.6340347666971637 0.13464696223316913 0.01463860933211345 0.026272577996715927
0 0.6386093321134492 0.11083743842364532 0.010978956999085087 0.024630541871921183
0 0.6285452881976212 0.10098522167487685 0.010978956999085087 0.027914614121510674
0 0.6573650503202195 0.10426929392446634 0.011893870082342177 0.027914614121510674
0 0.6925892040256175 0.10344827586206896 0.010978956999085087 0.03284072249589491
0 0.6756633119853613 0.1510673234811166 0.01555352241537054 0.03284072249589491
0 0.6935041171088746 0.1748768472906404 0.01463860933211345 0.03776683087027915
0 0.6473010064043916 0.180623973727422 0.021043000914913082 0.03940886699507389
0 0.666971637694419 0.20935960591133004 0.021957913998170174 0.041050903119868636
0 0.6070448307410796 0.20935960591133004 0.024702653247941447 0.04433497536945813
0 0.5677035681610247 0.24548440065681446 0.021043000914913082 0.04433497536945813
0 0.5320219579139982 0.3284072249589491 0.03202195791399817 0.05582922824302135
0 0.5347666971637695 0.27586206896551724 0.021043000914913082 0.03940886699507389
0 0.4917657822506862 0.2889983579638752 0.026532479414455627 0.059113300492610835
0 0.6184812442817932 0.25862068965517243 0.021957913998170174 0.047619047619047616
0 0.6230558096980787 0.29310344827586204 0.025617566331198535 0.05090311986863711
0 0.6605672461116194 0.32019704433497537 0.03476669716376944 0.06896551724137931
0 0.7053979871912168 0.25533661740558294 0.0292772186642269 0.05747126436781609
0 0.6939615736505031 0.22167487684729065 0.021043000914913082 0.03940886699507389
0 0.7200365965233303 0.20853858784893267 0.020128087831655993 0.042692939244663386
0 0.7296431838975297 0.17077175697865354 0.01738334858188472 0.03284072249589491
0 0.7392497712717292 0.14860426929392448 0.012808783165599268 0.027914614121510674
0 0.7310155535224153 0.11330049261083744 0.01463860933211345 0.03284072249589491
0 0.7580054894784996 0.1272577996715928 0.01738334858188472 0.031198686371100164
0 0.7721866422689845 0.13957307060755336 0.01463860933211345 0.0361247947454844
0 0.7689844464775847 0.19540229885057472 0.01738334858188472 0.052545155993431854
0 0.7456541628545288 0.21428571428571427 0.020128087831655993 0.047619047619047616
0 0.7570905763952425 0.2857142857142857 0.024702653247941447 0.06239737274220033
0 0.7342177493138152 0.3694581280788177 0.039341262580054895 0.0755336617405583
0 0.8032936870997255 0.4072249589490969 0.04757548032936871 0.0722495894909688
0 0.8920402561756633 0.4006568144499179 0.0384263494967978 0.0722495894909688
0 0.8938700823421775 0.29310344827586204 0.023787740164684355 0.060755336617405585
0 0.8989021043000915 0.24794745484400657 0.01738334858188472 0.04597701149425287
0 0.9103385178408051 0.2175697865353038 0.020128087831655993 0.034482758620689655
0 0.9162854528819762 0.2504105090311987 0.013723696248856358 0.04433497536945813
0 0.8577310155535224 0.24958949096880131 0.021043000914913082 0.042692939244663386
0 0.8485818847209515 0.2947454844006568 0.03202195791399817 0.06403940886699508
0 0.797804208600183 0.24876847290640394 0.020128087831655993 0.05090311986863711
0 0.8151875571820677 0.20853858784893267 0.020128087831655993 0.059113300492610835
0 0.797804208600183 0.1444991789819376 0.01646843549862763 0.0361247947454844
0 0.8247941445562672 0.14285714285714285 0.013723696248856358 0.029556650246305417
0 0.8197621225983531 0.1272577996715928 0.010978956999085087 0.027914614121510674
0 0.8462946020128088 0.14285714285714285 0.01463860933211345 0.029556650246305417
0 0.8581884720951509 0.1297208538587849 0.012808783165599268 0.029556650246305417
0 0.8504117108874657 0.17323481116584566 0.013723696248856358 0.031198686371100164
0 0.8723696248856359 0.17323481116584566 0.013723696248856358 0.034482758620689655
0 0.8787740164684354 0.15763546798029557 0.011893870082342177 0.029556650246305417
0 0.914455626715462 0.16009852216748768 0.010064043915827997 0.027914614121510674
0 0.8613906678865508 0.20689655172413793 0.01738334858188472 0.03284072249589491