0 0.20180722891566266 0.35537918871252205 0.04618473895582329 0.09700176366843033
0 0.3017068273092369 0.2275132275132275 0.023092369477911646 0.04585537918871252
0 0.32228915662650603 0.1763668430335097 0.018072289156626505 0.042328042328042326
0 0.3468875502008032 0.1931216931216931 0.02108433734939759 0.03350970017636684
0 0.40160642570281124 0.18694885361552027 0.02208835341365462 0.03527336860670194
0 0.4126506024096386 0.16049382716049382 0.014056224899598393 0.02821869488536155
0 0.41214859437751006 0.14109347442680775 0.015060240963855422 0.024691358024691357
0 0.4407630522088353 0.16666666666666666 0.020080321285140562 0.04056437389770723
0 0.43724899598393574 0.1984126984126984 0.019076305220883535 0.04056437389770723
0 0.46887550200803213 0.2037037037037037 0.028112449799196786 0.054673721340388004
0 0.43775100401606426 0.14109347442680775 0.014056224899598393 0.024691358024691357
0 0.4482931726907631 0.12698412698412698 0.01104417670682731 0.021164021164021163
0 0.45883534136546184 0.14109347442680775 0.014056224899598393 0.031746031746031744
0 0.4738955823293173 0.16313932980599646 0.020080321285140562 0.037037037037037035
0 0.4929718875502008 0.14285714285714285 0.014056224899598393 0.031746031746031744
0 0.4959839357429719 0.12433862433862433 0.014056224899598393 0.026455026455026454
0 0.5105421686746988 0.11552028218694885 0.013052208835341365 0.026455026455026454
0 0.5150602409638554 0.14638447971781304 0.01606425702811245 0.031746031746031744
0 0.5251004016064257 0.16843033509700175 0.020080321285140562 0.03350970017636684
0 0.5471887550200804 0.16666666666666666 0.01606425702811245 0.037037037037037035
0 0.5491967871485943 0.1384479717813051 0.01606425702811245 0.029982363315696647
0 0.5622489959839357 0.13580246913580246 0.01606425702811245 0.03527336860670194
0 0.5326305220883534 0.1349206349206349 0.015060240963855422 0.026455026455026454
0 0.5235943775100401 0.11904761904761904 0.01104417670682731 0.02292768959435626
0 0.5366465863453815 0.12081128747795414 0.013052208835341365 0.02292768959435626
0 0.5793172690763052 0.09700176366843033 0.014056224899598393 0.031746031746031744
0 0.5918674698795181 0.13403880070546736 0.01706827309236948 0.03527336860670194
0 0.5918674698795181 0.1164021164021164 0.013052208835341365 0.02821869488536155
0 0.5778112449799196 0.1657848324514991 0.01706827309236948 0.042328042328042326
0 0.6280120481927711 0.1419753086419753 0.015060240963855422 0.03350970017636684
0 0.6385542168674698 0.13580246913580246 0.012048192771084338 0.031746031746031744
0 0.6099397590361446 0.09171075837742504 0.013052208835341365 0.024691358024691357
0 0.6270080321285141 0.09082892416225749 0.013052208835341365 0.026455026455026454
0 0.6375502008032129 0.10582010582010581 0.010040160642570281 0.02821869488536155
0 0.6526104417670683 0.11375661375661375 0.014056224899598393 0.029982363315696647
0 0.6676706827309237 0.09876543209876543 0.010040160642570281 0.02821869488536155
0 0.6802208835341366 0.1111111111111111 0.013052208835341365 0.02821869488536155
0 0.6957831325301205 0.10846560846560846 0.014056224899598393 0.03350970017636684
0 0.5 0.2689594356261023 0.028112449799196786 0.054673721340388004
0 0.5637550200803213 0.22663139329805995 0.023092369477911646 0.05114638447971781
0 0.5778112449799196 0.2716049382716049 0.029116465863453816 0.0564373897707231
0 0.623995983935743 0.28835978835978837 0.029116465863453816 0.06525573192239859
0 0.6255020080321285 0.25220458553791886 0.02208835341365462 0.04585537918871252
0 0.623995983935743 0.18342151675485008 0.02108433734939759 0.03880070546737213
0 0.661144578313253 0.17372134038800705 0.01706827309236948 0.04409171075837742
0 0.6726907630522089 0.19929453262786595 0.02208835341365462 0.04585537918871252
0 0.6631526104417671 0.25308641975308643 0.025100401606425703 0.047619047619047616
0 0.6807228915662651 0.30335097001763667 0.030120481927710843 0.06701940035273368
0 0.713855421686747 0.3386243386243386 0.03614457831325301 0.07407407407407407
0 0.7008032128514057 0.1966490299823633 0.020080321285140562 0.04409171075837742
0 0.7183734939759037 0.21781305114638447 0.023092369477911646 0.054673721340388004
0 0.7058232931726908 0.15343915343915343 0.01606425702811245 0.03880070546737213
0 0.7379518072289156 0.16137566137566137 0.01606425702811245 0.037037037037037035
0 0.7640562248995983 0.13403880070546736 0.018072289156626505 0.03527336860670194
0 0.7570281124497992 0.1128747795414462 0.018072289156626505 0.042328042328042326
0 0.7871485943775101 0.12522045855379188 0.018072289156626505 0.03527336860670194
0 0.7766064257028112 0.164021164021164 0.019076305220883535 0.04585537918871252
0 0.8017068273092369 0.18783068783068782 0.019076305220883535 0.04056437389770723
0 0.8122489959839357 0.17901234567901234 0.01606425702811245 0.037037037037037035
0 0.8293172690763052 0.1675485008818342 0.01606425702811245 0.03880070546737213
0 0.8338353413654619 0.20458553791887124 0.01706827309236948 0.03880070546737213
0 0.8529116465863453 0.1763668430335097 0.01706827309236948 0.042328042328042326
0 0.8478915662650602 0.14285714285714285 0.015060240963855422 0.02821869488536155
0 0.8694779116465864 0.1657848324514991 0.01606425702811245 0.031746031746031744
0 0.8805220883534136 0.13932980599647266 0.014056224899598393 0.03527336860670194
0 0.893574297188755 0.18783068783068782 0.020080321285140562 0.037037037037037035
0 0.8890562248995983 0.2310405643738977 0.023092369477911646 0.05291005291005291
0 0.8534136546184738 0.30070546737213405 0.02208835341365462 0.054673721340388004
0 0.8654618473895582 0.2830687830687831 0.020080321285140562 0.05114638447971781
0 0.8012048192771084 0.25308641975308643 0.02208835341365462 0.04409171075837742
0 0.8032128514056225 0.28835978835978837 0.028112449799196786 0.0582010582010582
0 0.8082329317269076 0.35361552028218696 0.03614457831325301 0.07583774250440917
0 0.8965863453815262 0.41798941798941797 0.028112449799196786 0.08465608465608465
0 0.9196787148594378 0.31746031746031744 0.02610441767068273 0.06349206349206349
0 0.9357429718875502 0.2689594356261023 0.024096385542168676 0.054673721340388004
0 0.9241967871485943 0.23192239858906524 0.01706827309236948 0.04409171075837742
0 0.9412650602409639 0.2345679012345679 0.015060240963855422 0.03527336860670194
0 0.9387550200803213 0.19223985890652556 0.012048192771084338 0.031746031746031744
0 0.9407630522088354 0.16225749559082892 0.012048192771084338 0.02821869488536155
0 0.9186746987951807 0.14814814814814814 0.012048192771084338 0.024691358024691357
0 0.9176706827309237 0.17195767195767195 0.014056224899598393 0.029982363315696647