0 0.1411439114391144 0.265905383360522 0.02214022140221402 0.04241435562805873
0 0.4095940959409594 0.2169657422512235 0.02214022140221402 0.03588907014681892
0 0.625 0.13539967373572595 0.015682656826568265 0.03262642740619902
0 0.6485239852398524 0.1264274061990212 0.02029520295202952 0.024469820554649267
0 0.6392988929889298 0.15905383360522024 0.023985239852398525 0.02773246329526917
0 0.7513837638376384 0.14355628058727568 0.015682656826568265 0.026101141924959218
0 0.7670664206642066 0.15742251223491027 0.015682656826568265 0.037520391517128875
0 0.8999077490774908 0.23164763458401305 0.01937269372693727 0.03588907014681892
0 0.889760147601476 0.2536704730831974 0.01937269372693727 0.04404567699836868
0 0.9188191881918819 0.25856443719412725 0.01845018450184502 0.04730831973898858
0 0.8196494464944649 0.2626427406199021 0.021217712177121772 0.04567699836867863
0 0.5696494464944649 0.2553017944535073 0.023062730627306273 0.05057096247960848