0 0.029785544082605243 0.41410614525139666 0.023034154090548053 0.051675977653631286
0 0.22994440031771246 0.3331005586592179 0.015091342335186657 0.034916201117318434
0 0.25536139793486895 0.361731843575419 0.018268467037331215 0.04189944134078212
0 0.28435266084193805 0.2981843575418994 0.015885623510722795 0.03212290502793296
0 0.3284352660841938 0.34916201117318435 0.019857029388403495 0.036312849162011177
0 0.3506751389992057 0.32891061452513964 0.016679904686258934 0.029329608938547486
0 0.35146942017474186 0.28910614525139666 0.016679904686258934 0.030726256983240222
0 0.38204924543288327 0.2534916201117318 0.014297061159650517 0.02653631284916201
0 0.397934868943606 0.26885474860335196 0.014297061159650517 0.029329608938547486
0 0.4011119936457506 0.2925977653631285 0.012708498808578236 0.02653631284916201
0 0.3780778395552025 0.32053072625698326 0.017474185861795076 0.03212290502793296
0 0.3995234312946783 0.3324022346368715 0.017474185861795076 0.0335195530726257
0 0.42096902303415407 0.24511173184357543 0.012708498808578236 0.023743016759776536
0 0.42414614773629866 0.295391061452514 0.015885623510722795 0.03212290502793296
0 0.44638602065131056 0.33519553072625696 0.019062748212867357 0.0335195530726257
0 0.43764892772041303 0.25768156424581007 0.014297061159650517 0.02653631284916201
0 0.460285941223193 0.2946927374301676 0.015091342335186657 0.027932960893854747
0 0.465845909451946 0.26256983240223464 0.011914217633042097 0.0223463687150838
0 0.45591739475774423 0.236731843575419 0.011119936457505957 0.02094972067039106
0 0.5166799046862589 0.2346368715083799 0.010325655281969817 0.019553072625698324
0 0.4996028594122319 0.26256983240223464 0.012708498808578236 0.0223463687150838
0 0.5289912629070691 0.26187150837988826 0.014297061159650517 0.02653631284916201
0 0.5468625893566322 0.27932960893854747 0.015091342335186657 0.027932960893854747
0 0.5242255758538522 0.3463687150837989 0.022239872915011914 0.04748603351955307
0 0.4932486100079428 0.3149441340782123 0.017474185861795076 0.02653631284916201
0 0.5464654487688642 0.22416201117318435 0.011119936457505957 0.02094972067039106
0 0.5611596505162828 0.21997206703910616 0.013502779984114376 0.02094972067039106
0 0.5702938840349484 0.2520949720670391 0.011119936457505957 0.02653631284916201
0 0.585385226370135 0.24441340782122906 0.012708498808578236 0.025139664804469275
0 0.5889594916600477 0.21717877094972068 0.011914217633042097 0.02653631284916201
0 0.5949166004765687 0.20391061452513967 0.011119936457505957 0.0223463687150838
0 0.6115965051628276 0.21438547486033518 0.011119936457505957 0.023743016759776536
0 0.6227164416203336 0.2255586592178771 0.012708498808578236 0.02094972067039106
0 0.6405877680698967 0.20879888268156424 0.010325655281969817 0.02094972067039106
0 0.6608419380460683 0.2255586592178771 0.014297061159650517 0.029329608938547486
0 0.681890389197776 0.21997206703910616 0.011914217633042097 0.023743016759776536
0 0.6882446386020651 0.25 0.013502779984114376 0.0335195530726257
0 0.6604447974583002 0.2604748603351955 0.015091342335186657 0.02653631284916201
0 0.6235107227958697 0.24231843575418993 0.011119936457505957 0.02094972067039106
0 0.6167593328038126 0.28910614525139666 0.013502779984114376 0.025139664804469275
0 0.5857823669579031 0.3268156424581006 0.015091342335186657 0.027932960893854747
0 0.5957108816521048 0.3512569832402235 0.020651310563939634 0.04329608938547486
0 0.5972994440031771 0.4127094972067039 0.023828435266084195 0.051675977653631286
0 0.6417791898332009 0.361731843575419 0.022239872915011914 0.03910614525139665
0 0.670373312152502 0.3442737430167598 0.019062748212867357 0.040502793296089384
0 0.6624305003971406 0.42946927374301674 0.025416997617156472 0.051675977653631286
0 0.5321683876092137 0.3931564245810056 0.025416997617156472 0.046089385474860335
0 0.6977760127084988 0.46089385474860334 0.030976965845909452 0.06983240223463687
0 0.7128673550436855 0.39175977653631283 0.021445591739475776 0.046089385474860335
0 0.7720413026211279 0.4036312849162011 0.025416997617156472 0.0446927374301676
0 0.8022239872915012 0.49231843575418993 0.027005559968228753 0.05446927374301676
0 0.8228752978554408 0.4231843575418994 0.022239872915011914 0.05027932960893855
0 0.8915806195393169 0.4581005586592179 0.023034154090548053 0.04748603351955307
0 0.8780778395552026 0.3889664804469274 0.019857029388403495 0.03770949720670391
0 0.840746624305004 0.3645251396648045 0.019857029388403495 0.05027932960893855
0 0.7918983320095314 0.3575418994413408 0.020651310563939634 0.04189944134078212
0 0.795869737887212 0.3261173184357542 0.017474185861795076 0.03212290502793296
0 0.8216838760921367 0.3009776536312849 0.016679904686258934 0.034916201117318434
0 0.7974583002382843 0.295391061452514 0.014297061159650517 0.03212290502793296
0 0.7521842732327244 0.27932960893854747 0.014297061159650517 0.030726256983240222
0 0.7092930897537728 0.2842178770949721 0.014297061159650517 0.029329608938547486
0 0.7227958697378872 0.25768156424581007 0.014297061159650517 0.034916201117318434
0 0.7295472597299444 0.23393854748603352 0.011914217633042097 0.023743016759776536
0 0.7422557585385227 0.22905027932960895 0.011914217633042097 0.025139664804469275
0 0.744241461477363 0.25139664804469275 0.014297061159650517 0.027932960893854747
0 0.7597299444003177 0.23393854748603352 0.011914217633042097 0.02653631284916201
0 0.7688641779189833 0.2430167597765363 0.011119936457505957 0.027932960893854747
0 0.7946783161239078 0.26187150837988826 0.013502779984114376 0.023743016759776536
0 0.8212867355043686 0.24860335195530725 0.012708498808578236 0.025139664804469275
0 0.829626687847498 0.2702513966480447 0.011914217633042097 0.029329608938547486
0 0.8375694996028594 0.26187150837988826 0.013502779984114376 0.02653631284916201
0 0.8506751389992058 0.24930167597765363 0.011119936457505957 0.03212290502793296
0 0.8729150119142176 0.27932960893854747 0.014297061159650517 0.036312849162011177
0 0.8610007942811755 0.3149441340782123 0.012708498808578236 0.03212290502793296
0 0.8550436854646545 0.3393854748603352 0.015091342335186657 0.036312849162011177
0 0.8903891977760127 0.31773743016759776 0.012708498808578236 0.03212290502793296
0 0.9082605242255759 0.3393854748603352 0.015091342335186657 0.036312849162011177
0 0.9086576648133439 0.2918994413407821 0.014297061159650517 0.027932960893854747
0 0.9074662430500398 0.2737430167597765 0.011914217633042097 0.025139664804469275
0 0.45353455123113584 0.40432960893854747 0.023828435266084195 0.051675977653631286