0 0.080936729663106 0.45051194539249145 0.02875924404272802 0.06825938566552901
0 0.13599013968775678 0.5691126279863481 0.03368940016433854 0.07337883959044368
0 0.05751848808545604 0.37542662116040953 0.024650780608052588 0.06143344709897611
0 0.056696795398520954 0.20477815699658702 0.021364009860312245 0.03754266211604096
0 0.09120788824979457 0.09641638225255973 0.014790468364831553 0.025597269624573378
0 0.11544782251437963 0.18686006825938567 0.01725554642563681 0.03583617747440273
0 0.1589975349219392 0.12286689419795221 0.013968775677896467 0.03754266211604096
0 0.19063270336894 0.17064846416382254 0.014790468364831553 0.03754266211604096
0 0.17460969597370585 0.23208191126279865 0.015612161051766639 0.040955631399317405
0 0.24034511092851274 0.23976109215017063 0.02218570254724733 0.05631399317406143
0 0.21405094494658997 0.31313993174061433 0.02218570254724733 0.052901023890784986
0 0.21281840591618734 0.447098976109215 0.027937551355792935 0.05460750853242321
0 0.5493015612161052 0.4402730375426621 0.027115858668857847 0.07508532423208192
0 0.4560394412489729 0.25597269624573377 0.023007395234182416 0.04436860068259386
0 0.4864420706655711 0.197098976109215 0.018077239112571898 0.03924914675767918
0 0.5176663927691043 0.14334470989761092 0.014790468364831553 0.04436860068259386
0 0.5562859490550535 0.2696245733788396 0.023007395234182416 0.05460750853242321
0 0.6980279375513558 0.3216723549488055 0.020542317173377157 0.052901023890784986
0 0.36318816762530814 0.197098976109215 0.01972062448644207 0.03924914675767918
0 0.3167625308134758 0.20563139931740615 0.01725554642563681 0.032423208191126277
0 0.2953985209531635 0.17064846416382254 0.015612161051766639 0.03754266211604096
0 0.29745275267050125 0.1348122866894198 0.018077239112571898 0.03754266211604096
0 0.26170912078882497 0.09812286689419795 0.015612161051766639 0.032423208191126277
0 0.22884141331142152 0.1220136518771331 0.015612161051766639 0.02901023890784983
0 0.3705834018077239 0.06143344709897611 0.011503697617091208 0.030716723549488054
0 0.40016433853738703 0.06825938566552901 0.011503697617091208 0.030716723549488054
0 0.43303204601479045 0.1407849829351536 0.016433853738701727 0.03583617747440273
0 0.3874281018898932 0.1476109215017065 0.015612161051766639 0.032423208191126277
0 0.4408381265406738 0.06228668941979522 0.012325390304026294 0.025597269624573378
0 0.47165160230073955 0.10409556313993173 0.014790468364831553 0.030716723549488054
0 0.4753492193919474 0.1416382252559727 0.015612161051766639 0.030716723549488054
0 0.4930156121610518 0.09982935153583618 0.01314708299096138 0.02901023890784983
0 0.5176663927691043 0.08020477815699659 0.009860312243221035 0.023890784982935155
0 0.49465899753492193 0.04948805460750853 0.011503697617091208 0.027303754266211604
0 0.5542317173377157 0.05887372013651877 0.013968775677896467 0.032423208191126277
0 0.5842235004108464 0.17064846416382254 0.018077239112571898 0.04436860068259386
0 0.6228430566967954 0.20648464163822525 0.018077239112571898 0.040955631399317405
0 0.6047658175842235 0.09897610921501707 0.01314708299096138 0.030716723549488054
0 0.5846343467543139 0.07508532423208192 0.012325390304026294 0.030716723549488054
0 0.6351684470008216 0.08873720136518772 0.014790468364831553 0.027303754266211604
0 0.6684470008216927 0.128839590443686 0.015612161051766639 0.042662116040955635
0 0.7198027937551356 0.18344709897610922 0.014790468364831553 0.03924914675767918
0 0.7415776499589154 0.18600682593856654 0.013968775677896467 0.034129692832764506
0 0.7243221035332785 0.23976109215017063 0.01725554642563681 0.05631399317406143
0 0.7937551355792933 0.33361774744027306 0.027937551355792935 0.06313993174061433
0 0.7888249794576828 0.17747440273037543 0.01314708299096138 0.040955631399317405
0 0.8262119967132292 0.20051194539249148 0.01725554642563681 0.04607508532423208
0 0.8701725554642563 0.24061433447098976 0.016433853738701727 0.040955631399317405
0 0.891125718981101 0.2738907849829352 0.015612161051766639 0.04607508532423208
0 0.9449465899753492 0.3310580204778157 0.016433853738701727 0.051194539249146756