0 0.07854864433811802 0.4097902097902098 0.03110047846889952 0.06433566433566433
0 0.08253588516746412 0.36923076923076925 0.029505582137161084 0.06433566433566433
0 0.1547049441786284 0.3412587412587413 0.030303030303030304 0.06153846153846154
0 0.16626794258373206 0.3734265734265734 0.03588516746411483 0.07832167832167833
0 0.19258373205741627 0.3951048951048951 0.043859649122807015 0.07972027972027972
0 0.18859649122807018 0.3118881118881119 0.029505582137161084 0.055944055944055944
0 0.24082934609250398 0.2867132867132867 0.030303030303030304 0.06153846153846154
0 0.275518341307815 0.2776223776223776 0.029505582137161084 0.06293706293706294
0 0.29625199362041466 0.26223776223776224 0.029505582137161084 0.06293706293706294
0 0.3054226475279107 0.31888111888111886 0.03827751196172249 0.07272727272727272
0 0.3309409888357257 0.35244755244755244 0.03987240829346093 0.07552447552447553
0 0.37440191387559807 0.3944055944055944 0.04864433811802233 0.1006993006993007
0 0.4625199362041467 0.4405594405594406 0.05422647527910686 0.1006993006993007