0 0.18436578171091444 0.3181818181818182 0.03048180924287119 0.05317324185248713
0 0.20452310717797442 0.37564322469982847 0.03146509341199607 0.06518010291595197
0 0.2590953785644051 0.28216123499142365 0.028515240904621434 0.05660377358490566
0 0.2728613569321534 0.22298456260720412 0.024582104228121928 0.048027444253859346
0 0.3033431661750246 0.24099485420240138 0.02064896755162242 0.03945111492281304
0 0.3166175024582104 0.2538593481989708 0.021632251720747297 0.048027444253859346
0 0.33480825958702065 0.29845626072041165 0.0344149459193707 0.07547169811320754
0 0.3166175024582104 0.330188679245283 0.03146509341199607 0.04974271012006861
0 0.3495575221238938 0.41337907375643224 0.04424778761061947 0.0823327615780446
0 0.35742379547689285 0.3670668953687822 0.04228121927236971 0.06518010291595197
0 0.35742379547689285 0.23927958833619212 0.03048180924287119 0.0634648370497427
0 0.45427728613569324 0.24528301886792453 0.029498525073746312 0.06518010291595197
0 0.4523107177974435 0.20926243567753003 0.035398230088495575 0.048027444253859346
0 0.5457227138643068 0.28730703259005147 0.043264503441494594 0.08061749571183534