0 0.07789179104477612 0.38480801335559267 0.03264925373134328 0.06176961602671119
0 0.2798507462686567 0.24373956594323873 0.014925373134328358 0.0333889816360601
0 0.2994402985074627 0.24207011686143573 0.014925373134328358 0.04006677796327212
0 0.30783582089552236 0.2570951585976628 0.016791044776119403 0.03672787979966611
0 0.36100746268656714 0.25459098497495825 0.020522388059701493 0.038397328881469114
0 0.375 0.24040066777963273 0.016791044776119403 0.0333889816360601
0 0.3810634328358209 0.28046744574290483 0.021455223880597014 0.04340567612687813
0 0.3871268656716418 0.17696160267111852 0.016791044776119403 0.03005008347245409
0 0.40578358208955223 0.18530884808013356 0.018656716417910446 0.0333889816360601
0 0.4281716417910448 0.17028380634390652 0.020522388059701493 0.04006677796327212
0 0.44776119402985076 0.21619365609348914 0.018656716417910446 0.038397328881469114
0 0.45149253731343286 0.17612687813021702 0.014925373134328358 0.038397328881469114
0 0.4701492537313433 0.18030050083472454 0.016791044776119403 0.03672787979966611
0 0.47574626865671643 0.2270450751252087 0.022388059701492536 0.04006677796327212
0 0.47201492537313433 0.1343906510851419 0.013059701492537313 0.028380634390651086
0 0.4818097014925373 0.14440734557595994 0.01585820895522388 0.028380634390651086
0 0.5055970149253731 0.17779632721202004 0.018656716417910446 0.041736227045075125
0 0.5307835820895522 0.18530884808013356 0.020522388059701493 0.04006677796327212
0 0.5447761194029851 0.167779632721202 0.016791044776119403 0.038397328881469114
0 0.5046641791044776 0.12103505843071787 0.014925373134328358 0.028380634390651086
0 0.5186567164179104 0.13772954924874792 0.011194029850746268 0.025041736227045076
0 0.5279850746268657 0.14774624373956594 0.016791044776119403 0.028380634390651086
0 0.5666977611940298 0.1686143572621035 0.017723880597014924 0.03672787979966611
0 0.5494402985074627 0.12186978297161936 0.013059701492537313 0.02671118530884808
0 0.5611007462686567 0.11853088480801335 0.013992537313432836 0.02337228714524207
0 0.5816231343283582 0.1318864774624374 0.01585820895522388 0.0333889816360601
0 0.5923507462686567 0.11185308848080133 0.011194029850746268 0.03005008347245409
0 0.5970149253731343 0.09432387312186978 0.011194029850746268 0.021702838063439065
0 0.6142723880597015 0.12270450751252086 0.010261194029850746 0.025041736227045076
0 0.6268656716417911 0.14440734557595994 0.014925373134328358 0.03171953255425709
0 0.6403917910447762 0.10851419031719532 0.012126865671641791 0.0333889816360601
0 0.6473880597014925 0.09515859766277128 0.013059701492537313 0.02671118530884808
0 0.6646455223880597 0.10601001669449082 0.010261194029850746 0.03171953255425709
0 0.6571828358208955 0.12270450751252086 0.010261194029850746 0.025041736227045076
0 0.707089552238806 0.09849749582637729 0.011194029850746268 0.03005008347245409
0 0.6543843283582089 0.164440734557596 0.021455223880597014 0.045075125208681135
0 0.5107276119402985 0.28213689482470783 0.025186567164179104 0.05676126878130217
0 0.5648320895522388 0.2913188647746244 0.02332089552238806 0.05175292153589316
0 0.5783582089552238 0.2362270450751252 0.024253731343283583 0.038397328881469114
0 0.6296641791044776 0.2370617696160267 0.020522388059701493 0.0333889816360601
0 0.6357276119402985 0.2921535893155259 0.027052238805970148 0.05008347245409015
0 0.6301305970149254 0.19532554257095158 0.01585820895522388 0.04006677796327212
0 0.6567164179104478 0.21035058430717862 0.018656716417910446 0.04006677796327212
0 0.6786380597014925 0.15108514190317196 0.017723880597014924 0.038397328881469114
0 0.7028917910447762 0.1636060100166945 0.01585820895522388 0.04006677796327212
0 0.7262126865671642 0.15859766277128548 0.017723880597014924 0.0333889816360601
0 0.7299440298507462 0.19532554257095158 0.01958955223880597 0.04340567612687813
0 0.7052238805970149 0.22287145242070117 0.018656716417910446 0.041736227045075125
0 0.7346082089552238 0.24290484140233723 0.021455223880597014 0.048414023372287146
0 0.6949626865671642 0.3013355592654424 0.029850746268656716 0.06176961602671119
0 0.7453358208955224 0.3631051752921536 0.03171641791044776 0.07512520868113523
0 0.7817164179104478 0.2913188647746244 0.029850746268656716 0.06176961602671119
0 0.8185634328358209 0.34641068447412354 0.03451492537313433 0.05843071786310518
0 0.7639925373134329 0.21202003338898165 0.022388059701492536 0.05676126878130217
0 0.7859141791044776 0.19282136894824708 0.01958955223880597 0.045075125208681135
0 0.8148320895522388 0.24457429048414023 0.021455223880597014 0.048414023372287146
0 0.8292910447761194 0.19782971619365608 0.016791044776119403 0.045075125208681135
0 0.8111007462686567 0.13606010016694492 0.013992537313432836 0.035058430717863104
0 0.7854477611940298 0.13772954924874792 0.014925373134328358 0.03171953255425709
0 0.7663246268656716 0.12353923205342238 0.013992537313432836 0.03005008347245409
0 0.738339552238806 0.1318864774624374 0.01585820895522388 0.03672787979966611
0 0.7434701492537313 0.11185308848080133 0.014925373134328358 0.03005008347245409
0 0.8549440298507462 0.28213689482470783 0.021455223880597014 0.05676126878130217
0 0.9183768656716418 0.41068447412353926 0.03824626865671642 0.07345575959933222
0 0.9104477611940298 0.2854757929883139 0.024253731343283583 0.05676126878130217
0 0.8722014925373134 0.2045075125208681 0.018656716417910446 0.035058430717863104
0 0.8544776119402985 0.16277128547579298 0.013059701492537313 0.035058430717863104
0 0.8577425373134329 0.13939899833055092 0.012126865671641791 0.028380634390651086
0 0.8661380597014925 0.12270450751252086 0.013992537313432836 0.03171953255425709
0 0.832089552238806 0.1318864774624374 0.014925373134328358 0.0333889816360601
0 0.8889925373134329 0.18447412353923207 0.016791044776119403 0.03171953255425709
0 0.8931902985074627 0.15776293823038398 0.013992537313432836 0.03171953255425709
0 0.9043843283582089 0.14524207011686144 0.012126865671641791 0.03005008347245409
0 0.9309701492537313 0.15859766277128548 0.011194029850746268 0.02337228714524207
0 0.9225746268656716 0.2036727879799666 0.018656716417910446 0.03672787979966611
0 0.9197761194029851 0.25542570951585974 0.016791044776119403 0.03672787979966611