0 0.09652509652509653 0.5 0.05405405405405406 0.10508474576271186
0 0.2808880308880309 0.21694915254237288 0.017374517374517374 0.03728813559322034
0 0.3026061776061776 0.2245762711864407 0.01833976833976834 0.03559322033898305
0 0.3277027027027027 0.2347457627118644 0.016409266409266408 0.03559322033898305
0 0.34555984555984554 0.18983050847457628 0.017374517374517374 0.03389830508474576
0 0.3518339768339768 0.17542372881355933 0.01833976833976834 0.03220338983050847
0 0.3764478764478765 0.18898305084745762 0.015444015444015444 0.03559322033898305
0 0.3909266409266409 0.18983050847457628 0.021235521235521235 0.04406779661016949
0 0.37934362934362936 0.2364406779661017 0.021235521235521235 0.0423728813559322
0 0.4247104247104247 0.2271186440677966 0.023166023166023165 0.05084745762711865
0 0.41312741312741313 0.18389830508474575 0.019305019305019305 0.0423728813559322
0 0.45077220077220076 0.21694915254237288 0.021235521235521235 0.04406779661016949
0 0.47876447876447875 0.2135593220338983 0.025096525096525095 0.05084745762711865
0 0.48503861003861004 0.18305084745762712 0.02027027027027027 0.030508474576271188
0 0.5062741312741312 0.18220338983050846 0.016409266409266408 0.03898305084745763
0 0.4435328185328185 0.1669491525423729 0.02027027027027027 0.0423728813559322
0 0.4222972972972973 0.13898305084745763 0.012548262548262547 0.03389830508474576
0 0.45994208494208494 0.14745762711864407 0.016409266409266408 0.03389830508474576
0 0.46959459459459457 0.15508474576271186 0.01447876447876448 0.03220338983050847
0 0.47055984555984554 0.1271186440677966 0.016409266409266408 0.023728813559322035
0 0.49131274131274133 0.1288135593220339 0.011583011583011582 0.02711864406779661
0 0.502895752895753 0.11949152542372882 0.013513513513513514 0.025423728813559324
0 0.5111003861003861 0.13474576271186442 0.01447876447876448 0.03559322033898305
0 0.5260617760617761 0.11779661016949153 0.011583011583011582 0.0288135593220339
0 0.527027027027027 0.15677966101694915 0.015444015444015444 0.03220338983050847
0 0.5526061776061776 0.15254237288135594 0.016409266409266408 0.030508474576271188
0 0.5472972972972973 0.13813559322033897 0.015444015444015444 0.025423728813559324
0 0.5535714285714286 0.11610169491525424 0.012548262548262547 0.025423728813559324
0 0.5603281853281853 0.13474576271186442 0.016409266409266408 0.022033898305084745
0 0.584942084942085 0.1652542372881356 0.019305019305019305 0.03898305084745763
0 0.5593629343629344 0.1788135593220339 0.01833976833976834 0.03559322033898305
0 0.5786679536679536 0.10932203389830508 0.012548262548262547 0.0288135593220339
0 0.5892857142857143 0.10762711864406779 0.01447876447876448 0.0288135593220339
0 0.6003861003861004 0.12457627118644068 0.013513513513513514 0.0288135593220339
0 0.6172779922779923 0.10677966101694915 0.01447876447876448 0.02711864406779661
0 0.6245173745173745 0.14067796610169492 0.013513513513513514 0.03389830508474576
0 0.6293436293436293 0.11949152542372882 0.015444015444015444 0.025423728813559324
0 0.6423745173745173 0.1059322033898305 0.01447876447876448 0.0288135593220339
0 0.6645752895752896 0.12966101694915255 0.016409266409266408 0.03220338983050847
0 0.6597490347490348 0.11101694915254237 0.012548262548262547 0.022033898305084745
0 0.668918918918919 0.09661016949152543 0.011583011583011582 0.02711864406779661
0 0.694015444015444 0.1 0.009652509652509652 0.023728813559322035
0 0.6916023166023166 0.12203389830508475 0.01447876447876448 0.023728813559322035
0 0.7041505791505791 0.15 0.016409266409266408 0.03220338983050847
0 0.7200772200772201 0.10677966101694915 0.011583011583011582 0.030508474576271188
0 0.569980694980695 0.23389830508474577 0.0222007722007722 0.04745762711864407
0 0.5521235521235521 0.2796610169491525 0.03474903474903475 0.0711864406779661
0 0.4951737451737452 0.2745762711864407 0.02702702702702703 0.05423728813559322
0 0.6143822393822393 0.30847457627118646 0.029922779922779922 0.06779661016949153
0 0.6245173745173745 0.2440677966101695 0.025096525096525095 0.05084745762711865
0 0.6341698841698842 0.19830508474576272 0.015444015444015444 0.03728813559322034
0 0.6698841698841699 0.17711864406779662 0.019305019305019305 0.03559322033898305
0 0.7234555984555985 0.1805084745762712 0.01833976833976834 0.04915254237288136
0 0.7355212355212355 0.14322033898305084 0.015444015444015444 0.03898305084745763
0 0.7524131274131274 0.12966101694915255 0.016409266409266408 0.03559322033898305
0 0.7635135135135135 0.15 0.015444015444015444 0.03220338983050847
0 0.7451737451737451 0.16440677966101694 0.015444015444015444 0.03728813559322034
0 0.7364864864864865 0.2135593220338983 0.021235521235521235 0.04406779661016949
0 0.6713320463320464 0.26949152542372884 0.026061776061776062 0.05423728813559322
0 0.6998069498069498 0.3042372881355932 0.02895752895752896 0.06271186440677966
0 0.7355212355212355 0.28983050847457625 0.023166023166023165 0.05423728813559322
0 0.7480694980694981 0.3644067796610169 0.03667953667953668 0.0711864406779661
0 0.8257722007722008 0.39152542372881355 0.037644787644787646 0.0711864406779661
0 0.9068532818532818 0.42033898305084744 0.03957528957528957 0.08813559322033898
0 0.8455598455598455 0.30338983050847457 0.032818532818532815 0.06779661016949153
0 0.7828185328185329 0.30847457627118646 0.02702702702702703 0.0576271186440678
0 0.7726833976833977 0.23220338983050848 0.0222007722007722 0.05084745762711865
0 0.7611003861003861 0.19491525423728814 0.01833976833976834 0.04745762711864407
0 0.7968146718146718 0.15254237288135594 0.016409266409266408 0.03728813559322034
0 0.8016409266409267 0.13135593220338984 0.01447876447876448 0.025423728813559324
0 0.8166023166023166 0.15254237288135594 0.017374517374517374 0.04067796610169491
0 0.8064671814671814 0.19406779661016949 0.02413127413127413 0.03898305084745763
0 0.8194980694980695 0.22966101694915253 0.021235521235521235 0.04915254237288136
0 0.8754826254826255 0.2635593220338983 0.025096525096525095 0.05254237288135593
0 0.8904440154440154 0.22542372881355932 0.02027027027027027 0.04745762711864407
0 0.928088803088803 0.2076271186440678 0.02027027027027027 0.0423728813559322
0 0.9251930501930502 0.2754237288135593 0.02413127413127413 0.05254237288135593
0 0.917953667953668 0.338135593220339 0.02702702702702703 0.06271186440677966