0 0.06750465549348231 0.4882154882154882 0.04562383612662942 0.09090909090909091
0 0.2569832402234637 0.26851851851851855 0.0223463687150838 0.03535353535353535
0 0.2811918063314711 0.2609427609427609 0.0186219739292365 0.03367003367003367
0 0.31797020484171323 0.23905723905723905 0.017690875232774673 0.04040404040404041
0 0.324487895716946 0.2112794612794613 0.015828677839851025 0.03872053872053872
0 0.340316573556797 0.21717171717171718 0.013966480446927373 0.04040404040404041
0 0.3370577281191806 0.25336700336700335 0.0186219739292365 0.03872053872053872
0 0.34962756052141525 0.2601010101010101 0.021415270018621976 0.03872053872053872
0 0.3915270018621974 0.281986531986532 0.019553072625698324 0.045454545454545456
0 0.37988826815642457 0.26851851851851855 0.0186219739292365 0.04882154882154882
0 0.35614525139664804 0.22053872053872053 0.019553072625698324 0.04040404040404041
0 0.37662942271880817 0.18434343434343434 0.013966480446927373 0.03535353535353535
0 0.3919925512104283 0.21296296296296297 0.01675977653631285 0.03535353535353535
0 0.3994413407821229 0.1776094276094276 0.0148975791433892 0.02861952861952862
0 0.41527001862197394 0.1835016835016835 0.0148975791433892 0.04040404040404041
0 0.4366852886405959 0.19023569023569023 0.01675977653631285 0.037037037037037035
0 0.4445996275605214 0.21632996632996632 0.019553072625698324 0.045454545454545456
0 0.47392923649906893 0.22643097643097643 0.0223463687150838 0.04208754208754209
0 0.473463687150838 0.19107744107744107 0.017690875232774673 0.03535353535353535
0 0.4594972067039106 0.1388888888888889 0.015828677839851025 0.03198653198653199
0 0.473463687150838 0.15404040404040403 0.015828677839851025 0.03198653198653199
0 0.49022346368715086 0.16077441077441076 0.015828677839851025 0.02861952861952862
0 0.4818435754189944 0.1271043771043771 0.012104283054003724 0.025252525252525252
0 0.5069832402234636 0.18518518518518517 0.017690875232774673 0.037037037037037035
0 0.5176908752327747 0.1675084175084175 0.01675977653631285 0.02861952861952862
0 0.5353817504655494 0.18771043771043772 0.0186219739292365 0.04208754208754209
0 0.5554003724394786 0.23905723905723905 0.023277467411545624 0.050505050505050504
0 0.5633147113594041 0.1632996632996633 0.01675977653631285 0.03367003367003367
0 0.5507448789571695 0.1574074074074074 0.015828677839851025 0.03198653198653199
0 0.5600558659217877 0.12037037037037036 0.013966480446927373 0.03198653198653199
0 0.5870577281191807 0.13973063973063973 0.013966480446927373 0.030303030303030304
0 0.5842644320297952 0.11531986531986532 0.012104283054003724 0.025252525252525252
0 0.6080074487895717 0.14646464646464646 0.0148975791433892 0.030303030303030304
0 0.6131284916201117 0.11616161616161616 0.015828677839851025 0.026936026936026935
0 0.6336126629422719 0.1447811447811448 0.019553072625698324 0.030303030303030304
0 0.638268156424581 0.11616161616161616 0.012104283054003724 0.026936026936026935
0 0.680633147113594 0.12205387205387205 0.0148975791433892 0.02861952861952862
0 0.686219739292365 0.14646464646464646 0.020484171322160148 0.037037037037037035
0 0.6452513966480447 0.18602693602693604 0.020484171322160148 0.03872053872053872
0 0.6568901303538175 0.20622895622895623 0.021415270018621976 0.045454545454545456
0 0.500465549348231 0.28114478114478114 0.027001862197392923 0.050505050505050504
0 0.5810055865921788 0.29124579124579125 0.0260707635009311 0.050505050505050504
0 0.6121973929236499 0.31313131313131315 0.028864059590316574 0.05723905723905724
0 0.6229050279329609 0.24831649831649832 0.024208566108007448 0.04882154882154882
0 0.6266294227188082 0.20117845117845118 0.020484171322160148 0.03535353535353535
0 0.6708566108007449 0.24579124579124578 0.023277467411545624 0.05387205387205387
0 0.7057728119180633 0.21632996632996632 0.0223463687150838 0.04208754208754209
0 0.6927374301675978 0.18855218855218855 0.01675977653631285 0.04040404040404041
0 0.7216014897579144 0.1675084175084175 0.0148975791433892 0.03872053872053872
0 0.7132216014897579 0.13383838383838384 0.01303538175046555 0.03198653198653199
0 0.7295158286778398 0.13636363636363635 0.015828677839851025 0.030303030303030304
0 0.7518621973929237 0.1632996632996633 0.015828677839851025 0.03367003367003367
0 0.765828677839851 0.18771043771043772 0.019553072625698324 0.045454545454545456
0 0.729050279329609 0.1994949494949495 0.020484171322160148 0.045454545454545456
0 0.7728119180633147 0.23484848484848486 0.0223463687150838 0.05218855218855219
0 0.7486033519553073 0.29292929292929293 0.0260707635009311 0.06060606060606061
0 0.722998137802607 0.2777777777777778 0.021415270018621976 0.050505050505050504
0 0.8384543761638734 0.2937710437710438 0.023277467411545624 0.05218855218855219
0 0.8528864059590316 0.24242424242424243 0.0223463687150838 0.050505050505050504
0 0.8147113594040968 0.20286195286195285 0.0186219739292365 0.04208754208754209
0 0.7932960893854749 0.16161616161616163 0.01675977653631285 0.04040404040404041
0 0.7756052141527002 0.14646464646464646 0.01675977653631285 0.030303030303030304
0 0.7630353817504656 0.12289562289562289 0.013966480446927373 0.030303030303030304
0 0.7527932960893855 0.13215488215488216 0.015828677839851025 0.02861952861952862
0 0.8044692737430168 0.12289562289562289 0.0148975791433892 0.02356902356902357
0 0.8216945996275605 0.1473063973063973 0.013966480446927373 0.02861952861952862
0 0.8342644320297952 0.17424242424242425 0.0186219739292365 0.04208754208754209
0 0.8482309124767226 0.14983164983164984 0.01303538175046555 0.030303030303030304
0 0.8817504655493482 0.20202020202020202 0.01675977653631285 0.04040404040404041
0 0.9008379888268156 0.2112794612794613 0.015828677839851025 0.045454545454545456
0 0.9227188081936686 0.26262626262626265 0.024208566108007448 0.06060606060606061
0 0.8859404096834265 0.1675084175084175 0.017690875232774673 0.03872053872053872