0 0.08963282937365011 0.2653846153846154 0.02159827213822894 0.05
0 0.15172786177105832 0.24423076923076922 0.020518358531317494 0.04230769230769231
0 0.1765658747300216 0.23173076923076924 0.024838012958963283 0.051923076923076926
0 0.3120950323974082 0.23365384615384616 0.02159827213822894 0.04423076923076923
0 0.3601511879049676 0.19134615384615383 0.016198704103671708 0.03653846153846154
0 0.43034557235421167 0.26634615384615384 0.020518358531317494 0.04423076923076923
0 0.41576673866090713 0.20384615384615384 0.019438444924406047 0.038461538461538464
0 0.4470842332613391 0.2326923076923077 0.02159827213822894 0.03461538461538462
0 0.4454643628509719 0.18269230769230768 0.020518358531317494 0.038461538461538464
0 0.48488120950323976 0.1778846153846154 0.02159827213822894 0.03653846153846154
0 0.45950323974082075 0.1423076923076923 0.016198704103671708 0.026923076923076925
0 0.5453563714902808 0.19134615384615383 0.019438444924406047 0.032692307692307694
0 0.5502159827213823 0.1701923076923077 0.0183585313174946 0.032692307692307694
0 0.6263498920086393 0.32211538461538464 0.02591792656587473 0.0673076923076923
0 0.6706263498920086 0.33942307692307694 0.03023758099352052 0.07884615384615384
0 0.6371490280777538 0.26346153846153847 0.02159827213822894 0.04230769230769231
0 0.67170626349892 0.28557692307692306 0.023758099352051837 0.051923076923076926
0 0.6279697624190065 0.2201923076923077 0.02267818574514039 0.04423076923076923
0 0.6663066954643628 0.17211538461538461 0.019438444924406047 0.04423076923076923
0 0.6711663066954644 0.2230769230769231 0.020518358531317494 0.046153846153846156
0 0.7311015118790497 0.23557692307692307 0.02159827213822894 0.04423076923076923
0 0.812634989200864 0.25576923076923075 0.024838012958963283 0.05
0 0.8682505399568035 0.26826923076923076 0.02159827213822894 0.05576923076923077
0 0.6328293736501079 0.12692307692307692 0.01511879049676026 0.03461538461538462
0 0.9319654427645788 0.24519230769230768 0.017278617710583154 0.04038461538461539