0 0.17524271844660194 0.4930675909878683 0.043689320388349516 0.08838821490467938
0 0.2757281553398058 0.2634315424610052 0.017475728155339806 0.03119584055459272
0 0.3907766990291262 0.27469670710571925 0.018446601941747572 0.03986135181975736
0 0.40194174757281553 0.22616984402079723 0.015533980582524271 0.029462738301559793
0 0.45097087378640777 0.22010398613518198 0.01650485436893204 0.03119584055459272
0 0.3742718446601942 0.21143847487001732 0.01650485436893204 0.03466204506065858
0 0.3611650485436893 0.18804159445407279 0.013592233009708738 0.029462738301559793
0 0.41359223300970877 0.158578856152513 0.013592233009708738 0.025996533795493933
0 0.5058252427184466 0.12131715771230503 0.011650485436893204 0.02079722703639515
0 0.5247572815533981 0.13258232235701906 0.01262135922330097 0.022530329289428077
0 0.5461165048543689 0.1265164644714038 0.010679611650485437 0.024263431542461005
0 0.5577669902912621 0.10311958405545928 0.01262135922330097 0.022530329289428077
0 0.5805825242718446 0.1169844020797227 0.011650485436893204 0.025996533795493933
0 0.5563106796116505 0.18457538994800693 0.015533980582524271 0.029462738301559793
0 0.6101941747572815 0.15251299826689774 0.014563106796116505 0.02772963604852686
0 0.4771844660194175 0.31629116117850953 0.02621359223300971 0.043327556325823226
0 0.5344660194174757 0.3327556325823224 0.020388349514563107 0.0415944540727903
0 0.574757281553398 0.24523396880415946 0.019417475728155338 0.036395147313691506
0 0.6053398058252427 0.26776429809358754 0.020388349514563107 0.043327556325823226
0 0.6572815533980583 0.2097053726169844 0.015533980582524271 0.03119584055459272
0 0.6553398058252428 0.16724436741767765 0.017475728155339806 0.03292894280762565
0 0.6844660194174758 0.14211438474870017 0.017475728155339806 0.0415944540727903
0 0.7349514563106796 0.12218370883882149 0.021359223300970873 0.04679376083188908
0 0.7194174757281553 0.24956672443674177 0.02524271844660194 0.04852686308492201
0 0.6820388349514563 0.3145580589254766 0.02621359223300971 0.07105719237435008
0 0.7257281553398058 0.34488734835355284 0.030097087378640777 0.06932409012131716
0 0.7776699029126214 0.2703639514731369 0.021359223300970873 0.04852686308492201
0 0.7543689320388349 0.2218370883882149 0.015533980582524271 0.0415944540727903
0 0.7786407766990291 0.18284228769497402 0.015533980582524271 0.036395147313691506
0 0.7932038834951456 0.24696707105719237 0.017475728155339806 0.036395147313691506
0 0.8063106796116505 0.3431542461005199 0.02621359223300971 0.058925476603119586
0 0.8315533980582525 0.2972270363951473 0.02621359223300971 0.05025996533795494
0 0.8703883495145631 0.3847487001733102 0.03398058252427184 0.07279029462738301
0 0.8859223300970874 0.30849220103986136 0.02621359223300971 0.06932409012131716
0 0.7985436893203883 0.12998266897746968 0.01262135922330097 0.03119584055459272
0 0.8262135922330097 0.13778162911611785 0.011650485436893204 0.029462738301559793
0 0.8495145631067961 0.14211438474870017 0.011650485436893204 0.02772963604852686
0 0.8407766990291262 0.11351819757365685 0.011650485436893204 0.025996533795493933
0 0.8606796116504855 0.11871750433275563 0.01262135922330097 0.029462738301559793
0 0.891747572815534 0.13518197573656845 0.010679611650485437 0.03119584055459272
0 0.9257281553398058 0.15164644714038128 0.010679611650485437 0.025996533795493933