0 0.13464696223316913 0.5371959942775394 0.041050903119868636 0.07296137339055794
0 0.22660098522167488 0.34763948497854075 0.019704433497536946 0.031473533619456366
0 0.25985221674876846 0.37052932761087265 0.017241379310344827 0.04005722460658083
0 0.2959770114942529 0.3698140200286123 0.018883415435139574 0.044349070100143065
0 0.2889983579638752 0.3218884120171674 0.021346469622331693 0.03719599427753934
0 0.3563218390804598 0.30686695278969955 0.0180623973727422 0.030042918454935622
0 0.34195402298850575 0.36909871244635195 0.030377668308702793 0.03719599427753934
0 0.3817733990147783 0.3419170243204578 0.014778325123152709 0.034334763948497854
0 0.40681444991789817 0.3497854077253219 0.020525451559934318 0.0357653791130186
0 0.4088669950738916 0.3082975679542203 0.0180623973727422 0.02145922746781116
0 0.3879310344827586 0.28683834048640916 0.017241379310344827 0.027181688125894134
0 0.40763546798029554 0.2875536480686695 0.013957307060755337 0.017167381974248927
0 0.4281609195402299 0.2632331902718169 0.015599343185550082 0.022889842632331903
0 0.44622331691297207 0.26895565092989987 0.013957307060755337 0.022889842632331903
0 0.4523809523809524 0.34620886981402005 0.019704433497536946 0.034334763948497854
0 0.4700328407224959 0.41487839771101576 0.030377668308702793 0.04864091559370529
0 0.5229885057471264 0.45565092989985695 0.034482758620689655 0.044349070100143065
0 0.5907224958949097 0.4592274678111588 0.028735632183908046 0.06294706723891273
0 0.6403940886699507 0.48783977110157367 0.0361247947454844 0.060085836909871244
0 0.7052545155993432 0.5550786838340487 0.03284072249589491 0.06866952789699571
0 0.8292282430213465 0.5236051502145923 0.031198686371100164 0.06866952789699571
0 0.8493431855500821 0.4728183118741059 0.035303776683087026 0.058655221745350504
0 0.9146141215106732 0.49356223175965663 0.024630541871921183 0.06580829756795423
0 0.8604269293924466 0.37839771101573677 0.022988505747126436 0.044349070100143065
0 0.8119868637110016 0.36838340486409155 0.019704433497536946 0.04148783977110158
0 0.7750410509031199 0.4427753934191702 0.031198686371100164 0.055793991416309016
0 0.7196223316912972 0.413447782546495 0.028735632183908046 0.05436337625178827
0 0.6600985221674877 0.37553648068669526 0.021346469622331693 0.05007153075822604
0 0.59688013136289 0.4027181688125894 0.03284072249589491 0.04148783977110158
0 0.5365353037766831 0.35550786838340487 0.023809523809523808 0.03862660944206009
0 0.5110837438423645 0.32331902718168815 0.017241379310344827 0.031473533619456366
0 0.4700328407224959 0.3197424892703863 0.023809523809523808 0.027181688125894134
0 0.575944170771757 0.28898426323319026 0.015599343185550082 0.031473533619456366
0 0.6005747126436781 0.3383404864091559 0.022167487684729065 0.03862660944206009
0 0.6416256157635468 0.3655221745350501 0.015599343185550082 0.0357653791130186
0 0.5242200328407225 0.2825464949928469 0.015599343185550082 0.027181688125894134
0 0.5086206896551724 0.27253218884120173 0.013957307060755337 0.027181688125894134
0 0.5307881773399015 0.2525035765379113 0.010673234811165846 0.027181688125894134
0 0.5500821018062397 0.25178826895565093 0.013136288998357963 0.02861230329041488
0 0.562807881773399 0.2317596566523605 0.012315270935960592 0.01430615164520744
0 0.5792282430213465 0.21888412017167383 0.013957307060755337 0.031473533619456366
0 0.46921182266009853 0.24034334763948498 0.012315270935960592 0.017167381974248927
0 0.5853858784893268 0.26108726752503575 0.013136288998357963 0.024320457796852647
0 0.6030377668308703 0.25393419170243203 0.013957307060755337 0.030042918454935622
0 0.6120689655172413 0.20743919885550788 0.012315270935960592 0.022889842632331903
0 0.6268472906403941 0.21745350500715308 0.012315270935960592 0.02575107296137339
0 0.6408045977011494 0.22603719599427755 0.012315270935960592 0.022889842632331903
0 0.6999178981937603 0.22675250357653792 0.013957307060755337 0.024320457796852647
0 0.6420361247947455 0.25464949928469244 0.016420361247947456 0.02575107296137339
0 0.6707717569786535 0.2832618025751073 0.013136288998357963 0.02575107296137339
0 0.6793924466338259 0.2296137339055794 0.010673234811165846 0.02145922746781116
0 0.6625615763546798 0.22031473533619456 0.009852216748768473 0.020028612303290415
0 0.6408045977011494 0.3090128755364807 0.018883415435139574 0.03719599427753934
0 0.6843185550082101 0.3190271816881259 0.018883415435139574 0.03719599427753934
0 0.7142857142857143 0.3061516452074392 0.013136288998357963 0.03719599427753934
0 0.7048440065681445 0.2625178826895565 0.012315270935960592 0.030042918454935622
0 0.7339901477832512 0.2525035765379113 0.009852216748768473 0.02145922746781116
0 0.7438423645320197 0.2625178826895565 0.008210180623973728 0.032904148783977114
0 0.763136288998358 0.2317596566523605 0.017241379310344827 0.02575107296137339
0 0.7610837438423645 0.2632331902718169 0.011494252873563218 0.02861230329041488
0 0.7762725779967159 0.2861230329041488 0.010673234811165846 0.03719599427753934
0 0.785303776683087 0.24606580829756797 0.013957307060755337 0.02861230329041488
0 0.8041871921182266 0.24821173104434907 0.018883415435139574 0.027181688125894134
0 0.8234811165845649 0.27896995708154504 0.009852216748768473 0.031473533619456366
0 0.8448275862068966 0.2582260371959943 0.014778325123152709 0.030042918454935622
0 0.8559113300492611 0.2832618025751073 0.010673234811165846 0.03719599427753934
0 0.867816091954023 0.2782546494992847 0.006568144499178982 0.03862660944206009
0 0.8780788177339901 0.2632331902718169 0.010673234811165846 0.031473533619456366
0 0.8961412151067324 0.28183118741058655 0.013957307060755337 0.031473533619456366
0 0.9376026272577996 0.2753934191702432 0.009852216748768473 0.032904148783977114
0 0.9310344827586207 0.3147353361945637 0.013136288998357963 0.02575107296137339
0 0.8070607553366174 0.2982832618025751 0.014778325123152709 0.030042918454935622
0 0.840311986863711 0.315450643776824 0.017241379310344827 0.0357653791130186
0 0.8682266009852216 0.33905579399141633 0.017241379310344827 0.031473533619456366
0 0.9068144499178982 0.3340486409155937 0.015599343185550082 0.030042918454935622
0 0.9355500821018062 0.36194563662374823 0.017241379310344827 0.04005722460658083
0 0.6892446633825944 0.3741058655221745 0.020525451559934318 0.044349070100143065
0 0.8230706075533661 0.3333333333333333 0.017241379310344827 0.022889842632331903