0 0.2029934518241347 0.4384359400998336 0.04490177736202058 0.09816971713810316
0 0.23854069223573432 0.3610648918469218 0.037418147801683815 0.09317803660565724
0 0.2754911131898971 0.2021630615640599 0.019644527595884004 0.03826955074875208
0 0.333021515434986 0.28618968386023297 0.018709073900841908 0.036605657237936774
0 0.3517305893358279 0.25707154742096505 0.013096351730589336 0.03494176372712146
0 0.4331150608044902 0.28286189683860236 0.02245088868101029 0.03993344425956739
0 0.3844714686623012 0.1913477537437604 0.013096351730589336 0.026622296173044926
0 0.42282507015902715 0.2237936772046589 0.014967259120673527 0.028286189683860232
0 0.4462114125350795 0.22795341098169716 0.014967259120673527 0.029950083194675542
0 0.44948550046772684 0.19051580698835274 0.01216089803554724 0.03161397670549085
0 0.47333956969130025 0.20299500831946754 0.014967259120673527 0.026622296173044926
0 0.5252572497661365 0.21048252911813645 0.01777362020579981 0.03494176372712146
0 0.480355472404116 0.16472545757071547 0.015902712815715623 0.02329450915141431
0 0.47427502338634236 0.17970049916805325 0.013096351730589336 0.02329450915141431
0 0.4546304957904584 0.15391014975041598 0.013096351730589336 0.021630615640599003
0 0.4700654817586529 0.15307820299500832 0.01216089803554724 0.019966722129783693
0 0.4845650140318054 0.13394342762063227 0.009354536950420954 0.021630615640599003
0 0.5102899906454631 0.16306156405990016 0.01028999064546305 0.019966722129783693
0 0.5308699719363892 0.14143094841930118 0.015902712815715623 0.029950083194675542
0 0.558933582787652 0.15224625623960067 0.01216089803554724 0.024958402662229616
0 0.5809167446211413 0.1622296173044925 0.011225444340505144 0.028286189683860232
0 0.5729653882132835 0.11231281198003328 0.01028999064546305 0.024958402662229616
0 0.6304957904583723 0.07071547420965059 0.011225444340505144 0.024958402662229616
0 0.4812909260991581 0.3261231281198003 0.025257249766136577 0.04658901830282862
0 0.6019644527595884 0.25374376039933444 0.019644527595884004 0.04159733777038269
0 0.6604303086997194 0.24875207986688852 0.02245088868101029 0.04492512479201331
0 0.7179607109448082 0.28618968386023297 0.021515434985968196 0.04658901830282862
0 0.7726847521047708 0.30782029950083195 0.02245088868101029 0.04658901830282862
0 0.6978484565014031 0.18136439267886856 0.01683816651075772 0.036605657237936774
0 0.686155285313377 0.1589018302828619 0.01403180542563143 0.03826955074875208
0 0.6884939195509823 0.09983361064891846 0.013096351730589336 0.029950083194675542
0 0.7198316183348924 0.07154742096505824 0.01403180542563143 0.026622296173044926
0 0.754911131898971 0.11064891846921797 0.013096351730589336 0.028286189683860232
0 0.7474275023386342 0.1314475873544093 0.014967259120673527 0.033277870216306155
0 0.7310570626753976 0.16555740432612312 0.01216089803554724 0.028286189683860232
0 0.7142188961646398 0.15391014975041598 0.01403180542563143 0.028286189683860232
0 0.7563143124415341 0.1713810316139767 0.01403180542563143 0.026622296173044926
0 0.7993451824134705 0.18552412645590682 0.015902712815715623 0.03494176372712146
0 0.813376987839102 0.1314475873544093 0.01028999064546305 0.029950083194675542
0 0.8507951356407858 0.19883527454242927 0.015902712815715623 0.03826955074875208
0 0.8737137511693172 0.23128119800332778 0.014967259120673527 0.04326123128119801