0 0.1130952380952381 0.563301282051282 0.046825396825396826 0.11698717948717949
0 0.22857142857142856 0.2724358974358974 0.022222222222222223 0.05448717948717949
0 0.2650793650793651 0.25240384615384615 0.020634920634920634 0.049679487179487176
0 0.3115079365079365 0.24118589743589744 0.018253968253968255 0.04006410256410257
0 0.32261904761904764 0.21474358974358973 0.018253968253968255 0.04487179487179487
0 0.3373015873015873 0.23237179487179488 0.01904761904761905 0.04807692307692308
0 0.35753968253968255 0.21233974358974358 0.01507936507936508 0.04006410256410257
0 0.376984126984127 0.26842948717948717 0.020634920634920634 0.046474358974358976
0 0.37777777777777777 0.1987179487179487 0.015873015873015872 0.038461538461538464
0 0.39444444444444443 0.20673076923076922 0.015873015873015872 0.038461538461538464
0 0.4087301587301587 0.23798076923076922 0.01904761904761905 0.04006410256410257
0 0.42023809523809524 0.1778846153846154 0.011904761904761904 0.028846153846153848
0 0.4380952380952381 0.19391025641025642 0.01746031746031746 0.038461538461538464
0 0.44166666666666665 0.3036858974358974 0.023015873015873017 0.05608974358974359
0 0.4777777777777778 0.24599358974358973 0.022222222222222223 0.04326923076923077
0 0.4626984126984127 0.1642628205128205 0.014285714285714285 0.03365384615384615
0 0.473015873015873 0.16987179487179488 0.014285714285714285 0.035256410256410256
0 0.4865079365079365 0.16987179487179488 0.01746031746031746 0.041666666666666664
0 0.498015873015873 0.15865384615384615 0.013492063492063493 0.035256410256410256
0 0.5023809523809524 0.20993589743589744 0.01746031746031746 0.038461538461538464
0 0.5317460317460317 0.16506410256410256 0.015873015873015872 0.03205128205128205
0 0.5571428571428572 0.1642628205128205 0.012698412698412698 0.030448717948717948
0 0.5603174603174603 0.14342948717948717 0.014285714285714285 0.03365384615384615
0 0.5571428571428572 0.21394230769230768 0.01746031746031746 0.04006410256410257
0 0.5742063492063492 0.20272435897435898 0.01507936507936508 0.03365384615384615
0 0.5865079365079365 0.1794871794871795 0.012698412698412698 0.035256410256410256
0 0.584920634920635 0.14182692307692307 0.014285714285714285 0.04006410256410257
0 0.6015873015873016 0.13381410256410256 0.014285714285714285 0.030448717948717948
0 0.6396825396825396 0.13221153846153846 0.014285714285714285 0.030448717948717948
0 0.6698412698412698 0.13381410256410256 0.014285714285714285 0.03365384615384615
0 0.6206349206349207 0.16266025641025642 0.01904761904761905 0.027243589743589744
0 0.6134920634920635 0.1875 0.012698412698412698 0.03205128205128205
0 0.6261904761904762 0.1987179487179487 0.01746031746031746 0.041666666666666664
0 0.6174603174603175 0.28846153846153844 0.025396825396825397 0.05448717948717949
0 0.6730158730158731 0.1875 0.012698412698412698 0.03205128205128205
0 0.6932539682539682 0.14022435897435898 0.013492063492063493 0.030448717948717948
0 0.6900793650793651 0.15865384615384615 0.013492063492063493 0.035256410256410256
0 0.7107142857142857 0.16346153846153846 0.01507936507936508 0.038461538461538464
0 0.6666666666666666 0.2564102564102564 0.02857142857142857 0.04807692307692308
0 0.719047619047619 0.2155448717948718 0.014285714285714285 0.04006410256410257
0 0.7420634920634921 0.20192307692307693 0.014285714285714285 0.04487179487179487
0 0.705952380952381 0.28846153846153844 0.02619047619047619 0.057692307692307696
0 0.7591269841269841 0.2283653846153846 0.016666666666666666 0.04326923076923077
0 0.7849206349206349 0.17548076923076922 0.015873015873015872 0.03685897435897436
0 0.7797619047619048 0.21153846153846154 0.01507936507936508 0.04487179487179487
0 0.8123015873015873 0.19631410256410256 0.01507936507936508 0.03685897435897436
0 0.8277777777777777 0.22115384615384615 0.014285714285714285 0.038461538461538464
0 0.8765873015873016 0.23557692307692307 0.016666666666666666 0.038461538461538464
0 0.8924603174603175 0.27323717948717946 0.018253968253968255 0.046474358974358976
0 0.9107142857142857 0.26282051282051283 0.011904761904761904 0.035256410256410256
0 0.9357142857142857 0.2708333333333333 0.015873015873015872 0.04487179487179487
0 0.9496031746031746 0.2548076923076923 0.010317460317460317 0.035256410256410256
0 0.9801587301587301 0.2676282051282051 0.012698412698412698 0.038461538461538464
0 0.9753968253968254 0.30288461538461536 0.011111111111111112 0.035256410256410256
0 0.9746031746031746 0.3317307692307692 0.014285714285714285 0.035256410256410256
0 0.9777777777777777 0.36378205128205127 0.014285714285714285 0.04807692307692308
0 0.9567460317460318 0.3645833333333333 0.018253968253968255 0.046474358974358976
0 0.9222222222222223 0.3229166666666667 0.014285714285714285 0.05929487179487179
0 0.9595238095238096 0.4230769230769231 0.025396825396825397 0.0673076923076923
0 0.8595238095238096 0.375 0.020634920634920634 0.057692307692307696
0 0.8194444444444444 0.2988782051282051 0.018253968253968255 0.05608974358974359
0 0.8146825396825397 0.2467948717948718 0.01507936507936508 0.04807692307692308
0 0.7928571428571428 0.25560897435897434 0.01746031746031746 0.052884615384615384
0 0.7674603174603175 0.28525641025641024 0.01746031746031746 0.05448717948717949
0 0.8734126984126984 0.41346153846153844 0.024603174603174603 0.0641025641025641
0 0.8611111111111112 0.5136217948717948 0.02857142857142857 0.07532051282051282
0 0.7904761904761904 0.4198717948717949 0.03492063492063492 0.08333333333333333
0 0.7285714285714285 0.3894230769230769 0.026984126984126985 0.07051282051282051
0 0.6626984126984127 0.3974358974358974 0.025396825396825397 0.0673076923076923
0 0.6154761904761905 0.358974358974359 0.02619047619047619 0.0641025641025641
0 0.5587301587301587 0.3405448717948718 0.02857142857142857 0.05929487179487179