0 0.2691933916423712 0.25811688311688313 0.019436345966958212 0.032467532467532464
0 0.28036929057337223 0.26136363636363635 0.0184645286686103 0.03896103896103896
0 0.3104956268221574 0.2621753246753247 0.0184645286686103 0.040584415584415584
0 0.32653061224489793 0.2775974025974026 0.01749271137026239 0.03896103896103896
0 0.34839650145772594 0.3027597402597403 0.022351797862001945 0.037337662337662336
0 0.3498542274052478 0.2353896103896104 0.019436345966958212 0.03571428571428571
0 0.38289601554907676 0.21266233766233766 0.01749271137026239 0.03571428571428571
0 0.3965014577259475 0.21022727272727273 0.01749271137026239 0.030844155844155844
0 0.4042759961127308 0.29707792207792205 0.025267249757045675 0.045454545454545456
0 0.41836734693877553 0.2353896103896104 0.022351797862001945 0.03571428571428571
0 0.48250728862973763 0.22402597402597402 0.024295432458697766 0.04220779220779221
0 0.46695821185617103 0.1793831168831169 0.02040816326530612 0.037337662337662336
0 0.5165208940719145 0.16477272727272727 0.01652089407191448 0.027597402597402596
0 0.5369290573372206 0.18425324675324675 0.02040816326530612 0.037337662337662336
0 0.5242954324586978 0.21185064935064934 0.02040816326530612 0.03409090909090909
0 0.5689990281827016 0.19155844155844157 0.022351797862001945 0.032467532467532464
0 0.5675413022351797 0.16071428571428573 0.019436345966958212 0.02922077922077922
0 0.5928085519922255 0.17045454545454544 0.019436345966958212 0.03896103896103896
0 0.608843537414966 0.12256493506493507 0.01652089407191448 0.027597402597402596
0 0.5806608357628765 0.22564935064935066 0.02040816326530612 0.03896103896103896
0 0.5068027210884354 0.30438311688311687 0.024295432458697766 0.05032467532467533
0 0.5578231292517006 0.3133116883116883 0.031098153547133137 0.05844155844155844
0 0.5966958211856171 0.2694805194805195 0.027210884353741496 0.05844155844155844
0 0.6239067055393586 0.21834415584415584 0.023323615160349854 0.04383116883116883
0 0.6482021379980564 0.19480519480519481 0.021379980563654033 0.04220779220779221
0 0.6666666666666666 0.3474025974025974 0.03304178814382896 0.07142857142857142
0 0.6569484936831875 0.2711038961038961 0.029154518950437316 0.05194805194805195
0 0.6802721088435374 0.2150974025974026 0.023323615160349854 0.05032467532467533
0 0.6933916423712342 0.18344155844155843 0.02040816326530612 0.03896103896103896
0 0.7303206997084548 0.2021103896103896 0.02040816326530612 0.037337662337662336
0 0.7376093294460642 0.18019480519480519 0.019436345966958212 0.03571428571428571
0 0.7259475218658892 0.25487012987012986 0.025267249757045675 0.048701298701298704
0 0.7580174927113703 0.23457792207792208 0.021379980563654033 0.04383116883116883
0 0.7657920310981535 0.1891233766233766 0.01749271137026239 0.03409090909090909
0 0.7871720116618076 0.19967532467532467 0.01749271137026239 0.03896103896103896
0 0.7755102040816326 0.14285714285714285 0.015549076773566569 0.032467532467532464
0 0.8056365403304179 0.1461038961038961 0.01749271137026239 0.032467532467532464
0 0.8231292517006803 0.174512987012987 0.019436345966958212 0.03409090909090909
0 0.8299319727891157 0.2305194805194805 0.019436345966958212 0.03571428571428571
0 0.814868804664723 0.2508116883116883 0.028182701652089408 0.056818181818181816
0 0.7862001943634597 0.30357142857142855 0.025267249757045675 0.05519480519480519
0 0.7677356656948494 0.3628246753246753 0.03304178814382896 0.060064935064935064
0 0.858600583090379 0.29545454545454547 0.028182701652089408 0.05519480519480519
0 0.8722060252672498 0.26542207792207795 0.024295432458697766 0.04707792207792208
0 0.9101068999028182 0.2913961038961039 0.026239067055393587 0.05357142857142857
0 0.8926141885325559 0.21266233766233766 0.0184645286686103 0.04220779220779221
0 0.8498542274052479 0.2021103896103896 0.01652089407191448 0.040584415584415584
0 0.8615160349854227 0.16152597402597402 0.014577259475218658 0.030844155844155844