0 0.1327212020033389 0.5257142857142857 0.038397328881469114 0.07142857142857142
0 0.2287145242070117 0.3407142857142857 0.01669449081803005 0.041428571428571426
0 0.25041736227045075 0.38142857142857145 0.025041736227045076 0.037142857142857144
0 0.2800500834724541 0.38357142857142856 0.02921535893155259 0.05
0 0.28130217028380633 0.3171428571428571 0.021702838063439065 0.037142857142857144
0 0.3347245409015025 0.3585714285714286 0.02671118530884808 0.045714285714285714
0 0.3535058430717863 0.32571428571428573 0.020868113522537562 0.03428571428571429
0 0.35434056761268784 0.2978571428571429 0.015859766277128547 0.03
0 0.39065108514190316 0.26142857142857145 0.01669449081803005 0.03142857142857143
0 0.4102671118530885 0.26857142857142857 0.015859766277128547 0.03428571428571429
0 0.42696160267111855 0.255 0.017529215358931552 0.032857142857142856
0 0.4411519198664441 0.2764285714285714 0.015859766277128547 0.032857142857142856
0 0.41068447412353926 0.335 0.025041736227045076 0.04428571428571428
0 0.4073455759599332 0.30357142857142855 0.02671118530884808 0.032857142857142856
0 0.4503338898163606 0.335 0.022537562604340568 0.041428571428571426
0 0.4691151919866444 0.31 0.018363939899833055 0.03428571428571429
0 0.5012520868113522 0.33214285714285713 0.02587646076794658 0.041428571428571426
0 0.4741235392320534 0.2642857142857143 0.018363939899833055 0.03428571428571429
0 0.4699499165275459 0.24 0.021702838063439065 0.037142857142857144
0 0.511686143572621 0.26285714285714284 0.015025041736227046 0.03142857142857143
0 0.5275459098497496 0.27785714285714286 0.018363939899833055 0.03
0 0.5463272120200334 0.25 0.015859766277128547 0.02857142857142857
0 0.5555091819699499 0.28 0.020868113522537562 0.04
0 0.580550918196995 0.26 0.017529215358931552 0.03142857142857143
0 0.5596828046744574 0.22142857142857142 0.010851419031719533 0.02857142857142857
0 0.5730383973288815 0.21785714285714286 0.014190317195325543 0.032857142857142856
0 0.6039232053422371 0.24714285714285714 0.014190317195325543 0.02857142857142857
0 0.6402337228714524 0.24785714285714286 0.01335559265442404 0.03
0 0.6327212020033389 0.22 0.02003338898163606 0.03142857142857143
0 0.6160267111853088 0.20285714285714285 0.01669449081803005 0.03142857142857143
0 0.6765442404006677 0.20642857142857143 0.012520868113522538 0.03
0 0.6928213689482471 0.21928571428571428 0.015025041736227046 0.03571428571428571
0 0.6803005008347245 0.23357142857142857 0.01335559265442404 0.03
0 0.674457429048414 0.27285714285714285 0.018363939899833055 0.037142857142857144
0 0.6385642737896494 0.3007142857142857 0.025041736227045076 0.047142857142857146
0 0.6018363939899833 0.32857142857142857 0.025041736227045076 0.037142857142857144
0 0.5392320534223706 0.35714285714285715 0.03005008347245409 0.054285714285714284
0 0.4837228714524207 0.4092857142857143 0.0325542570951586 0.06714285714285714
0 0.5271285475792988 0.4421428571428571 0.037562604340567615 0.07
0 0.5918196994991652 0.4471428571428571 0.0333889816360601 0.07142857142857142
0 0.6176961602671118 0.3707142857142857 0.02337228714524207 0.05857142857142857
0 0.6502504173622704 0.3464285714285714 0.02003338898163606 0.04428571428571428
0 0.6636060100166945 0.3657142857142857 0.02671118530884808 0.04857142857142857
0 0.6974123539232053 0.3628571428571429 0.024207011686143573 0.04857142857142857
0 0.6865609348914858 0.3157142857142857 0.019198664440734557 0.03428571428571429
0 0.7090984974958264 0.3 0.022537562604340568 0.04285714285714286
0 0.7120200333889817 0.25142857142857145 0.02003338898163606 0.037142857142857144
0 0.7420701168614358 0.25857142857142856 0.01669449081803005 0.03428571428571429
0 0.7508347245409015 0.2357142857142857 0.014190317195325543 0.025714285714285714
0 0.7762938230383973 0.265 0.015025041736227046 0.032857142857142856
0 0.7904841402337228 0.28285714285714286 0.015025041736227046 0.03428571428571429
0 0.7871452420701168 0.23857142857142857 0.015025041736227046 0.03142857142857143
0 0.8159432387312187 0.24214285714285713 0.015859766277128547 0.03571428571428571
0 0.8234557595993323 0.29285714285714287 0.015859766277128547 0.037142857142857144
0 0.828881469115192 0.2671428571428571 0.01669449081803005 0.03142857142857143
0 0.8226210350584308 0.35714285714285715 0.02587646076794658 0.04857142857142857
0 0.8380634390651085 0.33071428571428574 0.018363939899833055 0.04428571428571428
0 0.7771285475792988 0.43142857142857144 0.0333889816360601 0.06285714285714286
0 0.7257929883138564 0.40285714285714286 0.0325542570951586 0.05714285714285714
0 0.7057595993322203 0.5471428571428572 0.037562604340567615 0.08285714285714285
0 0.6406510851419032 0.4707142857142857 0.04257095158597663 0.08142857142857143
0 0.8155258764607679 0.5857142857142857 0.041736227045075125 0.08571428571428572
0 0.8480801335559266 0.46714285714285714 0.03672787979966611 0.06
0 0.8660267111853088 0.38357142857142856 0.027545909849749584 0.055714285714285716
0 0.916110183639399 0.45071428571428573 0.027545909849749584 0.06142857142857143
0 0.8785475792988314 0.34214285714285714 0.019198664440734557 0.041428571428571426
0 0.8510016694490818 0.325 0.017529215358931552 0.03857142857142857
0 0.8651919866444073 0.2764285714285714 0.017529215358931552 0.03571428571428571
0 0.8543405676126878 0.2621428571428571 0.017529215358931552 0.027142857142857142
0 0.8877295492487479 0.25357142857142856 0.015859766277128547 0.03571428571428571
0 0.9048414023372288 0.3028571428571429 0.021702838063439065 0.037142857142857144
0 0.9398998330550918 0.30857142857142855 0.018363939899833055 0.03142857142857143
0 0.9357262103505843 0.34785714285714286 0.02003338898163606 0.05
0 0.8935726210350584 0.32142857142857145 0.017529215358931552 0.037142857142857144
0 0.9482470784641068 0.28285714285714286 0.01335559265442404 0.02857142857142857