0 0.1014957264957265 0.497164461247637 0.0641025641025641 0.11720226843100189
0 0.2761752136752137 0.2277882797731569 0.018162393162393164 0.03969754253308128
0 0.31143162393162394 0.21550094517958412 0.016025641025641024 0.03780718336483932
0 0.32371794871794873 0.21172022684310018 0.017094017094017096 0.03780718336483932
0 0.344017094017094 0.21361058601134217 0.019230769230769232 0.04158790170132325
0 0.328525641025641 0.1776937618147448 0.016025641025641024 0.034026465028355386
0 0.35202991452991456 0.1956521739130435 0.018162393162393164 0.043478260869565216
0 0.37232905982905984 0.20415879017013233 0.016025641025641024 0.04158790170132325
0 0.3819444444444444 0.22684310018903592 0.018162393162393164 0.045368620037807186
0 0.4091880341880342 0.23629489603024575 0.021367521367521368 0.04914933837429111
0 0.44177350427350426 0.2391304347826087 0.022435897435897436 0.04725897920604915
0 0.4150641025641026 0.19754253308128544 0.018162393162393164 0.03969754253308128
0 0.3936965811965812 0.20321361058601134 0.016025641025641024 0.035916824196597356
0 0.37553418803418803 0.16257088846880907 0.016025641025641024 0.026465028355387523
0 0.40010683760683763 0.16729678638941398 0.016025641025641024 0.035916824196597356
0 0.422008547008547 0.15217391304347827 0.01282051282051282 0.02835538752362949
0 0.4391025641025641 0.15311909262759923 0.01282051282051282 0.026465028355387523
0 0.4375 0.1786389413988658 0.013888888888888888 0.03213610586011342
0 0.4594017094017094 0.20132325141776938 0.021367521367521368 0.043478260869565216
0 0.4642094017094017 0.1275992438563327 0.011752136752136752 0.02835538752362949
0 0.48183760683760685 0.13988657844990549 0.010683760683760684 0.030245746691871456
0 0.49038461538461536 0.14744801512287334 0.010683760683760684 0.026465028355387523
0 0.4962606837606838 0.17296786389413987 0.013888888888888888 0.035916824196597356
0 0.5219017094017094 0.17296786389413987 0.018162393162393164 0.035916824196597356
0 0.5534188034188035 0.1767485822306238 0.017094017094017096 0.03969754253308128
0 0.561965811965812 0.15500945179584122 0.014957264957264958 0.03780718336483932
0 0.5363247863247863 0.14839319470699433 0.01282051282051282 0.03213610586011342
0 0.5261752136752137 0.13988657844990549 0.011752136752136752 0.026465028355387523
0 0.5069444444444444 0.14177693761814744 0.016025641025641024 0.034026465028355386
0 0.4983974358974359 0.11814744801512288 0.011752136752136752 0.02835538752362949
0 0.5491452991452992 0.12570888468809074 0.014957264957264958 0.03213610586011342
0 0.5753205128205128 0.13137996219281664 0.013888888888888888 0.02835538752362949
0 0.6004273504273504 0.15595463137996218 0.014957264957264958 0.03969754253308128
0 0.6089743589743589 0.14366729678638943 0.01282051282051282 0.034026465028355386
0 0.6084401709401709 0.11625708884688091 0.011752136752136752 0.02835538752362949
0 0.624465811965812 0.12948960302457466 0.013888888888888888 0.03213610586011342
0 0.6260683760683761 0.10775047258979206 0.010683760683760684 0.022684310018903593
0 0.6420940170940171 0.15217391304347827 0.014957264957264958 0.035916824196597356
0 0.6511752136752137 0.12948960302457466 0.013888888888888888 0.03213610586011342
0 0.6543803418803419 0.10775047258979206 0.013888888888888888 0.030245746691871456
0 0.6762820512820513 0.12476370510396975 0.01282051282051282 0.026465028355387523
0 0.6864316239316239 0.10113421550094517 0.013888888888888888 0.03213610586011342
0 0.7051282051282052 0.10775047258979206 0.010683760683760684 0.034026465028355386
0 0.5886752136752137 0.22117202268431002 0.027777777777777776 0.052930056710775046
0 0.6351495726495726 0.2495274102079395 0.024572649572649572 0.06049149338374291
0 0.6688034188034188 0.332703213610586 0.03205128205128205 0.0831758034026465
0 0.6356837606837606 0.20699432892249528 0.019230769230769232 0.043478260869565216
0 0.6607905982905983 0.21550094517958412 0.018162393162393164 0.04914933837429111
0 0.6677350427350427 0.17580340264650285 0.017094017094017096 0.03780718336483932
0 0.6901709401709402 0.2523629489603025 0.021367521367521368 0.054820415879017016
0 0.7238247863247863 0.2391304347826087 0.0202991452991453 0.043478260869565216
0 0.719017094017094 0.1767485822306238 0.019230769230769232 0.043478260869565216
0 0.7013888888888888 0.17296786389413987 0.016025641025641024 0.03969754253308128
0 0.7339743589743589 0.14366729678638943 0.01282051282051282 0.034026465028355386
0 0.7393162393162394 0.16446124763705103 0.017094017094017096 0.03780718336483932
0 0.7542735042735043 0.1890359168241966 0.021367521367521368 0.045368620037807186
0 0.7612179487179487 0.2485822306238185 0.024572649572649572 0.062381852551984876
0 0.7435897435897436 0.3761814744801512 0.03632478632478633 0.0831758034026465
0 0.7959401709401709 0.2844990548204159 0.02564102564102564 0.062381852551984876
0 0.7986111111111112 0.1947069943289225 0.018162393162393164 0.04158790170132325
0 0.7911324786324786 0.16257088846880907 0.013888888888888888 0.034026465028355386
0 0.7884615384615384 0.13516068052930058 0.01282051282051282 0.03213610586011342
0 0.7612179487179487 0.1275992438563327 0.013888888888888888 0.035916824196597356
0 0.7761752136752137 0.12476370510396975 0.011752136752136752 0.030245746691871456
0 0.8028846153846154 0.1323251417769376 0.011752136752136752 0.030245746691871456
0 0.8231837606837606 0.12476370510396975 0.013888888888888888 0.030245746691871456
0 0.8306623931623932 0.16446124763705103 0.013888888888888888 0.03780718336483932
0 0.8157051282051282 0.20415879017013233 0.018162393162393164 0.034026465028355386
0 0.8210470085470085 0.2523629489603025 0.024572649572649572 0.054820415879017016
0 0.8381410256410257 0.20888468809073724 0.018162393162393164 0.04725897920604915
0 0.9172008547008547 0.33648393194706994 0.028846153846153848 0.07183364839319471
0 0.8819444444444444 0.2277882797731569 0.0202991452991453 0.04725897920604915
0 0.8963675213675214 0.21266540642722118 0.014957264957264958 0.043478260869565216
0 0.905982905982906 0.1833648393194707 0.01282051282051282 0.034026465028355386
0 0.8653846153846154 0.1833648393194707 0.014957264957264958 0.03780718336483932
0 0.8589743589743589 0.22306238185255198 0.017094017094017096 0.034026465028355386
0 0.8584401709401709 0.1446124763705104 0.013888888888888888 0.024574669187145556
0 0.8386752136752137 0.15311909262759923 0.014957264957264958 0.034026465028355386
0 0.875534188034188 0.15784499054820417 0.013888888888888888 0.035916824196597356
0 0.9097222222222222 0.15217391304347827 0.011752136752136752 0.02835538752362949
0 0.9508547008547008 0.1899810964083176 0.01282051282051282 0.03969754253308128
0 0.9353632478632479 0.19281663516068054 0.013888888888888888 0.034026465028355386
0 0.9481837606837606 0.23062381852551986 0.016025641025641024 0.045368620037807186
0 0.9342948717948718 0.2504725897920605 0.0202991452991453 0.04725897920604915