0 0.15637065637065636 0.2684729064039409 0.025096525096525095 0.047619047619047616
0 0.2084942084942085 0.3793103448275862 0.04826254826254826 0.09195402298850575
0 0.21766409266409267 0.2651888341543514 0.029922779922779922 0.054187192118226604
0 0.29343629343629346 0.24876847290640394 0.021235521235521235 0.041050903119868636
0 0.33542471042471045 0.2766830870279146 0.02413127413127413 0.041050903119868636
0 0.3484555984555985 0.2561576354679803 0.023166023166023165 0.04926108374384237
0 0.39044401544401547 0.19704433497536947 0.01833976833976834 0.03284072249589491
0 0.41795366795366795 0.2315270935960591 0.019305019305019305 0.03284072249589491
0 0.4406370656370656 0.22988505747126436 0.02413127413127413 0.042692939244663386
0 0.43194980694980695 0.27586206896551724 0.029922779922779922 0.052545155993431854
0 0.4338803088803089 0.16995073891625614 0.02027027027027027 0.034482758620689655
0 0.44932432432432434 0.19129720853858784 0.02027027027027027 0.031198686371100164
0 0.4811776061776062 0.20032840722495895 0.01833976833976834 0.042692939244663386
0 0.4777992277992278 0.15517241379310345 0.015444015444015444 0.031198686371100164
0 0.458011583011583 0.1510673234811166 0.012548262548262547 0.022988505747126436
0 0.5086872586872587 0.16666666666666666 0.017374517374517374 0.031198686371100164
0 0.49131274131274133 0.13382594417077176 0.015444015444015444 0.021346469622331693
0 0.528957528957529 0.1469622331691297 0.019305019305019305 0.031198686371100164
0 0.543918918918919 0.12889983579638753 0.016409266409266408 0.031198686371100164
0 0.5656370656370656 0.1477832512315271 0.017374517374517374 0.03284072249589491
0 0.5675675675675675 0.11412151067323481 0.015444015444015444 0.024630541871921183
0 0.5892857142857143 0.16009852216748768 0.01447876447876448 0.031198686371100164
0 0.5926640926640927 0.12807881773399016 0.015444015444015444 0.03284072249589491
0 0.6023166023166023 0.10591133004926108 0.011583011583011582 0.027914614121510674
0 0.6230694980694981 0.11986863711001643 0.012548262548262547 0.022988505747126436
0 0.6254826254826255 0.1477832512315271 0.013513513513513514 0.026272577996715927
0 0.7051158301158301 0.10509031198686371 0.012548262548262547 0.03284072249589491
0 0.4893822393822394 0.3226600985221675 0.02702702702702703 0.054187192118226604
0 0.5608108108108109 0.30295566502463056 0.032818532818532815 0.06403940886699508
0 0.5801158301158301 0.24055829228243022 0.02702702702702703 0.054187192118226604
0 0.6187258687258688 0.2471264367816092 0.025096525096525095 0.047619047619047616
0 0.6235521235521235 0.31444991789819376 0.04054054054054054 0.06403940886699508
0 0.6327220077220077 0.1986863711001642 0.027992277992277992 0.04926108374384237
0 0.6718146718146718 0.25779967159277506 0.02702702702702703 0.04597701149425287
0 0.6925675675675675 0.2019704433497537 0.0222007722007722 0.05582922824302135
0 0.7002895752895753 0.16174055829228243 0.0222007722007722 0.03776683087027915
0 0.7186293436293436 0.17569786535303777 0.01833976833976834 0.0361247947454844
0 0.7287644787644788 0.21182266009852216 0.023166023166023165 0.042692939244663386
0 0.7311776061776062 0.2824302134646962 0.026061776061776062 0.06239737274220033
0 0.791988416988417 0.3160919540229885 0.029922779922779922 0.05747126436781609
0 0.7726833976833977 0.1839080459770115 0.02027027027027027 0.03940886699507389
0 0.7693050193050193 0.1469622331691297 0.021235521235521235 0.03776683087027915
0 0.724903474903475 0.1354679802955665 0.021235521235521235 0.034482758620689655
0 0.7557915057915058 0.11904761904761904 0.019305019305019305 0.031198686371100164
0 0.7635135135135135 0.11412151067323481 0.013513513513513514 0.027914614121510674
0 0.7804054054054054 0.12151067323481117 0.016409266409266408 0.0361247947454844
0 0.8151544401544402 0.1297208538587849 0.016409266409266408 0.0361247947454844
0 0.8301158301158301 0.1297208538587849 0.015444015444015444 0.029556650246305417
0 0.8156370656370656 0.1839080459770115 0.019305019305019305 0.042692939244663386
0 0.8392857142857143 0.1568144499178982 0.016409266409266408 0.034482758620689655
0 0.8643822393822393 0.1863711001642036 0.01833976833976834 0.03776683087027915
0 0.890926640926641 0.2257799671592775 0.023166023166023165 0.04433497536945813
0 0.9213320463320464 0.18801313628899835 0.02027027027027027 0.041050903119868636
0 0.9517374517374517 0.18719211822660098 0.019305019305019305 0.04597701149425287