0 0.05970149253731343 0.3870689655172414 0.04664179104477612 0.08793103448275862
0 0.09468283582089553 0.39913793103448275 0.043843283582089554 0.09827586206896552
0 0.2775186567164179 0.2793103448275862 0.03451492537313433 0.07241379310344828
0 0.324160447761194 0.18017241379310345 0.017723880597014924 0.04655172413793104
0 0.3400186567164179 0.19224137931034482 0.017723880597014924 0.04655172413793104
0 0.3591417910447761 0.19310344827586207 0.026119402985074626 0.04827586206896552
0 0.3969216417910448 0.16120689655172413 0.021455223880597014 0.039655172413793106
0 0.53125 0.12241379310344827 0.027052238805970148 0.06206896551724138
0 0.5149253731343284 0.2525862068965517 0.027985074626865673 0.05
0 0.5373134328358209 0.2655172413793103 0.03171641791044776 0.05862068965517241
0 0.5956156716417911 0.2663793103448276 0.030783582089552237 0.06379310344827586
0 0.6030783582089553 0.14310344827586208 0.02332089552238806 0.05172413793103448
0 0.6660447761194029 0.11293103448275862 0.024253731343283583 0.05344827586206897
0 0.6693097014925373 0.2189655172413793 0.02332089552238806 0.05517241379310345
0 0.7038246268656716 0.1482758620689655 0.021455223880597014 0.05172413793103448