0 0.037014563106796114 0.3659574468085106 0.025485436893203883 0.05531914893617021
0 0.055825242718446605 0.37127659574468086 0.02669902912621359 0.07021276595744681
0 0.07160194174757281 0.3021276595744681 0.01699029126213592 0.05106382978723404
0 0.43021844660194175 0.251063829787234 0.027912621359223302 0.05531914893617021
0 0.38470873786407767 0.20425531914893616 0.019417475728155338 0.029787234042553193
0 0.4544902912621359 0.22340425531914893 0.023058252427184466 0.03829787234042553
0 0.48058252427184467 0.17872340425531916 0.021844660194174758 0.05106382978723404
0 0.5006067961165048 0.20851063829787234 0.02063106796116505 0.03829787234042553
0 0.5315533980582524 0.26595744680851063 0.03155339805825243 0.07659574468085106
0 0.5904126213592233 0.24680851063829787 0.025485436893203883 0.05106382978723404
0 0.691747572815534 0.18085106382978725 0.019417475728155338 0.03829787234042553
0 0.5703883495145631 0.1351063829787234 0.01699029126213592 0.031914893617021274