0 0.16666666666666666 0.4888423988842399 0.042163882259347654 0.07670850767085077
0 0.28957836117740654 0.27475592747559274 0.020684168655529037 0.04741980474198047
0 0.3202068416865553 0.28172942817294283 0.024661893396976928 0.044630404463040445
0 0.32179793158313447 0.2196652719665272 0.013524264120922832 0.029288702928870293
0 0.33890214797136037 0.22384937238493724 0.01909307875894988 0.03486750348675035
0 0.3623707239459029 0.22384937238493724 0.01988862370723946 0.04602510460251046
0 0.3739061256961018 0.23221757322175732 0.017501988862370723 0.03765690376569038
0 0.3627684964200477 0.2900976290097629 0.02386634844868735 0.05299860529986053
0 0.41328560063643593 0.26778242677824265 0.024661893396976928 0.04741980474198047
0 0.42641209228321403 0.22594142259414227 0.02386634844868735 0.04184100418410042
0 0.4033412887828162 0.199442119944212 0.01909307875894988 0.03626220362622036
0 0.4291964996022275 0.17782426778242677 0.01988862370723946 0.03207810320781032
0 0.45346062052505964 0.1694560669456067 0.014319809069212411 0.029288702928870293
0 0.4486873508353222 0.14853556485355648 0.015910898965791568 0.023709902370990237
0 0.4920445505171042 0.21687587168758718 0.015115354017501989 0.040446304044630406
0 0.48289578361177404 0.200836820083682 0.017501988862370723 0.03347280334728033
0 0.47295147175815433 0.14783821478382148 0.015115354017501989 0.02789400278940028
0 0.49761336515513127 0.15620641562064155 0.013524264120922832 0.030683403068340307
0 0.49363564041368335 0.13249651324965134 0.013524264120922832 0.02789400278940028
0 0.5095465393794749 0.13110181311018132 0.016706443914081145 0.030683403068340307
0 0.520684168655529 0.15550906555090654 0.016706443914081145 0.03765690376569038
0 0.5361972951471758 0.17712691771269176 0.01909307875894988 0.04184100418410042
0 0.5429594272076372 0.1297071129707113 0.013524264120922832 0.030683403068340307
0 0.5556881463802705 0.14783821478382148 0.015115354017501989 0.03347280334728033
0 0.560461416070008 0.12412831241283125 0.013524264120922832 0.02510460251046025
0 0.57557677008751 0.17573221757322174 0.016706443914081145 0.03347280334728033
0 0.5827366746221162 0.12273361227336123 0.018297533810660304 0.03347280334728033
0 0.6058074781225139 0.15481171548117154 0.016706443914081145 0.03347280334728033
0 0.5930787589498807 0.1101813110181311 0.011933174224343675 0.02789400278940028
0 0.6129673826571201 0.10111576011157601 0.013524264120922832 0.026499302649930265
0 0.6229116945107399 0.12133891213389121 0.014319809069212411 0.02789400278940028
0 0.636038186157518 0.13110181311018132 0.015115354017501989 0.02789400278940028
0 0.645186953062848 0.14086471408647142 0.015910898965791568 0.02510460251046025
0 0.6424025457438345 0.09902370990237098 0.013524264120922832 0.030683403068340307
0 0.6610978520286396 0.11297071129707113 0.014319809069212411 0.019525801952580194
0 0.662291169451074 0.13319386331938632 0.013524264120922832 0.023709902370990237
0 0.6917263325377884 0.11227336122733612 0.011933174224343675 0.029288702928870293
0 0.5350039777247414 0.28312412831241285 0.02784407319013524 0.05578800557880056
0 0.55648369132856 0.25523012552301255 0.021479713603818614 0.04184100418410042
0 0.6085918854415274 0.25871687587168757 0.027048528241845664 0.05439330543933055
0 0.6165473349244233 0.2105997210599721 0.01909307875894988 0.04184100418410042
0 0.652744630071599 0.2691771269177127 0.02784407319013524 0.058577405857740586
0 0.6543357199681782 0.22454672245467225 0.023070803500397773 0.044630404463040445
0 0.6129673826571201 0.3263598326359833 0.031026252983293555 0.06415620641562064
0 0.6976929196499603 0.2315202231520223 0.022275258552108195 0.0502092050209205
0 0.6921241050119332 0.18479776847977686 0.01909307875894988 0.040446304044630406
0 0.7120127287191726 0.13737796373779637 0.012728719172633254 0.03207810320781032
0 0.7291169451073986 0.18898186889818688 0.01988862370723946 0.040446304044630406
0 0.7191726332537789 0.16317991631799164 0.01909307875894988 0.02789400278940028
0 0.737867939538584 0.1387726638772664 0.018297533810660304 0.03765690376569038
0 0.7482100238663485 0.12273361227336123 0.018297533810660304 0.03905160390516039
0 0.7609387430389817 0.17712691771269176 0.013524264120922832 0.03347280334728033
0 0.7712808273667462 0.20223152022315202 0.016706443914081145 0.03626220362622036
0 0.7541766109785203 0.2489539748953975 0.020684168655529037 0.05439330543933055
0 0.7684964200477327 0.2754532775453278 0.02386634844868735 0.05160390516039052
0 0.8186157517899761 0.24337517433751743 0.01909307875894988 0.040446304044630406
0 0.8233890214797136 0.20641562064156208 0.017501988862370723 0.04184100418410042
0 0.8015115354017502 0.18619246861924685 0.018297533810660304 0.040446304044630406
0 0.7836117740652346 0.16248256624825663 0.011137629276054098 0.03486750348675035
0 0.7828162291169452 0.1199442119944212 0.015910898965791568 0.022315202231520222
0 0.809466984884646 0.12831241283124128 0.015115354017501989 0.03347280334728033
0 0.8214001591089897 0.15760111576011157 0.013524264120922832 0.030683403068340307
0 0.8305489260143198 0.14156206415620642 0.012728719172633254 0.026499302649930265
0 0.8536197295147175 0.15829846582984658 0.014319809069212411 0.026499302649930265
0 0.862370723945903 0.1506276150627615 0.012728719172633254 0.02789400278940028
0 0.875497215592681 0.25662482566248257 0.023070803500397773 0.044630404463040445
0 0.8671439936356404 0.22663877266387727 0.01909307875894988 0.040446304044630406
0 0.8695306284805091 0.13389121338912133 0.014319809069212411 0.02789400278940028
0 0.8918058870326173 0.18758716875871687 0.014319809069212411 0.029288702928870293
0 0.8977724741447892 0.1589958158995816 0.015115354017501989 0.030683403068340307
0 0.9041368337311058 0.14225941422594143 0.011933174224343675 0.02789400278940028
0 0.939538583929992 0.17433751743375175 0.014319809069212411 0.03626220362622036
0 0.9280031821797932 0.2099023709902371 0.015115354017501989 0.029288702928870293
0 0.9280031821797932 0.18340306834030684 0.016706443914081145 0.040446304044630406
0 0.9200477326968973 0.23361227336122734 0.021479713603818614 0.040446304044630406
0 0.9061256961018298 0.33403068340306835 0.027048528241845664 0.06555090655509066
0 0.8635640413683373 0.3193863319386332 0.03579952267303103 0.058577405857740586
0 0.8257756563245824 0.39191073919107394 0.031821797931583136 0.07252440725244072
0 0.8866348448687351 0.43793584379358436 0.03261734287987271 0.0697350069735007