0 0.11376404494382023 0.46422628951747086 0.04962546816479401 0.11314475873544093
0 0.2612359550561798 0.28036605657237934 0.018726591760299626 0.03161397670549085
0 0.2808988764044944 0.26039933444259566 0.018726591760299626 0.03494176372712146
0 0.299625468164794 0.26788685524126454 0.02247191011235955 0.04326123128119801
0 0.31741573033707865 0.2129783693843594 0.013108614232209739 0.026622296173044926
0 0.34691011235955055 0.21547420965058237 0.015917602996254682 0.03494176372712146
0 0.3450374531835206 0.26955074875207985 0.017790262172284643 0.036605657237936774
0 0.37874531835205993 0.19550748752079866 0.017790262172284643 0.03161397670549085
0 0.375936329588015 0.23211314475873543 0.02153558052434457 0.04492512479201331
0 0.4190074906367041 0.2529118136439268 0.025280898876404494 0.04326123128119801
0 0.4110486891385768 0.21963394342762063 0.0149812734082397 0.036605657237936774
0 0.4157303370786517 0.16805324459234608 0.013108614232209739 0.029950083194675542
0 0.43258426966292135 0.16555740432612312 0.0149812734082397 0.024958402662229616
0 0.44662921348314605 0.16888519134775373 0.013108614232209739 0.021630615640599003
0 0.4541198501872659 0.18635607321131448 0.02247191011235955 0.02329450915141431
0 0.4747191011235955 0.18718801996672213 0.016853932584269662 0.03161397670549085
0 0.48314606741573035 0.15806988352745424 0.018726591760299626 0.02329450915141431
0 0.47752808988764045 0.13643926788685523 0.013108614232209739 0.02329450915141431
0 0.4592696629213483 0.1389351081530782 0.012172284644194757 0.024958402662229616
0 0.4892322097378277 0.12479201331114809 0.012172284644194757 0.029950083194675542
0 0.5323033707865169 0.12728785357737105 0.017790262172284643 0.03161397670549085
0 0.5519662921348315 0.14309484193011648 0.014044943820224719 0.033277870216306155
0 0.5603932584269663 0.10316139767054909 0.012172284644194757 0.02329450915141431
0 0.5973782771535581 0.09151414309484193 0.013108614232209739 0.02329450915141431
0 0.5950374531835206 0.11064891846921797 0.012172284644194757 0.021630615640599003
0 0.6151685393258427 0.10149750415973377 0.011235955056179775 0.026622296173044926
0 0.625 0.09234608985024959 0.010299625468164793 0.021630615640599003
0 0.6404494382022472 0.09400998336106489 0.013108614232209739 0.024958402662229616
0 0.6455992509363296 0.10898502495840266 0.014044943820224719 0.024958402662229616
0 0.62687265917603 0.13311148086522462 0.014044943820224719 0.029950083194675542
0 0.5945692883895131 0.14226289517470883 0.0149812734082397 0.03161397670549085
0 0.5814606741573034 0.1589018302828619 0.016853932584269662 0.03161397670549085
0 0.5491573033707865 0.1913477537437604 0.019662921348314606 0.03993344425956739
0 0.49250936329588013 0.2146422628951747 0.02247191011235955 0.036605657237936774
0 0.4887640449438202 0.2853577371048253 0.018726591760299626 0.048252911813643926
0 0.5547752808988764 0.2820299500831947 0.027153558052434457 0.05490848585690516
0 0.5650749063670412 0.2420965058236273 0.019662921348314606 0.03494176372712146
0 0.6137640449438202 0.24625623960066556 0.02153558052434457 0.04326123128119801
0 0.6212546816479401 0.2021630615640599 0.017790262172284643 0.04492512479201331
0 0.6558988764044944 0.16472545757071547 0.019662921348314606 0.036605657237936774
0 0.6680711610486891 0.11397670549084858 0.015917602996254682 0.03161397670549085
0 0.6985018726591761 0.08985024958402663 0.0149812734082397 0.029950083194675542
0 0.7050561797752809 0.12895174708818635 0.013108614232209739 0.03161397670549085
0 0.6886704119850188 0.13976705490848584 0.014044943820224719 0.036605657237936774
0 0.6999063670411985 0.2096505823627288 0.023408239700374533 0.04991680532445923
0 0.6619850187265918 0.20049916805324458 0.020599250936329586 0.04492512479201331
0 0.6741573033707865 0.25374376039933444 0.018726591760299626 0.04159733777038269
0 0.6769662921348315 0.326955074875208 0.026217228464419477 0.05490848585690516
0 0.6086142322097379 0.33277870216306155 0.02247191011235955 0.04991680532445923
0 0.7228464419475655 0.2878535773710483 0.028089887640449437 0.056572379367720464
0 0.7612359550561798 0.240432612312812 0.02247191011235955 0.04159733777038269
0 0.7841760299625468 0.28868552412645593 0.025280898876404494 0.048252911813643926
0 0.7523408239700374 0.1772046589018303 0.015917602996254682 0.03161397670549085
0 0.7312734082397003 0.14559068219633944 0.018726591760299626 0.03494176372712146
0 0.7359550561797753 0.11231281198003328 0.013108614232209739 0.03161397670549085
0 0.7467228464419475 0.1264559068219634 0.014044943820224719 0.033277870216306155
0 0.7551498127340824 0.10066555740432612 0.012172284644194757 0.024958402662229616
0 0.7691947565543071 0.1281198003327787 0.014044943820224719 0.033277870216306155
0 0.7790262172284644 0.11896838602329451 0.0149812734082397 0.028286189683860232
0 0.7949438202247191 0.12562396006655574 0.0149812734082397 0.03494176372712146
0 0.8127340823970037 0.12479201331114809 0.013108614232209739 0.026622296173044926
0 0.8342696629213483 0.13560732113144758 0.016853932584269662 0.03494176372712146
0 0.8155430711610487 0.1638935108153078 0.016853932584269662 0.03494176372712146
0 0.802434456928839 0.1772046589018303 0.016853932584269662 0.03161397670549085
0 0.8726591760299626 0.22462562396006655 0.016853932584269662 0.05324459234608985
0 0.8913857677902621 0.1896838602329451 0.016853932584269662 0.04326123128119801
0 0.8955992509363296 0.16139767054908485 0.014044943820224719 0.036605657237936774
0 0.9044943820224719 0.12728785357737105 0.011235955056179775 0.03161397670549085
0 0.87312734082397 0.11980033277870217 0.014044943820224719 0.029950083194675542
0 0.8623595505617978 0.15141430948419302 0.016853932584269662 0.033277870216306155
0 0.9297752808988764 0.14891846921797006 0.0149812734082397 0.028286189683860232
0 0.9269662921348315 0.18635607321131448 0.0149812734082397 0.03993344425956739
0 0.9335205992509363 0.26455906821963393 0.018726591760299626 0.05324459234608985