0 0.3150557620817844 0.24086378737541528 0.01486988847583643 0.036544850498338874
0 0.3252788104089219 0.23255813953488372 0.016728624535315983 0.03322259136212625
0 0.34572490706319703 0.23172757475083056 0.020446096654275093 0.03488372093023256
0 0.3554832713754647 0.26827242524916944 0.02695167286245353 0.04152823920265781
0 0.3903345724907063 0.2807308970099668 0.024163568773234202 0.05647840531561462
0 0.37732342007434944 0.24335548172757476 0.020446096654275093 0.03820598006644518
0 0.3819702602230483 0.2009966777408638 0.01858736059479554 0.036544850498338874
0 0.4033457249070632 0.2009966777408638 0.01858736059479554 0.03986710963455149
0 0.4409851301115242 0.1877076411960133 0.015799256505576207 0.036544850498338874
0 0.45817843866171004 0.24169435215946844 0.024163568773234202 0.05149501661129568
0 0.4591078066914498 0.20514950166112958 0.01486988847583643 0.03156146179401993
0 0.479089219330855 0.19933554817275748 0.019516728624535316 0.03986710963455149
0 0.48838289962825276 0.15780730897009967 0.017657992565055763 0.036544850498338874
0 0.5185873605947955 0.17275747508305647 0.020446096654275093 0.036544850498338874
0 0.5441449814126395 0.1644518272425249 0.02137546468401487 0.036544850498338874
0 0.5827137546468402 0.16777408637873753 0.01858736059479554 0.03986710963455149
0 0.574814126394052 0.13372093023255813 0.015799256505576207 0.024916943521594685
0 0.6435873605947955 0.06727574750830564 0.015799256505576207 0.03156146179401993
0 0.495817843866171 0.2973421926910299 0.02695167286245353 0.05647840531561462
0 0.5636617100371747 0.29069767441860467 0.03066914498141264 0.05647840531561462
0 0.5966542750929368 0.32142857142857145 0.027881040892193308 0.06478405315614617
0 0.6212825278810409 0.2549833887043189 0.02695167286245353 0.054817275747508304
0 0.6184944237918215 0.20930232558139536 0.02137546468401487 0.04318936877076412
0 0.6473048327137546 0.18106312292358803 0.02137546468401487 0.04318936877076412
0 0.6496282527881041 0.27159468438538203 0.026022304832713755 0.06478405315614617
0 0.6812267657992565 0.18853820598006646 0.01858736059479554 0.04152823920265781
0 0.6877323420074349 0.16196013289036545 0.016728624535315983 0.03488372093023256
0 0.6974907063197026 0.23006644518272426 0.02137546468401487 0.05149501661129568
0 0.7091078066914498 0.27906976744186046 0.026022304832713755 0.05647840531561462
0 0.7239776951672863 0.20016611295681064 0.024163568773234202 0.04817275747508306
0 0.7481412639405205 0.2292358803986711 0.026022304832713755 0.05647840531561462
0 0.7639405204460966 0.16611295681063123 0.020446096654275093 0.046511627906976744
0 0.7764869888475836 0.2724252491694352 0.028810408921933085 0.059800664451827246
0 0.8336431226765799 0.32558139534883723 0.026022304832713755 0.0664451827242525
0 0.854089219330855 0.26578073089701 0.022304832713754646 0.05647840531561462
0 0.9010223048327137 0.24335548172757476 0.023234200743494422 0.05813953488372093
0 0.9242565055762082 0.25 0.019516728624535316 0.04817275747508306