0 0.152803738317757 0.3648424543946932 0.0308411214953271 0.06301824212271974
0 0.1677570093457944 0.3474295190713101 0.038317757009345796 0.07462686567164178
0 0.25794392523364484 0.2877280265339967 0.020560747663551402 0.03150912106135987
0 0.30934579439252335 0.25870646766169153 0.020560747663551402 0.04311774461028192
0 0.297196261682243 0.2769485903814262 0.018691588785046728 0.03648424543946932
0 0.3429906542056075 0.2678275290215589 0.020560747663551402 0.04477611940298507
0 0.3341121495327103 0.21724709784411278 0.017757009345794394 0.03648424543946932
0 0.34626168224299064 0.21807628524046435 0.017757009345794394 0.03482587064676617
0 0.3574766355140187 0.23880597014925373 0.01588785046728972 0.03316749585406302
0 0.37383177570093457 0.22885572139303484 0.016822429906542057 0.03980099502487562
0 0.3822429906542056 0.20066334991708126 0.016822429906542057 0.03648424543946932
0 0.4074766355140187 0.17412935323383086 0.014953271028037384 0.029850746268656716
0 0.42336448598130844 0.19071310116086235 0.016822429906542057 0.03316749585406302
0 0.42757009345794394 0.22885572139303484 0.019626168224299065 0.03980099502487562
0 0.45373831775700935 0.23134328358208955 0.02149532710280374 0.04809286898839138
0 0.4724299065420561 0.2537313432835821 0.0308411214953271 0.04975124378109453
0 0.44766355140186914 0.19237147595356552 0.014953271028037384 0.029850746268656716
0 0.45093457943925236 0.17661691542288557 0.014018691588785047 0.03150912106135987
0 0.4654205607476635 0.1625207296849088 0.014953271028037384 0.029850746268656716
0 0.4724299065420561 0.19154228855721392 0.01588785046728972 0.03150912106135987
0 0.4864485981308411 0.19237147595356552 0.017757009345794394 0.029850746268656716
0 0.4827102803738318 0.1351575456053068 0.012149532710280374 0.02155887230514096
0 0.5093457943925234 0.15754560530679934 0.014953271028037384 0.029850746268656716
0 0.5158878504672897 0.21144278606965175 0.018691588785046728 0.03150912106135987
0 0.5378504672897196 0.1310116086235489 0.014018691588785047 0.026533996683250415
0 0.564018691588785 0.16832504145936983 0.02149532710280374 0.04145936981757877
0 0.5448598130841121 0.16417910447761194 0.014953271028037384 0.03648424543946932
0 0.5808411214953271 0.1384742951907131 0.014018691588785047 0.028192371475953566
0 0.6163551401869158 0.1517412935323383 0.01588785046728972 0.03150912106135987
0 0.5929906542056075 0.12437810945273632 0.012149532710280374 0.026533996683250415
0 0.5929906542056075 0.09867330016583747 0.01588785046728972 0.024875621890547265
0 0.6102803738317757 0.06135986733001658 0.014953271028037384 0.026533996683250415
0 0.6495327102803738 0.07545605306799337 0.014953271028037384 0.03150912106135987
0 0.6700934579439253 0.07131011608623548 0.013084112149532711 0.029850746268656716
0 0.6425233644859814 0.10364842454394693 0.014018691588785047 0.024875621890547265
0 0.48317757009345796 0.30265339966832505 0.028037383177570093 0.04477611940298507
0 0.5331775700934579 0.3490878938640133 0.02897196261682243 0.04477611940298507
0 0.5658878504672897 0.25207296849087896 0.019626168224299065 0.03980099502487562
0 0.6037383177570094 0.27114427860696516 0.020560747663551402 0.05140961857379768
0 0.5957943925233645 0.35572139303482586 0.02897196261682243 0.06135986733001658
0 0.6658878504672897 0.3648424543946932 0.02897196261682243 0.06965174129353234
0 0.6560747663551402 0.3101160862354892 0.024299065420560748 0.04643449419568822
0 0.6345794392523364 0.20978441127694858 0.024299065420560748 0.04809286898839138
0 0.6612149532710281 0.2155887230514096 0.019626168224299065 0.04311774461028192
0 0.6654205607476635 0.18325041459369817 0.016822429906542057 0.03482587064676617
0 0.6915887850467289 0.19071310116086235 0.016822429906542057 0.03648424543946932
0 0.6873831775700935 0.1558872305140962 0.01588785046728972 0.03648424543946932
0 0.6892523364485982 0.22470978441127695 0.02149532710280374 0.04145936981757877
0 0.7168224299065421 0.2943615257048093 0.022429906542056073 0.05804311774461028
0 0.7878504672897196 0.31343283582089554 0.028037383177570093 0.05970149253731343
0 0.7537383177570094 0.2645107794361526 0.02336448598130841 0.05140961857379768
0 0.8084112149532711 0.2645107794361526 0.022429906542056073 0.05140961857379768
0 0.914018691588785 0.29187396351575456 0.024299065420560748 0.05306799336650083
0 0.8705607476635514 0.2462686567164179 0.017757009345794394 0.04477611940298507
0 0.7892523364485982 0.19485903814262023 0.019626168224299065 0.04145936981757877
0 0.7574766355140187 0.17330016583747926 0.01588785046728972 0.03482587064676617
0 0.741588785046729 0.1857379767827529 0.017757009345794394 0.029850746268656716
0 0.7242990654205608 0.1691542288557214 0.014953271028037384 0.029850746268656716
0 0.7191588785046729 0.14676616915422885 0.012149532710280374 0.024875621890547265
0 0.7369158878504672 0.1318407960199005 0.014018691588785047 0.03482587064676617
0 0.7476635514018691 0.14593698175787728 0.016822429906542057 0.03316749585406302
0 0.7658878504672897 0.1351575456053068 0.014018691588785047 0.03482587064676617
0 0.7799065420560748 0.12686567164179105 0.012149532710280374 0.03150912106135987
0 0.7934579439252336 0.14344941956882257 0.013084112149532711 0.03814262023217247
0 0.805607476635514 0.14262023217247097 0.011214953271028037 0.026533996683250415
0 0.819158878504673 0.16334991708126037 0.012149532710280374 0.03150912106135987
0 0.8387850467289719 0.17661691542288557 0.012149532710280374 0.03150912106135987
0 0.835981308411215 0.14676616915422885 0.01588785046728972 0.03150912106135987
0 0.8593457943925233 0.15754560530679934 0.014018691588785047 0.03316749585406302
0 0.8588785046728972 0.13432835820895522 0.013084112149532711 0.029850746268656716
0 0.8789719626168224 0.1857379767827529 0.017757009345794394 0.03980099502487562
0 0.8883177570093458 0.17495854063018243 0.01588785046728972 0.03150912106135987
0 0.8953271028037383 0.1417910447761194 0.011214953271028037 0.028192371475953566
0 0.9242990654205607 0.2064676616915423 0.016822429906542057 0.03814262023217247
0 0.9280373831775701 0.16169154228855723 0.013084112149532711 0.03150912106135987