0 0.8326547231270358 0.2564102564102564 0.012214983713355049 0.02849002849002849
0 0.8416123778501629 0.2799145299145299 0.013843648208469055 0.03276353276353276
0 0.8509771986970684 0.26638176638176636 0.013029315960912053 0.03133903133903134
0 0.870114006514658 0.25925925925925924 0.010586319218241042 0.03133903133903134
0 0.8876221498371335 0.27706552706552706 0.014657980456026058 0.03561253561253561
0 0.9295602605863192 0.3148148148148148 0.012214983713355049 0.02849002849002849
0 0.9299674267100977 0.2841880341880342 0.009771986970684038 0.027065527065527065
0 0.9246742671009772 0.349002849002849 0.013843648208469055 0.042735042735042736
0 0.8819218241042345 0.33547008547008544 0.014657980456026058 0.038461538461538464
0 0.863599348534202 0.33262108262108264 0.013843648208469055 0.04131054131054131
0 0.9063517915309446 0.4793447293447293 0.024429967426710098 0.06695156695156695
0 0.8412052117263844 0.46225071225071224 0.024429967426710098 0.05555555555555555
0 0.8285830618892508 0.3945868945868946 0.02035830618892508 0.05413105413105413
0 0.8139250814332247 0.5092592592592593 0.025244299674267102 0.06695156695156695
0 0.8021172638436482 0.24287749287749288 0.009771986970684038 0.029914529914529916
0 0.8151465798045603 0.27136752136752135 0.011400651465798045 0.029914529914529916
0 0.7972312703583062 0.2905982905982906 0.014657980456026058 0.03418803418803419
0 0.8171824104234527 0.3425925925925926 0.01710097719869707 0.04415954415954416
0 0.8065960912052117 0.35826210826210825 0.023615635179153095 0.04985754985754986
0 0.7695439739413681 0.4351851851851852 0.024429967426710098 0.0641025641025641
0 0.7365635179153095 0.25284900284900286 0.013843648208469055 0.03276353276353276
0 0.7585504885993485 0.2556980056980057 0.012214983713355049 0.029914529914529916
0 0.762214983713355 0.2841880341880342 0.013029315960912053 0.04131054131054131
0 0.7756514657980456 0.23717948717948717 0.012214983713355049 0.024216524216524215
0 0.6970684039087948 0.25783475783475784 0.013029315960912053 0.03133903133903134
0 0.7052117263843648 0.29772079772079774 0.016286644951140065 0.042735042735042736
0 0.7133550488599348 0.4131054131054131 0.024429967426710098 0.05982905982905983
0 0.6905537459283387 0.5263532763532763 0.030944625407166124 0.0754985754985755
0 0.625814332247557 0.4807692307692308 0.028501628664495113 0.0698005698005698
0 0.6624592833876222 0.36538461538461536 0.021986970684039087 0.04700854700854701
0 0.636400651465798 0.35185185185185186 0.01710097719869707 0.042735042735042736
0 0.5932410423452769 0.39814814814814814 0.021986970684039087 0.04985754985754986
0 0.5724755700325733 0.4586894586894587 0.02768729641693811 0.06552706552706553
0 0.6746742671009772 0.3190883190883191 0.02035830618892508 0.037037037037037035
0 0.6832247557003257 0.3575498575498576 0.019543973941368076 0.04843304843304843
0 0.6612377850162866 0.20797720797720798 0.009771986970684038 0.019943019943019943
0 0.6754885993485342 0.21581196581196582 0.012214983713355049 0.024216524216524215
0 0.6628664495114006 0.2799145299145299 0.014657980456026058 0.038461538461538464
0 0.632328990228013 0.2215099715099715 0.012214983713355049 0.027065527065527065
0 0.6046416938110749 0.20655270655270655 0.008957654723127036 0.022792022792022793
0 0.5928338762214984 0.25071225071225073 0.011400651465798045 0.02849002849002849
0 0.5973127035830619 0.23005698005698005 0.010586319218241042 0.027065527065527065
0 0.5586319218241043 0.21723646723646722 0.009771986970684038 0.024216524216524215
0 0.5663680781758957 0.24643874643874644 0.013843648208469055 0.037037037037037035
0 0.5439739413680782 0.2443019943019943 0.011400651465798045 0.03561253561253561
0 0.5484527687296417 0.2742165242165242 0.013843648208469055 0.038461538461538464
0 0.502442996742671 0.26851851851851855 0.013029315960912053 0.029914529914529916
0 0.5138436482084691 0.27849002849002846 0.016286644951140065 0.038461538461538464
0 0.495928338762215 0.3262108262108262 0.014657980456026058 0.042735042735042736
0 0.5260586319218241 0.3831908831908832 0.021172638436482084 0.05128205128205128
0 0.5386807817589576 0.40883190883190884 0.02687296416938111 0.05698005698005698
0 0.46783387622149836 0.4116809116809117 0.028501628664495113 0.06267806267806268
0 0.4377035830618892 0.26282051282051283 0.012214983713355049 0.029914529914529916
0 0.4564332247557003 0.24643874643874644 0.013843648208469055 0.02849002849002849
0 0.4531758957654723 0.27635327635327633 0.015472312703583062 0.03418803418803419
0 0.4609120521172638 0.3190883190883191 0.019543973941368076 0.039886039886039885
0 0.44340390879478825 0.34971509971509973 0.02035830618892508 0.04131054131054131
0 0.40390879478827363 0.3333333333333333 0.017915309446254073 0.037037037037037035
0 0.42793159609120524 0.3126780626780627 0.01710097719869707 0.04415954415954416
0 0.38640065146579805 0.26638176638176636 0.015472312703583062 0.03418803418803419
0 0.3473127035830619 0.2984330484330484 0.012214983713355049 0.027065527065527065
0 0.380700325732899 0.3383190883190883 0.013843648208469055 0.038461538461538464
0 0.4006514657980456 0.3005698005698006 0.011400651465798045 0.02849002849002849
0 0.3127035830618892 0.3896011396011396 0.02280130293159609 0.04700854700854701
0 0.28257328990228014 0.3148148148148148 0.014657980456026058 0.03133903133903134
0 0.2927524429967427 0.358974358974359 0.018729641693811076 0.045584045584045586
0 0.25651465798045603 0.3611111111111111 0.017915309446254073 0.04415954415954416
0 0.2251628664495114 0.3433048433048433 0.013843648208469055 0.03418803418803419
0 0.14210097719869708 0.542022792022792 0.033387622149837134 0.0754985754985755