0 0.17854315122723674 0.47291666666666665 0.040380047505938245 0.07083333333333333
0 0.2941409342834521 0.26319444444444445 0.013460015835312747 0.0375
0 0.331353919239905 0.21180555555555555 0.010292953285827395 0.034722222222222224
0 0.3222486144101346 0.25555555555555554 0.01583531274742676 0.03888888888888889
0 0.3475851148060174 0.2625 0.01583531274742676 0.041666666666666664
0 0.35233570863024544 0.22777777777777777 0.014251781472684086 0.03611111111111111
0 0.3491686460807601 0.21458333333333332 0.014251781472684086 0.0375
0 0.3721298495645289 0.23819444444444443 0.01583531274742676 0.0375
0 0.38638163103721296 0.2548611111111111 0.01741884402216944 0.043055555555555555
0 0.39469517022961204 0.22916666666666666 0.015043547110055424 0.03888888888888889
0 0.41488519398258117 0.26319444444444445 0.02058590657165479 0.05416666666666667
0 0.41092636579572445 0.19305555555555556 0.012668250197941409 0.030555555555555555
0 0.4247822644497229 0.1798611111111111 0.011876484560570071 0.02638888888888889
0 0.43903404592240697 0.1527777777777778 0.010292953285827395 0.025
0 0.4505146476642914 0.1701388888888889 0.011084718923198733 0.02638888888888889
0 0.4663499604117181 0.15763888888888888 0.011084718923198733 0.02638888888888889
0 0.4580364212193191 0.2326388888888889 0.0166270783847981 0.043055555555555555
0 0.49643705463182897 0.18611111111111112 0.01583531274742676 0.03611111111111111
0 0.5079176563737133 0.125 0.00870942201108472 0.019444444444444445
0 0.5174188440221694 0.15694444444444444 0.011876484560570071 0.03888888888888889
0 0.5360253365003959 0.1326388888888889 0.009501187648456057 0.02361111111111111
0 0.5459224069675376 0.16111111111111112 0.013460015835312747 0.03611111111111111
0 0.5554235946159937 0.13958333333333334 0.013460015835312747 0.029166666666666667
0 0.5665083135391924 0.11388888888888889 0.010292953285827395 0.027777777777777776
0 0.5890736342042755 0.10069444444444445 0.011084718923198733 0.02638888888888889
0 0.5799683293745052 0.1638888888888889 0.015043547110055424 0.03611111111111111
0 0.610055423594616 0.14722222222222223 0.011876484560570071 0.03333333333333333
0 0.6199524940617577 0.09305555555555556 0.009501187648456057 0.025
0 0.6429136975455265 0.09513888888888888 0.009501187648456057 0.02361111111111111
0 0.6433095803642122 0.11527777777777778 0.010292953285827395 0.027777777777777776
0 0.6385589865399842 0.1326388888888889 0.011876484560570071 0.029166666666666667
0 0.604117181314331 0.2111111111111111 0.019002375296912115 0.044444444444444446
0 0.5906571654790183 0.12222222222222222 0.009501187648456057 0.027777777777777776
0 0.5977830562153602 0.25 0.019002375296912115 0.05555555555555555
0 0.6377672209026128 0.3034722222222222 0.02454473475851148 0.05694444444444444
0 0.6575613618368963 0.2465277777777778 0.022961203483768806 0.05138888888888889
0 0.5609659540775931 0.24722222222222223 0.022961203483768806 0.04722222222222222
0 0.5364212193190816 0.2881944444444444 0.026128266033254157 0.059722222222222225
0 0.6603325415676959 0.22083333333333333 0.019002375296912115 0.05
0 0.6900237529691211 0.21597222222222223 0.01979414093428345 0.05138888888888889
0 0.6559778305621536 0.11319444444444444 0.010292953285827395 0.02638888888888889
0 0.6646872525732384 0.12708333333333333 0.011876484560570071 0.03194444444444444
0 0.6983372921615202 0.10833333333333334 0.011084718923198733 0.025
0 0.721298495645289 0.18263888888888888 0.01583531274742676 0.0375
0 0.7193190815518606 0.13541666666666666 0.013460015835312747 0.034722222222222224
0 0.6900237529691211 0.16111111111111112 0.015043547110055424 0.030555555555555555
0 0.7359461599366588 0.12708333333333333 0.010292953285827395 0.03194444444444444
0 0.7458432304038005 0.1423611111111111 0.014251781472684086 0.034722222222222224
0 0.770387965162312 0.11875 0.009501187648456057 0.020833333333333332
0 0.7533650039588282 0.17152777777777778 0.013460015835312747 0.03194444444444444
0 0.778701504354711 0.16180555555555556 0.013460015835312747 0.03194444444444444
0 0.8052256532066508 0.12430555555555556 0.011084718923198733 0.03194444444444444
0 0.8103721298495645 0.1597222222222222 0.013460015835312747 0.03333333333333333
0 0.7640538400633412 0.22847222222222222 0.019002375296912115 0.043055555555555555
0 0.7743467933491687 0.20416666666666666 0.01583531274742676 0.03888888888888889
0 0.7676167854315122 0.27708333333333335 0.021377672209026127 0.05416666666666667
0 0.8111638954869359 0.2465277777777778 0.018210609659540775 0.04861111111111111
0 0.8531274742676168 0.25416666666666665 0.01979414093428345 0.05
0 0.83729216152019 0.125 0.011876484560570071 0.030555555555555555
0 0.8214568487727633 0.21666666666666667 0.015043547110055424 0.03333333333333333
0 0.8416468725257323 0.18055555555555555 0.012668250197941409 0.030555555555555555
0 0.8507521773555028 0.16319444444444445 0.013460015835312747 0.034722222222222224
0 0.8555027711797308 0.14375 0.013460015835312747 0.029166666666666667
0 0.9057798891528107 0.12152777777777778 0.011084718923198733 0.02638888888888889
0 0.9247822644497229 0.12569444444444444 0.014251781472684086 0.03194444444444444
0 0.8942992874109263 0.14930555555555555 0.013460015835312747 0.034722222222222224
0 0.9235946159936659 0.16111111111111112 0.013460015835312747 0.03333333333333333
0 0.8867775138558986 0.18194444444444444 0.01583531274742676 0.03333333333333333
0 0.9239904988123515 0.20069444444444445 0.012668250197941409 0.03194444444444444
0 0.9204275534441805 0.24166666666666667 0.0166270783847981 0.044444444444444446
0 0.8685669041963578 0.2326388888888889 0.019002375296912115 0.04861111111111111
0 0.9034045922406968 0.3013888888888889 0.023752969121140142 0.06111111111111111
0 0.8780680918448139 0.4111111111111111 0.03642121931908155 0.075
0 0.8297703879651623 0.31319444444444444 0.025336500395882817 0.06805555555555555
0 0.7988915281076802 0.38263888888888886 0.030087094220110848 0.07916666666666666