0 0.20717131474103587 0.34973166368515207 0.0398406374501992 0.06618962432915922
0 0.18824701195219123 0.24686940966010734 0.021912350597609563 0.04293381037567084
0 0.21115537848605578 0.24150268336314848 0.021912350597609563 0.046511627906976744
0 0.3401394422310757 0.21288014311270126 0.018924302788844622 0.03935599284436494
0 0.42330677290836655 0.21914132379248658 0.0199203187250996 0.04114490161001789
0 0.45667330677290835 0.1967799642218247 0.02091633466135458 0.04293381037567084
0 0.4810756972111554 0.22808586762075134 0.021912350597609563 0.04830053667262969
0 0.4910358565737052 0.17889087656529518 0.0199203187250996 0.03577817531305903
0 0.545816733067729 0.1887298747763864 0.0199203187250996 0.044722719141323794
0 0.5891434262948207 0.16189624329159213 0.018924302788844622 0.03756708407871199
0 0.6195219123505976 0.13506261180679785 0.01593625498007968 0.03041144901610018
0 0.6135458167330677 0.23434704830053668 0.021912350597609563 0.05008944543828265
0 0.7206175298804781 0.2844364937388193 0.02888446215139442 0.06082289803220036
0 0.8386454183266933 0.3416815742397138 0.025896414342629483 0.05366726296958855
0 0.8321713147410359 0.22450805008944544 0.018924302788844622 0.044722719141323794
0 0.921812749003984 0.2826475849731664 0.02091633466135458 0.03935599284436494
0 0.8859561752988048 0.11806797853309481 0.012948207171314742 0.03577817531305903
0 0.9307768924302788 0.1556350626118068 0.014940239043824702 0.03220035778175313