0 0.06820319849482596 0.33663366336633666 0.01975540921919097 0.033003300330033
0 0.3494825964252117 0.2731023102310231 0.021636876763875823 0.04455445544554455
0 0.39087488240827845 0.26485148514851486 0.021636876763875823 0.04785478547854786
0 0.41768579492003766 0.25742574257425743 0.024459078080903106 0.0462046204620462
0 0.4633113828786453 0.2334983498349835 0.027281279397930385 0.04455445544554455
0 0.4524929444967074 0.18729372937293728 0.015051740357478834 0.037953795379537955
0 0.4717779868297272 0.19554455445544555 0.01599247412982126 0.034653465346534656
0 0.48118532455315144 0.18646864686468648 0.012229539040451553 0.0297029702970297
0 0.49482596425211667 0.19966996699669967 0.01881467544684854 0.036303630363036306
0 0.49388523047977423 0.23102310231023102 0.01881467544684854 0.039603960396039604
0 0.49764816556914393 0.10396039603960396 0.016933207902163686 0.0297029702970297
0 0.5818438381937912 0.14026402640264027 0.01599247412982126 0.033003300330033
0 0.5832549388523048 0.066006600660066 0.01317027281279398 0.0231023102310231
0 0.6119473189087489 0.2632013201320132 0.027281279397930385 0.04785478547854786
0 0.49717779868297274 0.3102310231023102 0.031044214487300093 0.052805280528052806
0 0.7210724365004704 0.18564356435643564 0.021636876763875823 0.041254125412541254
0 0.7615239887111948 0.2334983498349835 0.02539981185324553 0.054455445544554455