0 0.19457436856875585 0.44583333333333336 0.04303086997193639 0.085
0 0.3147801683816651 0.2425 0.019644527595884004 0.035
0 0.3484565014031805 0.1975 0.01777362020579981 0.03833333333333333
0 0.4130028063610851 0.16833333333333333 0.015902712815715623 0.03333333333333333
0 0.41627689429373244 0.20666666666666667 0.01683816651075772 0.03666666666666667
0 0.4354536950420954 0.17333333333333334 0.015902712815715623 0.02666666666666667
0 0.4490177736202058 0.22833333333333333 0.02245088868101029 0.043333333333333335
0 0.4812909260991581 0.23 0.023386342376052385 0.04666666666666667
0 0.47287184284377926 0.1925 0.019644527595884004 0.028333333333333332
0 0.46351730589335827 0.16916666666666666 0.01777362020579981 0.028333333333333332
0 0.4490177736202058 0.1575 0.014967259120673527 0.028333333333333332
0 0.46913002806361087 0.14416666666666667 0.01777362020579981 0.03166666666666667
0 0.49251637043966323 0.13916666666666666 0.01403180542563143 0.028333333333333332
0 0.49345182413470534 0.16916666666666666 0.01777362020579981 0.03166666666666667
0 0.510757717492984 0.14166666666666666 0.01683816651075772 0.03333333333333333
0 0.5173058933582788 0.12 0.014967259120673527 0.03
0 0.5547240411599625 0.18916666666666668 0.018709073900841908 0.041666666666666664
0 0.5453695042095417 0.14666666666666667 0.01683816651075772 0.03333333333333333
0 0.5439663236669785 0.09916666666666667 0.01403180542563143 0.025
0 0.5724976613657624 0.13833333333333334 0.014967259120673527 0.03333333333333333
0 0.598690364826941 0.1425 0.01683816651075772 0.035
0 0.6253507951356407 0.1325 0.01777362020579981 0.035
0 0.5042095416276894 0.2833333333333333 0.026192703461178673 0.056666666666666664
0 0.569223573433115 0.2966666666666667 0.028999064546304958 0.07
0 0.5664172123479888 0.2525 0.021515434985968196 0.041666666666666664
0 0.5949485500467727 0.25833333333333336 0.02806361085126286 0.06
0 0.627221702525725 0.305 0.027128157156220765 0.06666666666666667
0 0.686623012160898 0.34 0.029934518241347054 0.07333333333333333
0 0.6721234798877456 0.2808333333333333 0.027128157156220765 0.051666666666666666
0 0.6361085126286249 0.20166666666666666 0.02245088868101029 0.04666666666666667
0 0.6637043966323667 0.225 0.019644527595884004 0.04666666666666667
0 0.6613657623947614 0.19083333333333333 0.0205799812909261 0.045
0 0.696913002806361 0.17833333333333334 0.02245088868101029 0.04
0 0.7053320860617399 0.20583333333333334 0.02245088868101029 0.045
0 0.7146866230121609 0.24 0.026192703461178673 0.05333333333333334
0 0.7362020579981291 0.18583333333333332 0.018709073900841908 0.03833333333333333
0 0.7174929840972872 0.1725 0.014967259120673527 0.035
0 0.7689429373246024 0.17333333333333334 0.02245088868101029 0.03666666666666667
0 0.7684752104770813 0.14416666666666667 0.01777362020579981 0.035
0 0.8124415341440598 0.29833333333333334 0.028999064546304958 0.06333333333333334
0 0.8110383536014967 0.2625 0.0205799812909261 0.045
0 0.7951356407857811 0.21583333333333332 0.0205799812909261 0.045
0 0.80355472404116 0.1775 0.01683816651075772 0.045
0 0.7932647333956969 0.17833333333333334 0.011225444340505144 0.03666666666666667
0 0.8264733395696913 0.17333333333333334 0.01777362020579981 0.03666666666666667
0 0.8437792329279701 0.18916666666666668 0.01683816651075772 0.03833333333333333
0 0.8465855940130963 0.22333333333333333 0.018709073900841908 0.04
0 0.8475210477081384 0.32666666666666666 0.029934518241347054 0.056666666666666664
0 0.9097287184284378 0.36833333333333335 0.027128157156220765 0.07
0 0.8952291861552854 0.4558333333333333 0.031805425631431246 0.085
0 0.8643592142188962 0.30083333333333334 0.02432179607109448 0.051666666666666666
0 0.882600561272217 0.23 0.021515434985968196 0.056666666666666664
0 0.8676333021515436 0.185 0.01777362020579981 0.04
0 0.8910196445275959 0.19666666666666666 0.01777362020579981 0.05333333333333334
0 0.9256314312441534 0.23583333333333334 0.021515434985968196 0.051666666666666666
0 0.9195509822263798 0.2975 0.0205799812909261 0.04833333333333333
0 0.961178671655753 0.14083333333333334 0.01777362020579981 0.045