0 0.17366946778711484 0.4794069192751236 0.03361344537815126 0.06260296540362438
0 0.25210084033613445 0.2652388797364086 0.013071895424836602 0.032948929159802305
0 0.2698412698412698 0.2751235584843493 0.014939309056956116 0.029654036243822075
0 0.2945845004668534 0.2602965403624382 0.017740429505135387 0.032948929159802305
0 0.3464052287581699 0.29736408566721584 0.01680672268907563 0.03130148270181219
0 0.34967320261437906 0.26194398682042835 0.015873015873015872 0.036243822075782535
0 0.30485527544351076 0.23146622734761121 0.015873015873015872 0.02800658978583196
0 0.3300653594771242 0.22075782537067545 0.014005602240896359 0.032948929159802305
0 0.35154061624649857 0.2257001647446458 0.014005602240896359 0.023064250411861616
0 0.3800186741363212 0.22240527182866557 0.013071895424836602 0.023064250411861616
0 0.39355742296918766 0.26194398682042835 0.017740429505135387 0.039538714991762765
0 0.37675070028011204 0.1927512355848435 0.01027077497665733 0.023064250411861616
0 0.3888888888888889 0.18533772652388797 0.01027077497665733 0.03130148270181219
0 0.41409897292250236 0.1812191103789127 0.012138188608776844 0.029654036243822075
0 0.44164332399626516 0.1812191103789127 0.011204481792717087 0.023064250411861616
0 0.45284780578898226 0.21663920922570015 0.01680672268907563 0.03789126853377265
0 0.4785247432306256 0.22817133443163098 0.015873015873015872 0.03459637561779242
0 0.5051353874883286 0.18780889621087316 0.014939309056956116 0.032948929159802305
0 0.47759103641456585 0.19604612850082373 0.015873015873015872 0.029654036243822075
0 0.47198879551820727 0.16392092257001648 0.012138188608776844 0.02471169686985173
0 0.446311858076564 0.1457990115321252 0.011204481792717087 0.0214168039538715
0 0.4780578898225957 0.1400329489291598 0.011204481792717087 0.023064250411861616
0 0.5107376283846872 0.1614497528830313 0.013071895424836602 0.019769357495881382
0 0.5401493930905695 0.1886326194398682 0.014005602240896359 0.03459637561779242
0 0.5504201680672269 0.16474464579901152 0.01027077497665733 0.029654036243822075
0 0.5798319327731093 0.1672158154859967 0.013071895424836602 0.02800658978583196
0 0.5620915032679739 0.12108731466227347 0.013071895424836602 0.02800658978583196
0 0.6055088702147525 0.15815485996705106 0.012138188608776844 0.026359143327841845
0 0.6274509803921569 0.13756177924217464 0.014939309056956116 0.02471169686985173
0 0.6405228758169934 0.11614497528830313 0.011204481792717087 0.02800658978583196
0 0.6774042950513539 0.12355848434925865 0.01027077497665733 0.026359143327841845
0 0.6087768440709617 0.11614497528830313 0.009337068160597572 0.018121911037891267
0 0.5709617180205415 0.1441515650741351 0.012138188608776844 0.018121911037891267
0 0.5214752567693745 0.2957166392092257 0.021475256769374416 0.04118616144975288
0 0.5611577964519141 0.2940691927512356 0.022408963585434174 0.051070840197693576
0 0.6143790849673203 0.31054365733113676 0.022408963585434174 0.057660626029654036
0 0.6041083099906629 0.2586490939044481 0.02054154995331466 0.04612850082372323
0 0.5746965452847805 0.2257001647446458 0.021475256769374416 0.04612850082372323
0 0.6209150326797386 0.214168039538715 0.01680672268907563 0.036243822075782535
0 0.6647992530345471 0.21746293245469522 0.014939309056956116 0.036243822075782535
0 0.6755368814192344 0.2602965403624382 0.0196078431372549 0.04942339373970346
0 0.7026143790849673 0.2677100494233937 0.0196078431372549 0.047775947281713346
0 0.6704014939309056 0.1886326194398682 0.013071895424836602 0.02800658978583196
0 0.6974789915966386 0.18780889621087316 0.01680672268907563 0.036243822075782535
0 0.6867413632119514 0.15650741350906094 0.012138188608776844 0.029654036243822075
0 0.699813258636788 0.1441515650741351 0.012138188608776844 0.02800658978583196
0 0.7170868347338936 0.16392092257001648 0.014939309056956116 0.03130148270181219
0 0.7254901960784313 0.13591433278418452 0.011204481792717087 0.02471169686985173
0 0.7380952380952381 0.13097199341021418 0.014005602240896359 0.03130148270181219
0 0.7595704948646125 0.12685337726523888 0.012138188608776844 0.029654036243822075
0 0.757703081232493 0.1672158154859967 0.014005602240896359 0.02800658978583196
0 0.7717086834733894 0.16062602965403625 0.014005602240896359 0.03130148270181219
0 0.7264239028944911 0.20098846787479407 0.014939309056956116 0.029654036243822075
0 0.7096171802054155 0.21828665568369027 0.01680672268907563 0.03789126853377265
0 0.7684407096171803 0.2257001647446458 0.018674136321195144 0.04942339373970346
0 0.761437908496732 0.2841845140032949 0.025210084033613446 0.047775947281713346
0 0.8375350140056023 0.28171334431630973 0.02054154995331466 0.05601317957166392
0 0.9159663865546218 0.2487644151565074 0.018674136321195144 0.05271828665568369
0 0.88468720821662 0.21499176276771004 0.015873015873015872 0.03459637561779242
0 0.8828197945845004 0.17380560131795716 0.01027077497665733 0.02471169686985173
0 0.8874883286647992 0.15897858319604613 0.012138188608776844 0.03130148270181219
0 0.8323996265172736 0.2257001647446458 0.014005602240896359 0.036243822075782535
0 0.8408029878618114 0.19110378912685339 0.015873015873015872 0.032948929159802305
0 0.8492063492063492 0.16803953871499178 0.014005602240896359 0.032948929159802305
0 0.8263305322128851 0.1515650741350906 0.013071895424836602 0.023064250411861616
0 0.8011204481792717 0.16392092257001648 0.014939309056956116 0.03789126853377265