0 0.1635399673735726 0.4680397727272727 0.044861337683523655 0.09232954545454546
0 0.2365415986949429 0.34232954545454547 0.01794453507340946 0.036931818181818184
0 0.265905383360522 0.35014204545454547 0.021207177814029365 0.046875
0 0.29445350734094616 0.3671875 0.024469820554649267 0.046875
0 0.2895595432300163 0.30823863636363635 0.01957585644371941 0.03977272727272727
0 0.33809135399673734 0.3757102272727273 0.02365415986949429 0.04971590909090909
0 0.3576672104404568 0.2947443181818182 0.015497553017944535 0.032670454545454544
0 0.37479608482871124 0.32457386363636365 0.013866231647634585 0.03835227272727273
0 0.3866231647634584 0.33948863636363635 0.01794453507340946 0.03409090909090909
0 0.41150081566068514 0.3387784090909091 0.020391517128874388 0.03835227272727273
0 0.4310766721044046 0.35014204545454547 0.018760195758564437 0.046875
0 0.41353996737357257 0.29829545454545453 0.01631321370309951 0.036931818181818184
0 0.4033442088091354 0.28125 0.013866231647634585 0.03125
0 0.398858075040783 0.25639204545454547 0.01468189233278956 0.032670454545454544
0 0.43230016313213704 0.2819602272727273 0.013050570962479609 0.032670454545454544
0 0.4461663947797716 0.3132102272727273 0.021207177814029365 0.03835227272727273
0 0.47145187601957583 0.3046875 0.01631321370309951 0.032670454545454544
0 0.42699836867862967 0.26136363636363635 0.013866231647634585 0.022727272727272728
0 0.4722675367047308 0.2677556818181818 0.01631321370309951 0.032670454545454544
0 0.4596247960848287 0.2507102272727273 0.015497553017944535 0.026988636363636364
0 0.4698205546492659 0.24147727272727273 0.01468189233278956 0.02556818181818182
0 0.5024469820554649 0.25923295454545453 0.01468189233278956 0.029829545454545456
0 0.515905383360522 0.2755681818181818 0.017128874388254486 0.028409090909090908
0 0.5195758564437194 0.2507102272727273 0.01468189233278956 0.026988636363636364
0 0.5379282218597063 0.2507102272727273 0.017128874388254486 0.032670454545454544
0 0.5489396411092985 0.2755681818181818 0.01631321370309951 0.03409090909090909
0 0.5664763458401305 0.25639204545454547 0.018760195758564437 0.03551136363636364
0 0.5530179445350734 0.2265625 0.01468189233278956 0.026988636363636364
0 0.5721859706362153 0.22585227272727273 0.013866231647634585 0.02556818181818182
0 0.6011419249592169 0.22443181818181818 0.013050570962479609 0.02556818181818182
0 0.6023654159869495 0.2528409090909091 0.017128874388254486 0.028409090909090908
0 0.6129690048939641 0.2059659090909091 0.012234910277324634 0.028409090909090908
0 0.6260195758564437 0.21519886363636365 0.012234910277324634 0.026988636363636364
0 0.6460032626427407 0.25 0.01468189233278956 0.028409090909090908
0 0.6574225122349103 0.21875 0.011419249592169658 0.02556818181818182
0 0.6733278955954323 0.23224431818181818 0.013866231647634585 0.026988636363636364
0 0.6876019575856444 0.2315340909090909 0.013050570962479609 0.03125
0 0.5232463295269169 0.3117897727272727 0.020391517128874388 0.041193181818181816
0 0.5008156606851549 0.3700284090909091 0.02936378466557912 0.061079545454545456
0 0.5464926590538336 0.4041193181818182 0.026101141924959218 0.052556818181818184
0 0.5407830342577488 0.3742897727272727 0.02936378466557912 0.041193181818181816
0 0.5991027732463295 0.3252840909090909 0.02528548123980424 0.048295454545454544
0 0.5807504078303426 0.4197443181818182 0.024469820554649267 0.046875
0 0.6150081566068516 0.4318181818181818 0.03099510603588907 0.07102272727272728
0 0.6635399673735726 0.4552556818181818 0.03181076672104405 0.07244318181818182
0 0.6655791190864601 0.3664772727272727 0.02773246329526917 0.05397727272727273
0 0.6460032626427407 0.3409090909090909 0.01957585644371941 0.05113636363636364
0 0.636215334420881 0.3096590909090909 0.021207177814029365 0.04261363636363636
0 0.6827079934747146 0.26704545454545453 0.013050570962479609 0.03125
0 0.7035073409461664 0.26136363636363635 0.015497553017944535 0.03409090909090909
0 0.7153344208809136 0.2862215909090909 0.01631321370309951 0.03835227272727273
0 0.7385807504078303 0.25142045454545453 0.012234910277324634 0.03125
0 0.7475530179445351 0.26917613636363635 0.018760195758564437 0.032670454545454544
0 0.7434747145187602 0.22301136363636365 0.013866231647634585 0.03125
0 0.7773246329526917 0.2372159090909091 0.01468189233278956 0.036931818181818184
0 0.7654975530179445 0.2840909090909091 0.012234910277324634 0.03125
0 0.8091353996737357 0.24928977272727273 0.01468189233278956 0.032670454545454544
0 0.8107667210440457 0.30610795454545453 0.01794453507340946 0.03835227272727273
0 0.8217781402936378 0.33948863636363635 0.017128874388254486 0.03977272727272727
0 0.8075040783034257 0.3693181818181818 0.024469820554649267 0.048295454545454544
0 0.782626427406199 0.4133522727272727 0.028548123980424143 0.05965909090909091
0 0.7410277324632952 0.4034090909090909 0.026916802610114192 0.048295454545454544
0 0.6884176182707994 0.3465909090909091 0.022838499184339316 0.048295454545454544
0 0.7108482871125612 0.5 0.0367047308319739 0.07954545454545454
0 0.8331973898858075 0.5106534090909091 0.03507340946166395 0.078125
0 0.8474714518760196 0.46732954545454547 0.03099510603588907 0.056818181818181816
0 0.8625611745513866 0.4133522727272727 0.02528548123980424 0.05965909090909091
0 0.8727569331158238 0.35014204545454547 0.021207177814029365 0.03835227272727273
0 0.8421696574225123 0.3068181818181818 0.017128874388254486 0.03409090909090909
0 0.8535889070146819 0.28551136363636365 0.013866231647634585 0.03409090909090909
0 0.8584828711256117 0.26420454545454547 0.015497553017944535 0.028409090909090908
0 0.8397226753670473 0.2571022727272727 0.015497553017944535 0.03409090909090909
0 0.8719412724306689 0.2578125 0.013050570962479609 0.032670454545454544
0 0.8968189233278956 0.2911931818181818 0.013866231647634585 0.03977272727272727
0 0.8825448613376835 0.3203125 0.01957585644371941 0.041193181818181816
0 0.9057911908646004 0.47017045454545453 0.028548123980424143 0.06818181818181818
0 0.9159869494290375 0.3984375 0.024469820554649267 0.052556818181818184
0 0.9261827079934747 0.3572443181818182 0.020391517128874388 0.046875
0 0.9221044045676998 0.3274147727272727 0.017128874388254486 0.03551136363636364
0 0.932300163132137 0.3153409090909091 0.01468189233278956 0.036931818181818184
0 0.9327079934747146 0.28480113636363635 0.013866231647634585 0.029829545454545456