0 0.23130193905817176 0.23824959481361427 0.023084025854108958 0.04538087520259319
0 0.25761772853185594 0.2171799027552674 0.020313942751615882 0.04862236628849271
0 0.2756232686980609 0.20826580226904376 0.02123730378578024 0.04700162074554295
0 0.29778393351800553 0.25040518638573744 0.02677746999076639 0.050243111831442464
0 0.31809787626962144 0.21231766612641814 0.024930747922437674 0.04538087520259319
0 0.3471837488457987 0.206645056726094 0.020313942751615882 0.050243111831442464
0 0.3564173591874423 0.18557536466774716 0.0221606648199446 0.04376012965964344
0 0.3684210526315789 0.20826580226904376 0.0221606648199446 0.050243111831442464
0 0.4039704524469067 0.17017828200972449 0.02677746999076639 0.04538087520259319
0 0.4455216989843029 0.20016207455429497 0.028624192059095107 0.05348460291734198
0 0.5498614958448753 0.20178282009724474 0.028624192059095107 0.06645056726094004
0 0.5992613111726686 0.24554294975688817 0.02585410895660203 0.05348460291734198
0 0.6149584487534626 0.23419773095623986 0.0221606648199446 0.05348460291734198
0 0.6403508771929824 0.233387358184765 0.024930747922437674 0.05186385737439222
0 0.6343490304709142 0.21231766612641814 0.024007386888273315 0.04538087520259319