0 0.11416589002795899 0.4691666666666667 0.045666356011183594 0.09833333333333333
0 0.2548928238583411 0.2891666666666667 0.013979496738117428 0.025
0 0.2702702702702703 0.2775 0.014911463187325256 0.028333333333333332
0 0.30242311276794037 0.26 0.015843429636533086 0.03333333333333333
0 0.3136067101584343 0.2825 0.015843429636533086 0.028333333333333332
0 0.3508853681267474 0.255 0.015843429636533086 0.03
0 0.3164026095060578 0.22416666666666665 0.013979496738117428 0.03166666666666667
0 0.3401677539608574 0.21916666666666668 0.0130475302889096 0.025
0 0.35228331780055916 0.22583333333333333 0.0130475302889096 0.028333333333333332
0 0.3685927306616962 0.23916666666666667 0.017707362534948742 0.03166666666666667
0 0.4109972041006524 0.23083333333333333 0.016775396085740912 0.03833333333333333
0 0.43103448275862066 0.27416666666666667 0.021435228331780055 0.041666666666666664
0 0.385834109972041 0.2 0.014911463187325256 0.02666666666666667
0 0.40354147250698974 0.17666666666666667 0.014911463187325256 0.023333333333333334
0 0.4217148182665424 0.18916666666666668 0.015843429636533086 0.021666666666666667
0 0.44175209692451073 0.20333333333333334 0.016775396085740912 0.03
0 0.4636533084808947 0.24916666666666668 0.023299161230195712 0.03833333333333333
0 0.4664492078285182 0.2025 0.0195712954333644 0.035
0 0.4482758620689655 0.17166666666666666 0.0130475302889096 0.03
0 0.4506057781919851 0.14166666666666666 0.013979496738117428 0.02666666666666667
0 0.47809878844361603 0.16666666666666666 0.0130475302889096 0.02666666666666667
0 0.46971109040074555 0.15 0.0130475302889096 0.023333333333333334
0 0.48602050326188256 0.135 0.013979496738117428 0.03
0 0.48602050326188256 0.19833333333333333 0.015843429636533086 0.03
0 0.5391425908667288 0.20416666666666666 0.015843429636533086 0.028333333333333332
0 0.5410065237651445 0.16083333333333333 0.013979496738117428 0.03166666666666667
0 0.5554520037278659 0.14666666666666667 0.0130475302889096 0.03
0 0.576421248835042 0.16583333333333333 0.015843429636533086 0.035
0 0.516309412861137 0.14166666666666666 0.0130475302889096 0.023333333333333334
0 0.5279589934762349 0.135 0.012115563839701771 0.023333333333333334
0 0.505591798695247 0.16916666666666666 0.013979496738117428 0.028333333333333332
0 0.5577819198508853 0.11166666666666666 0.012115563839701771 0.023333333333333334
0 0.5824790307548928 0.13333333333333333 0.011183597390493943 0.023333333333333334
0 0.5894687791239516 0.1225 0.010251630941286114 0.021666666666666667
0 0.5927306616961789 0.10083333333333333 0.0130475302889096 0.028333333333333332
0 0.6095060577819198 0.1125 0.011183597390493943 0.025
0 0.6183597390493942 0.1375 0.013979496738117428 0.025
0 0.6216216216216216 0.10083333333333333 0.011183597390493943 0.025
0 0.6346691519105312 0.10833333333333334 0.0130475302889096 0.03
0 0.6481826654240447 0.1125 0.013979496738117428 0.025
0 0.6616961789375583 0.12583333333333332 0.0130475302889096 0.028333333333333332
0 0.6929170549860205 0.09833333333333333 0.010251630941286114 0.03
0 0.4832246039142591 0.30333333333333334 0.021435228331780055 0.056666666666666664
0 0.5419384902143523 0.29583333333333334 0.02702702702702703 0.055
0 0.5601118359739049 0.2475 0.02050326188257223 0.045
0 0.6071761416589003 0.255 0.021435228331780055 0.05
0 0.6220876048462255 0.21 0.017707362534948742 0.043333333333333335
0 0.6584342963653308 0.20916666666666667 0.0195712954333644 0.03833333333333333
0 0.6463187325256291 0.18 0.015843429636533086 0.03333333333333333
0 0.6784715750232991 0.15166666666666667 0.014911463187325256 0.04
0 0.7138863000931966 0.1375 0.011183597390493943 0.028333333333333332
0 0.6579683131407269 0.25333333333333335 0.02050326188257223 0.043333333333333335
0 0.6766076421248836 0.35333333333333333 0.0260950605778192 0.056666666666666664
0 0.581081081081081 0.37416666666666665 0.03075489282385834 0.055
0 0.7138863000931966 0.28833333333333333 0.0260950605778192 0.04666666666666667
0 0.7739981360671015 0.29 0.02516309412861137 0.05333333333333334
0 0.7567567567567568 0.23833333333333334 0.024231127679403542 0.043333333333333335
0 0.7301957129543336 0.21083333333333334 0.017707362534948742 0.035
0 0.6975768872320597 0.22333333333333333 0.0195712954333644 0.043333333333333335
0 0.6896551724137931 0.18416666666666667 0.014911463187325256 0.035
0 0.7269338303821062 0.1675 0.0130475302889096 0.03166666666666667
0 0.7455731593662628 0.14166666666666666 0.014911463187325256 0.03333333333333333
0 0.7353215284249767 0.11833333333333333 0.0130475302889096 0.03
0 0.7460391425908667 0.115 0.012115563839701771 0.03
0 0.7581547064305685 0.12583333333333332 0.015843429636533086 0.03166666666666667
0 0.7656104380242311 0.16083333333333333 0.015843429636533086 0.035
0 0.776794035414725 0.12583333333333332 0.012115563839701771 0.03166666666666667
0 0.793569431500466 0.17666666666666667 0.021435228331780055 0.03333333333333333
0 0.7926374650512582 0.13833333333333334 0.013979496738117428 0.03
0 0.8066169617893756 0.13166666666666665 0.013979496738117428 0.03
0 0.8285181733457595 0.1375 0.014911463187325256 0.035
0 0.8280521901211556 0.17333333333333334 0.013979496738117428 0.03
0 0.8420316868592731 0.18583333333333332 0.015843429636533086 0.03166666666666667
0 0.8490214352283317 0.15416666666666667 0.0130475302889096 0.035
0 0.8611369990680335 0.13166666666666665 0.0130475302889096 0.02666666666666667
0 0.8788443616029823 0.1875 0.014911463187325256 0.03166666666666667
0 0.8625349487418453 0.23 0.015843429636533086 0.04
0 0.9212488350419384 0.29083333333333333 0.02516309412861137 0.04833333333333333
0 0.918452935694315 0.2075 0.015843429636533086 0.041666666666666664
0 0.8904939422180802 0.16916666666666666 0.013979496738117428 0.028333333333333332
0 0.9007455731593662 0.13583333333333333 0.010251630941286114 0.025
0 0.923578751164958 0.15916666666666668 0.014911463187325256 0.03166666666666667