0 0.2224039247751431 0.3495575221238938 0.050695012264922325 0.10914454277286136
0 0.3401471790678659 0.2551622418879056 0.024529844644317254 0.04424778761061947
0 0.36999182338511855 0.16371681415929204 0.018806214227309895 0.038348082595870206
0 0.38184791496320525 0.1873156342182891 0.019623875715453803 0.038348082595870206
0 0.38961569910057237 0.21976401179941002 0.022076860179885527 0.04129793510324484
0 0.4133278822567457 0.2411504424778761 0.022076860179885527 0.051622418879056046
0 0.39452166802943583 0.14380530973451328 0.018806214227309895 0.03982300884955752
0 0.4223221586263287 0.18067846607669616 0.013900245298446443 0.03392330383480826
0 0.4145543744889616 0.16224188790560473 0.016353229762878167 0.02654867256637168
0 0.4133278822567457 0.13938053097345132 0.01553556827473426 0.030973451327433628
0 0.4435813573180703 0.1504424778761062 0.01553556827473426 0.035398230088495575
0 0.45829926410466065 0.1836283185840708 0.018806214227309895 0.030973451327433628
0 0.46647587898609977 0.2205014749262537 0.023712183156173343 0.04277286135693215
0 0.4517579721995094 0.13495575221238937 0.013900245298446443 0.028023598820058997
0 0.46852003270645953 0.15634218289085547 0.017988552739165987 0.038348082595870206
0 0.46238757154538024 0.12315634218289086 0.013900245298446443 0.028023598820058997
0 0.4766966475878986 0.12168141592920353 0.014717906786590351 0.030973451327433628
0 0.4897792313982011 0.09365781710914454 0.011447260834014717 0.025073746312684365
0 0.4971381847914963 0.1696165191740413 0.022894521668029435 0.05014749262536873
0 0.5290269828291088 0.17256637168141592 0.017988552739165987 0.038348082595870206
0 0.5318887980376125 0.13200589970501475 0.01553556827473426 0.030973451327433628
0 0.5237121831561733 0.1187315634218289 0.013900245298446443 0.028023598820058997
0 0.535977105478332 0.11135693215339233 0.012264922322158627 0.028023598820058997
0 0.5478331970564186 0.15265486725663716 0.017988552739165987 0.03687315634218289
0 0.5813573180703189 0.14233038348082597 0.014717906786590351 0.03392330383480826
0 0.5731807031888798 0.11799410029498525 0.014717906786590351 0.032448377581120944
0 0.5866721177432543 0.12020648967551623 0.01553556827473426 0.028023598820058997
0 0.5723630417007359 0.08997050147492626 0.014717906786590351 0.02654867256637168
0 0.5993458708094849 0.10250737463126844 0.014717906786590351 0.03392330383480826
0 0.6107931316434996 0.07595870206489676 0.011447260834014717 0.028023598820058997
0 0.6197874080130826 0.11651917404129794 0.019623875715453803 0.035398230088495575
0 0.6529026982829109 0.08480825958702065 0.013900245298446443 0.028023598820058997
0 0.6586263286999182 0.11209439528023599 0.013900245298446443 0.029498525073746312
0 0.6868356500408831 0.0943952802359882 0.014717906786590351 0.029498525073746312
0 0.6991005723630417 0.084070796460177 0.014717906786590351 0.029498525073746312
0 0.5564186426819296 0.24041297935103245 0.023712183156173343 0.05604719764011799
0 0.6107931316434996 0.22123893805309736 0.02616516762060507 0.058997050147492625
0 0.6291905151267375 0.20943952802359883 0.025347506132461162 0.0471976401179941
0 0.6757972199509403 0.1762536873156342 0.022076860179885527 0.048672566371681415
0 0.6340964840556009 0.278023598820059 0.03025347506132461 0.06047197640117994
0 0.6921504497138184 0.3281710914454277 0.028618152085036794 0.06637168141592921
0 0.7162714636140638 0.2750737463126844 0.032706459525756335 0.06637168141592921
0 0.759198691741619 0.2153392330383481 0.028618152085036794 0.061946902654867256
0 0.6954210956663941 0.14896755162241887 0.018806214227309895 0.038348082595870206
0 0.7166802943581357 0.1570796460176991 0.017170891251022075 0.03392330383480826
0 0.7195421095666394 0.12979351032448377 0.016353229762878167 0.032448377581120944
0 0.7305805396565822 0.15781710914454278 0.018806214227309895 0.035398230088495575
0 0.7575633687653311 0.1733038348082596 0.02044153720359771 0.03687315634218289
0 0.758381030253475 0.14233038348082597 0.017170891251022075 0.03687315634218289
0 0.7473426001635323 0.11799410029498525 0.014717906786590351 0.029498525073746312
0 0.7743254292722813 0.10545722713864307 0.016353229762878167 0.03687315634218289
0 0.7890433360588717 0.13348082595870206 0.013082583810302535 0.03687315634218289
0 0.7792313982011447 0.16519174041297935 0.016353229762878167 0.04129793510324484
0 0.7972199509403107 0.193952802359882 0.017988552739165987 0.04277286135693215
0 0.830335241210139 0.1556047197640118 0.01553556827473426 0.03687315634218289
0 0.8426001635322976 0.13421828908554573 0.013900245298446443 0.035398230088495575
0 0.8438266557645135 0.1976401179941003 0.016353229762878167 0.038348082595870206
0 0.8659035159443991 0.16445427728613568 0.016353229762878167 0.03982300884955752
0 0.8826655764513491 0.15339233038348082 0.01553556827473426 0.038348082595870206
0 0.8470973017170891 0.2551622418879056 0.024529844644317254 0.05309734513274336
0 0.8675388389206868 0.29867256637168144 0.029435813573180702 0.06342182890855458
0 0.8781684382665577 0.25147492625368734 0.022894521668029435 0.05457227138643068
0 0.8969746524938675 0.21091445427728614 0.02125919869174162 0.04129793510324484
0 0.9039247751430908 0.18289085545722714 0.018806214227309895 0.038348082595870206
0 0.9403107113654947 0.17994100294985252 0.016353229762878167 0.035398230088495575
0 0.9370400654129191 0.2153392330383481 0.017988552739165987 0.0471976401179941
0 0.9370400654129191 0.2890855457227139 0.02616516762060507 0.06489675516224189
0 0.9443990188062142 0.14233038348082597 0.011447260834014717 0.028023598820058997
0 0.946443172526574 0.16592920353982302 0.01062959934587081 0.022123893805309734