0 0.20580235720761558 0.48569157392686807 0.050770625566636446 0.09062003179650238
0 0.28558476881233 0.4697933227344992 0.0471441523118767 0.09379968203497616
0 0.30915684496826834 0.22575516693163752 0.019945602901178604 0.034976152623211444
0 0.34360834088848596 0.17726550079491257 0.02357207615593835 0.0492845786963434
0 0.3884859474161378 0.11208267090620032 0.015412511332728921 0.033386327503974564
0 0.4252039891205802 0.1669316375198728 0.016319129646418858 0.04133545310015898
0 0.44106980961015413 0.17647058823529413 0.022665457842248413 0.034976152623211444
0 0.43563009972801453 0.1534181240063593 0.017225747960108794 0.02702702702702703
0 0.4845874886672711 0.1589825119236884 0.019038984587488667 0.034976152623211444
0 0.5199456029011786 0.143879173290938 0.015412511332728921 0.02702702702702703
0 0.5367180417044425 0.15818759936406995 0.01813236627379873 0.04292527821939587
0 0.5689029918404351 0.1573926868044515 0.015412511332728921 0.034976152623211444
0 0.6106074342701723 0.04769475357710652 0.013599274705349048 0.034976152623211444
0 0.7316409791477788 0.11685214626391097 0.021758839528558477 0.03656597774244833