0 0.03608247422680412 0.3989983305509182 0.02717900656044986 0.06343906510851419
0 0.25538894095595127 0.2696160267111853 0.014058106841611996 0.028380634390651086
0 0.2797563261480787 0.2621035058430718 0.015932521087160263 0.0333889816360601
0 0.30880974695407687 0.23121869782971619 0.015932521087160263 0.028380634390651086
0 0.32005623242736647 0.24123539232053423 0.01780693533270853 0.035058430717863104
0 0.34629803186504216 0.22454090150250416 0.015932521087160263 0.03171953255425709
0 0.3486410496719775 0.2621035058430718 0.01874414245548266 0.03672787979966611
0 0.37488284910965325 0.21535893155258765 0.01499531396438613 0.03005008347245409
0 0.38331771321462044 0.2003338898163606 0.013120899718837863 0.02337228714524207
0 0.41096532333645736 0.27712854757929883 0.019681349578256794 0.03672787979966611
0 0.41283973758200565 0.22537562604340566 0.01780693533270853 0.0333889816360601
0 0.43673851921274603 0.19699499165275458 0.01499531396438613 0.03005008347245409
0 0.4484536082474227 0.21118530884808012 0.015932521087160263 0.03171953255425709
0 0.4629803186504217 0.22454090150250416 0.020618556701030927 0.038397328881469114
0 0.4681349578256795 0.19282136894824708 0.015932521087160263 0.028380634390651086
0 0.42924086223055297 0.17445742904841402 0.01499531396438613 0.025041736227045076
0 0.4526710402999063 0.14941569282136896 0.01499531396438613 0.021702838063439065
0 0.45595126522961577 0.1652754590984975 0.014058106841611996 0.02671118530884808
0 0.4751640112464855 0.15108514190317196 0.013120899718837863 0.021702838063439065
0 0.48078725398313027 0.164440734557596 0.013120899718837863 0.025041736227045076
0 0.4854732895970009 0.1327212020033389 0.00937207122774133 0.015025041736227046
0 0.5093720712277413 0.164440734557596 0.014058106841611996 0.028380634390651086
0 0.5 0.19365609348914858 0.014058106841611996 0.03005008347245409
0 0.5323336457357076 0.20534223706176963 0.01874414245548266 0.0333889816360601
0 0.5421743205248359 0.16110183639398998 0.015932521087160263 0.028380634390651086
0 0.5276476101218369 0.13689482470784642 0.013120899718837863 0.02671118530884808
0 0.5342080599812559 0.1293823038397329 0.013120899718837863 0.025041736227045076
0 0.5599812558575445 0.10851419031719532 0.010309278350515464 0.02003338898163606
0 0.5749765698219307 0.15275459098497496 0.015932521087160263 0.028380634390651086
0 0.584348641049672 0.12771285475792987 0.014058106841611996 0.021702838063439065
0 0.5880974695407685 0.10434056761268781 0.01218369259606373 0.021702838063439065
0 0.6115276476101218 0.11268781302170283 0.01218369259606373 0.021702838063439065
0 0.612933458294283 0.1335559265442404 0.013120899718837863 0.02003338898163606
0 0.6044985941893158 0.15275459098497496 0.016869728209934397 0.03171953255425709
0 0.6218369259606373 0.1018363939899833 0.01218369259606373 0.02003338898163606
0 0.6368322399250235 0.10434056761268781 0.01218369259606373 0.021702838063439065
0 0.6532333645735707 0.11185308848080133 0.011246485473289597 0.02671118530884808
0 0.6682286785379569 0.11686143572621036 0.011246485473289597 0.02337228714524207
0 0.7014995313964386 0.09515859766277128 0.01218369259606373 0.03005008347245409
0 0.48641049671977504 0.3013355592654424 0.02436738519212746 0.048414023372287146
0 0.5440487347703843 0.3055091819699499 0.02155576382380506 0.05008347245409015
0 0.6040299906279287 0.330550918196995 0.02717900656044986 0.04674457429048414
0 0.6059044048734771 0.24540901502504173 0.023430178069353328 0.04340567612687813
0 0.5688847235238987 0.2378964941569282 0.01874414245548266 0.041736227045075125
0 0.6012183692596064 0.2020033388981636 0.01780693533270853 0.04006677796327212
0 0.6527647610121837 0.17779632721202004 0.015932521087160263 0.03171953255425709
0 0.6607310215557638 0.1994991652754591 0.01874414245548266 0.035058430717863104
0 0.6588566073102156 0.25208681135225375 0.020618556701030927 0.04674457429048414
0 0.6771321462043112 0.32554257095158595 0.02530459231490159 0.06010016694490818
0 0.7080599812558576 0.28213689482470783 0.02530459231490159 0.05008347245409015
0 0.7094657919400188 0.21452420701168615 0.020618556701030927 0.048414023372287146
0 0.7502343017806935 0.21702838063439064 0.019681349578256794 0.04674457429048414
0 0.7806935332708529 0.2888146911519199 0.022492970946579195 0.05342237061769616
0 0.6799437675726335 0.14858096828046743 0.01780693533270853 0.0333889816360601
0 0.7047797563261481 0.1352253756260434 0.016869728209934397 0.03005008347245409
0 0.7010309278350515 0.17362270450751252 0.01874414245548266 0.03005008347245409
0 0.732427366447985 0.15776293823038398 0.014058106841611996 0.025041736227045076
0 0.7483598875351453 0.17779632721202004 0.01780693533270853 0.03171953255425709
0 0.7492970946579194 0.14023372287145242 0.015932521087160263 0.03005008347245409
0 0.7310215557638238 0.11853088480801335 0.01499531396438613 0.03005008347245409
0 0.7455482661668229 0.10767946577629382 0.01218369259606373 0.025041736227045076
0 0.767572633552015 0.12270450751252086 0.013120899718837863 0.021702838063439065
0 0.7806935332708529 0.11018363939899833 0.011246485473289597 0.02337228714524207
0 0.7970946579194002 0.12687813021702837 0.010309278350515464 0.02671118530884808
0 0.7694470477975632 0.164440734557596 0.01499531396438613 0.035058430717863104
0 0.8003748828491096 0.17529215358931552 0.01499531396438613 0.03005008347245409
0 0.8130271790065604 0.1652754590984975 0.010309278350515464 0.02671118530884808
0 0.8209934395501406 0.12103505843071787 0.011246485473289597 0.025041736227045076
0 0.8322399250234301 0.1352253756260434 0.013120899718837863 0.03005008347245409
0 0.851921274601687 0.14774624373956594 0.013120899718837863 0.035058430717863104
0 0.8608247422680413 0.13939899833055092 0.01218369259606373 0.028380634390651086
0 0.8706654170571696 0.1310517529215359 0.011246485473289597 0.025041736227045076
0 0.8448922211808809 0.18113522537562604 0.014058106841611996 0.038397328881469114
0 0.8603561387066542 0.21202003338898165 0.01499531396438613 0.03005008347245409
0 0.8847235238987816 0.19782971619365608 0.011246485473289597 0.028380634390651086
0 0.895032802249297 0.17195325542570952 0.013120899718837863 0.03005008347245409
0 0.8997188378631678 0.12520868113522537 0.00937207122774133 0.02337228714524207
0 0.9311152764761013 0.15442404006677796 0.014058106841611996 0.028380634390651086
0 0.9278350515463918 0.18864774624373956 0.013120899718837863 0.04006677796327212
0 0.9194001874414246 0.27378964941569284 0.016869728209934397 0.05008347245409015