0 0.940631808278867 0.23592233009708738 0.018518518518518517 0.040776699029126215
0 0.7352941176470589 0.22330097087378642 0.0196078431372549 0.04660194174757282
0 0.6742919389978214 0.1669902912621359 0.015250544662309368 0.04271844660194175
0 0.6742919389978214 0.2174757281553398 0.017429193899782137 0.04660194174757282
0 0.6296296296296297 0.21359223300970873 0.0196078431372549 0.04271844660194175
0 0.6285403050108932 0.25922330097087376 0.0196078431372549 0.040776699029126215
0 0.6742919389978214 0.2883495145631068 0.02178649237472767 0.04466019417475728
0 0.6372549019607843 0.30970873786407765 0.026143790849673203 0.06407766990291262
0 0.6367102396514162 0.11650485436893204 0.014161220043572984 0.031067961165048542
0 0.5860566448801743 0.05533980582524272 0.008714596949891068 0.021359223300970873
0 0.5517429193899782 0.16601941747572815 0.014161220043572984 0.03300970873786408
0 0.5430283224400871 0.1796116504854369 0.016339869281045753 0.036893203883495145
0 0.47004357298474947 0.13398058252427184 0.011982570806100218 0.027184466019417475
0 0.485838779956427 0.16990291262135923 0.013071895424836602 0.03300970873786408
0 0.409041394335512 0.2058252427184466 0.016339869281045753 0.03495145631067961
0 0.4515250544662309 0.2174757281553398 0.018518518518518517 0.031067961165048542
0 0.46187363834422657 0.18446601941747573 0.015250544662309368 0.031067961165048542
0 0.32679738562091504 0.21553398058252426 0.015250544662309368 0.038834951456310676