0 0.14841986455981943 0.23939393939393938 0.019187358916478554 0.03434343434343434
0 0.3792325056433409 0.19696969696969696 0.02708803611738149 0.05454545454545454
0 0.4187358916478555 0.2080808080808081 0.020316027088036117 0.04040404040404041
0 0.4497742663656885 0.22828282828282828 0.025959367945823927 0.048484848484848485
0 0.5632054176072234 0.18484848484848485 0.01805869074492099 0.04242424242424243
0 0.554176072234763 0.15757575757575756 0.01805869074492099 0.03232323232323232
0 0.6292325056433409 0.12222222222222222 0.016930022573363433 0.03434343434343434
0 0.6179458239277652 0.13333333333333333 0.014672686230248307 0.03636363636363636
0 0.6732505643340858 0.17272727272727273 0.019187358916478554 0.04242424242424243
0 0.6783295711060948 0.21616161616161617 0.020316027088036117 0.044444444444444446
0 0.6241534988713319 0.2191919191919192 0.024830699774266364 0.050505050505050504
0 0.6354401805869074 0.30404040404040406 0.02708803611738149 0.06666666666666667
0 0.621331828442438 0.2727272727272727 0.019187358916478554 0.04040404040404041
0 0.6924379232505643 0.25555555555555554 0.030474040632054177 0.05454545454545454
0 0.9362302483069977 0.24444444444444444 0.023702031602708805 0.052525252525252523