0 0.27571825764596847 0.21702838063439064 0.015755329008341055 0.03005008347245409
0 0.3290083410565338 0.2028380634390651 0.012974976830398516 0.03171953255425709
0 0.3266913809082484 0.24290484140233723 0.019462465245597776 0.03171953255425709
0 0.36932344763670066 0.19782971619365608 0.017608897126969416 0.025041736227045076
0 0.3938832252085264 0.1994991652754591 0.012974976830398516 0.021702838063439065
0 0.4184430027803522 0.2362270450751252 0.025023169601482854 0.041736227045075125
0 0.4457831325301205 0.2579298831385643 0.020389249304911955 0.035058430717863104
0 0.4879518072289157 0.2270450751252087 0.019462465245597776 0.03672787979966611
0 0.4629286376274328 0.20617696160267113 0.015755329008341055 0.035058430717863104
0 0.47405004633920295 0.19031719532554256 0.013901760889712697 0.03005008347245409
0 0.4392956441149212 0.17362270450751252 0.012974976830398516 0.02671118530884808
0 0.4295644114921223 0.14691151919866444 0.010194624652455977 0.02003338898163606
0 0.3809082483781279 0.17946577629382304 0.012974976830398516 0.018363939899833055
0 0.397126969416126 0.17863105175292154 0.015755329008341055 0.02671118530884808
0 0.40037071362372567 0.24123539232053423 0.020389249304911955 0.045075125208681135
0 0.5194624652455978 0.17445742904841402 0.015755329008341055 0.035058430717863104
0 0.5347544022242817 0.16110183639398998 0.011121408711770158 0.028380634390651086
0 0.5514365152919369 0.18697829716193656 0.016682113067655237 0.03672787979966611
0 0.504633920296571 0.15025041736227046 0.012048192771084338 0.02337228714524207
0 0.47312326227988877 0.16026711185308848 0.013901760889712697 0.02671118530884808
0 0.46570898980537534 0.13856427378964942 0.012048192771084338 0.02337228714524207
0 0.4986098239110287 0.13606010016694492 0.011121408711770158 0.021702838063439065
0 0.5018535681186284 0.12020033388981637 0.012048192771084338 0.02003338898163606
0 0.5227062094531975 0.12437395659432388 0.009267840593141797 0.018363939899833055
0 0.5338276181649676 0.1352253756260434 0.011121408711770158 0.02003338898163606
0 0.5644114921223355 0.13689482470784642 0.012974976830398516 0.02671118530884808
0 0.5838739573679332 0.12103505843071787 0.009267840593141797 0.021702838063439065
0 0.6024096385542169 0.11185308848080133 0.009267840593141797 0.02003338898163606
0 0.6209453197405005 0.13856427378964942 0.011121408711770158 0.02337228714524207
0 0.6088971269694161 0.1327212020033389 0.012974976830398516 0.028380634390651086
0 0.6260426320667285 0.11519198664440734 0.008341056533827619 0.02337228714524207
0 0.6561631139944393 0.1335559265442404 0.011121408711770158 0.02337228714524207
0 0.6821130676552364 0.12353923205342238 0.009267840593141797 0.02671118530884808
0 0.6524559777571826 0.10934891485809682 0.0074142724745134385 0.021702838063439065
0 0.6658943466172382 0.11769616026711185 0.008341056533827619 0.018363939899833055
0 0.6200185356811863 0.1636060100166945 0.014828544949026877 0.02671118530884808
0 0.5987025023169601 0.164440734557596 0.018535681186283594 0.035058430717863104
0 0.5741427247451344 0.2270450751252087 0.019462465245597776 0.0333889816360601
0 0.5778498609823911 0.27295492487479134 0.023169601482854494 0.048414023372287146
0 0.6241890639481001 0.25375626043405675 0.023169601482854494 0.05008347245409015
0 0.633920296570899 0.1994991652754591 0.016682113067655237 0.035058430717863104
0 0.654772937905468 0.18363939899833054 0.017608897126969416 0.0333889816360601
0 0.6946246524559777 0.17278797996661102 0.013901760889712697 0.03171953255425709
0 0.7015755329008341 0.1911519198664441 0.012974976830398516 0.028380634390651086
0 0.664967562557924 0.22370617696160267 0.021316033364226137 0.04340567612687813
0 0.6793327154772938 0.27712854757929883 0.024096385542168676 0.04006677796327212
0 0.7252085264133457 0.2888146911519199 0.023169601482854494 0.05008347245409015
0 0.7224281742354032 0.24290484140233723 0.019462465245597776 0.045075125208681135
0 0.7298424467099166 0.14023372287145242 0.013901760889712697 0.02671118530884808
0 0.7442075996292864 0.1318864774624374 0.011121408711770158 0.02671118530884808
0 0.7562557924003707 0.15943238731218698 0.012974976830398516 0.035058430717863104
0 0.7743280815569972 0.14273789649415694 0.012048192771084338 0.03171953255425709
0 0.7469879518072289 0.20534223706176963 0.016682113067655237 0.0333889816360601
0 0.7335495829471733 0.18781302170283806 0.013901760889712697 0.03171953255425709
0 0.7784986098239111 0.2287145242070117 0.016682113067655237 0.03672787979966611
0 0.7641334569045413 0.25292153589315525 0.017608897126969416 0.038397328881469114
0 0.7933271547729379 0.2896494156928214 0.022242817423540315 0.048414023372287146
0 0.8396663577386468 0.3121869782971619 0.024096385542168676 0.05008347245409015
0 0.8373493975903614 0.2370617696160267 0.015755329008341055 0.04006677796327212
0 0.8419833178869324 0.19616026711185308 0.013901760889712697 0.035058430717863104
0 0.8382761816496757 0.169449081803005 0.013901760889712697 0.021702838063439065
0 0.8489341983317887 0.15191986644407346 0.011121408711770158 0.02337228714524207
0 0.8392029657089898 0.14524207011686144 0.010194624652455977 0.02337228714524207
0 0.8271547729379055 0.13856427378964942 0.012048192771084338 0.02671118530884808
0 0.8058387395736794 0.14858096828046743 0.012048192771084338 0.02671118530884808
0 0.794253938832252 0.16026711185308848 0.011121408711770158 0.02337228714524207
0 0.7914735866543096 0.1352253756260434 0.011121408711770158 0.02003338898163606
0 0.870713623725672 0.18196994991652754 0.013901760889712697 0.03005008347245409
0 0.8781278962001854 0.1636060100166945 0.012048192771084338 0.02671118530884808
0 0.9101019462465245 0.15609348914858096 0.012974976830398516 0.028380634390651086
0 0.9008341056533827 0.17612687813021702 0.011121408711770158 0.025041736227045076
0 0.897126969416126 0.2028380634390651 0.012974976830398516 0.028380634390651086
0 0.8772011121408712 0.2579298831385643 0.017608897126969416 0.048414023372287146
0 0.8827618164967562 0.2278797996661102 0.013901760889712697 0.03171953255425709
0 0.9165894346617238 0.23205342237061768 0.016682113067655237 0.04006677796327212
0 0.9267840593141798 0.27629382303839733 0.016682113067655237 0.048414023372287146
0 0.9114921223354958 0.3722871452420701 0.023169601482854494 0.06343906510851419
0 0.9406858202038925 0.21202003338898165 0.009267840593141797 0.03005008347245409
0 0.9309545875810936 0.1911519198664441 0.012048192771084338 0.028380634390651086
0 0.93790546802595 0.1686143572621035 0.011121408711770158 0.03005008347245409
0 0.9267840593141798 0.22370617696160267 0.014828544949026877 0.0333889816360601