0 0.1916583912611718 0.3377659574468085 0.041708043694141016 0.07624113475177305
0 0.2696127110228401 0.22429078014184398 0.016881827209533268 0.03723404255319149
0 0.31976166832174774 0.24556737588652483 0.019860973187686197 0.040780141843971635
0 0.3361469712015889 0.19946808510638298 0.016881827209533268 0.03368794326241135
0 0.35203574975173785 0.19946808510638298 0.014895729890764648 0.026595744680851064
0 0.3659384309831182 0.2047872340425532 0.014895729890764648 0.03368794326241135
0 0.3758689175769613 0.18351063829787234 0.012909632571996028 0.030141843971631204
0 0.3972194637537239 0.17464539007092197 0.01787487586891758 0.030141843971631204
0 0.42353525322740815 0.15159574468085107 0.014895729890764648 0.030141843971631204
0 0.4185700099304866 0.19060283687943264 0.014895729890764648 0.026595744680851064
0 0.4175769612711023 0.22074468085106383 0.018867924528301886 0.03723404255319149
0 0.4076464746772592 0.2721631205673759 0.018867924528301886 0.03723404255319149
0 0.44091360476663355 0.21808510638297873 0.01787487586891758 0.03900709219858156
0 0.458291956305859 0.1374113475177305 0.010923535253227408 0.02304964539007092
0 0.4786494538232373 0.149822695035461 0.013902681231380337 0.026595744680851064
0 0.46971201588877853 0.18439716312056736 0.01787487586891758 0.03546099290780142
0 0.4816285998013903 0.2375886524822695 0.019860973187686197 0.0425531914893617
0 0.4990069513406157 0.1976950354609929 0.016881827209533268 0.03368794326241135
0 0.5134061569016882 0.17375886524822695 0.013902681231380337 0.028368794326241134
0 0.5332671300893744 0.20567375886524822 0.019860973187686197 0.03900709219858156
0 0.5024826216484608 0.14804964539007093 0.011916583912611719 0.02304964539007092
0 0.4910625620655412 0.13120567375886524 0.00893743793445879 0.014184397163120567
0 0.5024826216484608 0.13031914893617022 0.007944389275074478 0.015957446808510637
0 0.5148957298907646 0.13297872340425532 0.010923535253227408 0.02127659574468085
0 0.5297914597815293 0.13918439716312056 0.012909632571996028 0.02304964539007092
0 0.5451837140019861 0.1427304964539007 0.011916583912611719 0.030141843971631204
0 0.5551142005958292 0.1400709219858156 0.009930486593843098 0.02127659574468085
0 0.5784508440913605 0.18439716312056736 0.016881827209533268 0.031914893617021274
0 0.573982125124131 0.13652482269503546 0.011916583912611719 0.024822695035460994
0 0.5819265143992055 0.1196808510638298 0.011916583912611719 0.01950354609929078
0 0.5913604766633564 0.1374113475177305 0.014895729890764648 0.030141843971631204
0 0.605759682224429 0.11347517730496454 0.011916583912611719 0.02127659574468085
0 0.6132075471698113 0.10815602836879433 0.010923535253227408 0.01773049645390071
0 0.6305858987090367 0.10195035460992907 0.011916583912611719 0.01950354609929078
0 0.6256206554121152 0.11347517730496454 0.009930486593843098 0.02127659574468085
0 0.6166832174776564 0.1356382978723404 0.011916583912611719 0.026595744680851064
0 0.6151936444885799 0.1675531914893617 0.014895729890764648 0.030141843971631204
0 0.6489572989076465 0.13918439716312056 0.012909632571996028 0.030141843971631204
0 0.6499503475670307 0.10549645390070922 0.010923535253227408 0.01950354609929078
0 0.6623634558093346 0.11436170212765957 0.011916583912611719 0.030141843971631204
0 0.6822244289970208 0.12145390070921985 0.011916583912611719 0.030141843971631204
0 0.7065541211519365 0.1125886524822695 0.010923535253227408 0.02304964539007092
0 0.7219463753723933 0.13829787234042554 0.011916583912611719 0.024822695035460994
0 0.7005958291956306 0.16666666666666666 0.010923535253227408 0.02127659574468085
0 0.6971201588877854 0.19326241134751773 0.015888778550148957 0.03900709219858156
0 0.6573982125124131 0.18085106382978725 0.013902681231380337 0.028368794326241134
0 0.6663356504468719 0.2154255319148936 0.019860973187686197 0.03368794326241135
0 0.6216484607745779 0.21099290780141844 0.015888778550148957 0.03546099290780142
0 0.6271102284011917 0.26063829787234044 0.018867924528301886 0.04609929078014184
0 0.6618669314796425 0.2695035460992908 0.018867924528301886 0.04964539007092199
0 0.5710029791459782 0.2783687943262411 0.021847070506454815 0.04964539007092199
0 0.564051638530288 0.2632978723404255 0.01787487586891758 0.03368794326241135
0 0.7219463753723933 0.28102836879432624 0.021847070506454815 0.047872340425531915
0 0.7581926514399205 0.25886524822695034 0.016881827209533268 0.0425531914893617
0 0.7919563058589871 0.2845744680851064 0.020854021847070508 0.0549645390070922
0 0.8416087388282025 0.299645390070922 0.020854021847070508 0.04964539007092199
0 0.8862959285004965 0.3200354609929078 0.022840119165839126 0.0549645390070922
0 0.9096325719960278 0.2774822695035461 0.01787487586891758 0.047872340425531915
0 0.8545183714001986 0.25620567375886527 0.020854021847070508 0.044326241134751775
0 0.836643495531281 0.23315602836879432 0.012909632571996028 0.03723404255319149
0 0.7825223435948362 0.21099290780141844 0.015888778550148957 0.031914893617021274
0 0.7482621648460774 0.21808510638297873 0.016881827209533268 0.031914893617021274
0 0.740317775571003 0.18085106382978725 0.012909632571996028 0.024822695035460994
0 0.7552135054617676 0.15602836879432624 0.014895729890764648 0.028368794326241134
0 0.7701092353525323 0.13120567375886524 0.012909632571996028 0.028368794326241134
0 0.7899702085402185 0.15336879432624115 0.012909632571996028 0.030141843971631204
0 0.8008937437934459 0.14893617021276595 0.00893743793445879 0.01773049645390071
0 0.8128103277060575 0.14184397163120568 0.012909632571996028 0.024822695035460994
0 0.8197616683217478 0.1702127659574468 0.010923535253227408 0.028368794326241134
0 0.8311817279046674 0.1551418439716312 0.013902681231380337 0.030141843971631204
0 0.8455809334657398 0.1524822695035461 0.010923535253227408 0.024822695035460994
0 0.8351539225422046 0.19060283687943264 0.013902681231380337 0.030141843971631204
0 0.8520357497517378 0.19148936170212766 0.011916583912611719 0.028368794326241134
0 0.8639523336643495 0.17287234042553193 0.013902681231380337 0.03368794326241135
0 0.8783515392254221 0.15070921985815602 0.010923535253227408 0.024822695035460994
0 0.9036742800397219 0.16134751773049646 0.009930486593843098 0.024822695035460994
0 0.891261171797418 0.20124113475177305 0.012909632571996028 0.03368794326241135
0 0.8982125124131083 0.18173758865248227 0.010923535253227408 0.026595744680851064
0 0.9339622641509434 0.17464539007092197 0.010923535253227408 0.026595744680851064
0 0.9270109235352533 0.2047872340425532 0.010923535253227408 0.02304964539007092
0 0.9404170804369414 0.20833333333333334 0.011916583912611719 0.02304964539007092
0 0.9195630585898709 0.23315602836879432 0.011916583912611719 0.030141843971631204
0 0.9399205561072492 0.2570921985815603 0.016881827209533268 0.04964539007092199