0 0.1489191353082466 0.2719665271966527 0.01921537229783827 0.04184100418410042
0 0.20736589271417133 0.4776847977684798 0.041633306645316254 0.07670850767085077
0 0.34067253803042435 0.22733612273361228 0.018414731785428344 0.03347280334728033
0 0.377502001601281 0.23640167364016737 0.02321857485988791 0.040446304044630406
0 0.4047237790232186 0.2315202231520223 0.020016012810248198 0.04184100418410042
0 0.411128903122498 0.19874476987447698 0.021617293835068056 0.03765690376569038
0 0.4455564451561249 0.2217573221757322 0.020016012810248198 0.04184100418410042
0 0.4967974379503603 0.1910739191073919 0.024819855884707767 0.044630404463040445
0 0.5708566853482786 0.25174337517433754 0.02722177742193755 0.05439330543933055
0 0.6621297037630104 0.22454672245467225 0.01921537229783827 0.044630404463040445
0 0.7149719775820657 0.2315202231520223 0.025620496397117692 0.0502092050209205
0 0.7077662129703763 0.11645746164574616 0.017614091273018415 0.043235704323570434
0 0.5988791032826261 0.10599721059972106 0.01120896717373899 0.02510460251046025
0 0.765812650120096 0.11436541143654114 0.018414731785428344 0.03626220362622036
0 0.7878302642113691 0.2907949790794979 0.025620496397117692 0.05160390516039052
0 0.8266613290632506 0.37656903765690375 0.03282626100880705 0.0697350069735007
0 0.9047237790232185 0.3912133891213389 0.03042433947157726 0.07670850767085077
0 0.9175340272217775 0.3396094839609484 0.025620496397117692 0.06276150627615062
0 0.8903122497998399 0.30962343096234307 0.025620496397117692 0.06415620641562064
0 0.9303442754203363 0.23361227336122734 0.02401921537229784 0.04881450488145049
0 0.9159327461969575 0.29567642956764295 0.025620496397117692 0.061366806136680614
0 0.8807045636509208 0.22454672245467225 0.020816653322658127 0.044630404463040445
0 0.8370696557245797 0.19525801952580196 0.018414731785428344 0.044630404463040445
0 0.8618895116092874 0.15829846582984658 0.013610888710968775 0.026499302649930265
0 0.9015212169735789 0.18131101813110181 0.016012810248198558 0.03347280334728033