0 0.014391447368421052 0.42806770098730607 0.027138157894736843 0.05218617771509168
0 0.23396381578947367 0.34062059238363895 0.017269736842105265 0.03526093088857546
0 0.25863486842105265 0.3716502115655853 0.02055921052631579 0.04372355430183357
0 0.29070723684210525 0.37447108603667134 0.022203947368421052 0.04090267983074753
0 0.2911184210526316 0.3053596614950635 0.019736842105263157 0.0380818053596615
0 0.33511513157894735 0.3603667136812412 0.022203947368421052 0.04090267983074753
0 0.3614309210526316 0.33497884344146683 0.018914473684210526 0.0380818053596615
0 0.3569078947368421 0.3004231311706629 0.013157894736842105 0.03385049365303244
0 0.3885690789473684 0.32792665726375175 0.018914473684210526 0.03244005641748942
0 0.4095394736842105 0.33709449929478136 0.023026315789473683 0.039492242595204514
0 0.4136513157894737 0.3011283497884344 0.019736842105263157 0.029619181946403384
0 0.4115953947368421 0.27221438645980256 0.015625 0.031029619181946404
0 0.3980263157894737 0.26727785613540195 0.014802631578947368 0.029619181946403384
0 0.43338815789473684 0.25176304654442877 0.01644736842105263 0.03244005641748942
0 0.45230263157894735 0.2651622002820874 0.01644736842105263 0.03385049365303244
0 0.43914473684210525 0.36459802538787023 0.023026315789473683 0.0465444287729196
0 0.47574013157894735 0.3018335684062059 0.022203947368421052 0.036671368124118475
0 0.4786184210526316 0.26657263751763044 0.014802631578947368 0.028208744710860368
0 0.4740953947368421 0.23624823695345556 0.015625 0.03526093088857546
0 0.5111019736842105 0.2679830747531735 0.015625 0.028208744710860368
0 0.5242598684210527 0.27856135401974613 0.02055921052631579 0.03526093088857546
0 0.5234375 0.25176304654442877 0.013980263157894737 0.029619181946403384
0 0.5374177631578947 0.25035260930888575 0.015625 0.03526093088857546
0 0.5049342105263158 0.3229901269393512 0.019736842105263157 0.039492242595204514
0 0.561266447368421 0.27997179125528915 0.017269736842105265 0.03244005641748942
0 0.5851151315789473 0.2693935119887165 0.015625 0.031029619181946404
0 0.5777138157894737 0.2454160789844852 0.015625 0.028208744710860368
0 0.5785361842105263 0.22566995768688294 0.017269736842105265 0.028208744710860368
0 0.5625 0.229901269393512 0.014802631578947368 0.028208744710860368
0 0.6036184210526315 0.24964739069111425 0.01644736842105263 0.028208744710860368
0 0.6040296052631579 0.22425952045133993 0.013980263157894737 0.02538787023977433
0 0.6151315789473685 0.20803949224259521 0.01644736842105263 0.029619181946403384
0 0.5374177631578947 0.3554301833568406 0.02549342105263158 0.0535966149506347
0 0.46875 0.41114245416078987 0.029605263157894735 0.06064880112834979
0 0.5333059210526315 0.4294781382228491 0.03536184210526316 0.05500705218617771
0 0.5970394736842105 0.4506346967559944 0.03782894736842105 0.06629055007052186
0 0.6422697368421053 0.44710860366713684 0.03453947368421053 0.06770098730606489
0 0.6171875 0.36530324400564174 0.022203947368421052 0.05077574047954866
0 0.6036184210526315 0.33638928067700985 0.02138157894736842 0.03526093088857546
0 0.639391447368421 0.3004231311706629 0.02055921052631579 0.045133991537376586
0 0.639391447368421 0.25035260930888575 0.015625 0.03244005641748942
0 0.6303453947368421 0.21861777150916784 0.012335526315789474 0.031029619181946404
0 0.6455592105263158 0.22778561354019747 0.01644736842105263 0.03244005641748942
0 0.6624177631578947 0.21086036671368125 0.012335526315789474 0.02679830747531735
0 0.678453947368421 0.22496473906911144 0.013157894736842105 0.02679830747531735
0 0.7027138157894737 0.22637517630465445 0.013980263157894737 0.029619181946403384
0 0.7084703947368421 0.24964739069111425 0.015625 0.031029619181946404
0 0.6800986842105263 0.27150916784203105 0.01644736842105263 0.04090267983074753
0 0.6587171052631579 0.3702397743300423 0.024671052631578948 0.05782792665726375
0 0.6525493421052632 0.34062059238363895 0.018914473684210526 0.03526093088857546
0 0.6928453947368421 0.35613540197461213 0.023848684210526317 0.04372355430183357
0 0.7380756578947368 0.40479548660084624 0.028782894736842105 0.0535966149506347
0 0.7179276315789473 0.4830747531734838 0.04111842105263158 0.07193229901269393
0 0.7890625 0.4287729196050776 0.027138157894736843 0.056417489421720736
0 0.8170230263157895 0.36459802538787023 0.022203947368421052 0.05500705218617771
0 0.7306743421052632 0.28913963328631875 0.017269736842105265 0.036671368124118475
0 0.7372532894736842 0.2609308885754584 0.015625 0.03385049365303244
0 0.7504111842105263 0.23695345557122707 0.015625 0.022566995768688293
0 0.7520559210526315 0.24894217207334274 0.012335526315789474 0.023977433004231313
0 0.764391447368421 0.2637517630465444 0.013980263157894737 0.028208744710860368
0 0.7787828947368421 0.2849083215796897 0.014802631578947368 0.03385049365303244
0 0.7820723684210527 0.24894217207334274 0.013157894736842105 0.023977433004231313
0 0.7927631578947368 0.24823695345557123 0.013157894736842105 0.028208744710860368
0 0.819078947368421 0.2679830747531735 0.01644736842105263 0.031029619181946404
0 0.8240131578947368 0.31170662905500707 0.019736842105263157 0.036671368124118475
0 0.8462171052631579 0.3427362482369535 0.019736842105263157 0.045133991537376586
0 0.8601973684210527 0.2842031029619182 0.01644736842105263 0.029619181946403384
0 0.8466282894736842 0.25881523272214385 0.017269736842105265 0.03526093088857546
0 0.8766447368421053 0.2531734837799718 0.011513157894736841 0.03244005641748942
0 0.9025493421052632 0.28702397743300423 0.015625 0.03526093088857546
0 0.8910361842105263 0.31805359661495064 0.017269736842105265 0.03244005641748942
0 0.865953947368421 0.3709449929478138 0.024671052631578948 0.0535966149506347
0 0.8733552631578947 0.343441466854725 0.018092105263157895 0.04090267983074753
0 0.8499177631578947 0.4703808180535966 0.03042763157894737 0.06346967559943582
0 0.8289473684210527 0.5232722143864598 0.03782894736842105 0.07334273624823695
0 0.9181743421052632 0.4682651622002821 0.032072368421052634 0.056417489421720736
0 0.9185855263157895 0.3251057827926657 0.019736842105263157 0.0465444287729196
0 0.9375 0.34978843441466856 0.023026315789473683 0.039492242595204514
0 0.9391447368421053 0.2842031029619182 0.01644736842105263 0.029619181946403384