0 0.34699714013346045 0.22413793103448276 0.017159199237368923 0.034482758620689655
0 0.34604385128693993 0.2471264367816092 0.022878932316491896 0.027914614121510674
0 0.4099142040038132 0.2569786535303777 0.020972354623450904 0.03776683087027915
0 0.42897998093422307 0.22413793103448276 0.017159199237368923 0.034482758620689655
0 0.4494756911344137 0.23070607553366174 0.01811248808388942 0.03776683087027915
0 0.4971401334604385 0.22988505747126436 0.0219256434699714 0.042692939244663386
0 0.5104861773117254 0.18883415435139572 0.02001906577693041 0.0361247947454844
0 0.5285986653956148 0.14285714285714285 0.016205910390848427 0.026272577996715927
0 0.55767397521449 0.20935960591133004 0.020972354623450904 0.05090311986863711
0 0.5967588179218303 0.18719211822660098 0.02478551000953289 0.04597701149425287
0 0.6367969494756911 0.1510673234811166 0.017159199237368923 0.03284072249589491
0 0.605815061963775 0.24548440065681446 0.025738798856053385 0.054187192118226604
0 0.6782650142993327 0.20525451559934318 0.023832221163012392 0.04926108374384237
0 0.7402287893231649 0.19129720853858784 0.01811248808388942 0.027914614121510674
0 0.6496663489037178 0.2512315270935961 0.0219256434699714 0.042692939244663386
0 0.6954242135367016 0.2627257799671593 0.02001906577693041 0.03940886699507389
0 0.7430886558627264 0.29802955665024633 0.02001906577693041 0.054187192118226604
0 0.7797902764537655 0.30377668308702793 0.030505243088655862 0.06896551724137931
0 0.8527168732125834 0.24548440065681446 0.023832221163012392 0.05090311986863711
0 0.8593898951382268 0.21428571428571427 0.02001906577693041 0.03776683087027915
0 0.8755958055290753 0.3185550082101806 0.023832221163012392 0.059113300492610835
0 0.9099142040038132 0.23234811165845648 0.01811248808388942 0.034482758620689655
0 0.9332697807435653 0.2471264367816092 0.017159199237368923 0.05090311986863711
0 0.9380362249761678 0.3472906403940887 0.020972354623450904 0.05747126436781609
0 0.9518589132507149 0.28160919540229884 0.02001906577693041 0.05090311986863711
0 0.9518589132507149 0.24302134646962234 0.023832221163012392 0.03940886699507389
0 0.7816968541468065 0.2594417077175698 0.030505243088655862 0.03940886699507389
0 0.8851286939942803 0.2857142857142857 0.027645376549094377 0.059113300492610835