0 0.07703349282296651 0.32847341337907376 0.03923444976076555 0.08061749571183534
0 0.18803827751196173 0.4631217838765009 0.04688995215311005 0.08576329331046312
0 0.29473684210526313 0.21012006861063465 0.022966507177033493 0.04631217838765009
0 0.3028708133971292 0.23927958833619212 0.01818181818181818 0.036020583190394515
0 0.3282296650717703 0.18267581475128644 0.028708133971291867 0.03945111492281304
0 0.34210526315789475 0.2564322469982847 0.01818181818181818 0.04631217838765009
0 0.33301435406698565 0.20497427101200685 0.022966507177033493 0.03945111492281304
0 0.369377990430622 0.20154373927958832 0.019138755980861243 0.04288164665523156
0 0.38803827751196174 0.19897084048027444 0.020095693779904306 0.051457975986277875
0 0.4263157894736842 0.1732418524871355 0.023923444976076555 0.0411663807890223
0 0.4478468899521531 0.1509433962264151 0.021052631578947368 0.03773584905660377
0 0.4421052631578947 0.2058319039451115 0.019138755980861243 0.048027444253859346
0 0.42727272727272725 0.2538593481989708 0.031578947368421054 0.048027444253859346
0 0.4722488038277512 0.21783876500857632 0.023923444976076555 0.048027444253859346
0 0.469377990430622 0.14493996569468268 0.02200956937799043 0.04288164665523156
0 0.4813397129186603 0.1234991423670669 0.013397129186602871 0.03773584905660377
0 0.48995215311004786 0.13979416809605488 0.015311004784688996 0.036020583190394515
0 0.5004784688995215 0.11921097770154374 0.01722488038277512 0.032590051457975985
0 0.5229665071770335 0.11749571183533447 0.016267942583732056 0.036020583190394515
0 0.5100478468899522 0.22727272727272727 0.021052631578947368 0.04631217838765009
0 0.5110047846889952 0.18010291595197256 0.022966507177033493 0.051457975986277875
0 0.5320574162679426 0.16037735849056603 0.022966507177033493 0.03945111492281304
0 0.5406698564593302 0.1312178387650086 0.021052631578947368 0.032590051457975985
0 0.5808612440191387 0.1234991423670669 0.019138755980861243 0.03773584905660377
0 0.5511961722488038 0.2006861063464837 0.026794258373205742 0.048027444253859346
0 0.5569377990430622 0.15608919382504288 0.022966507177033493 0.0411663807890223
0 0.6 0.11234991423670669 0.019138755980861243 0.036020583190394515
0 0.6191387559808612 0.120926243567753 0.022966507177033493 0.036020583190394515
0 0.6148325358851675 0.15866209262435677 0.020095693779904306 0.032590051457975985
0 0.6488038277511962 0.1346483704974271 0.019138755980861243 0.03945111492281304
0 0.6626794258373205 0.09605488850771869 0.016267942583732056 0.030874785591766724
0 0.6717703349282297 0.12521440823327615 0.024880382775119617 0.03773584905660377
0 0.6899521531100479 0.09862778730703259 0.01722488038277512 0.032590051457975985
0 0.7047846889952153 0.10291595197255575 0.01818181818181818 0.0411663807890223
0 0.5110047846889952 0.29416809605488853 0.03827751196172249 0.0634648370497427
0 0.561244019138756 0.24528301886792453 0.027751196172248804 0.058319039451114926
0 0.6344497607655503 0.21012006861063465 0.028708133971291867 0.04974271012006861
0 0.6191387559808612 0.25986277873070324 0.04019138755980861 0.060034305317324184
0 0.5976076555023924 0.3379073756432247 0.03349282296650718 0.07890222984562607
0 0.676555023923445 0.27101200686106347 0.03062200956937799 0.0548885077186964
0 0.6684210526315789 0.18267581475128644 0.02966507177033493 0.04974271012006861
0 0.7043062200956938 0.18782161234991424 0.019138755980861243 0.05660377358490566
0 0.7220095693779904 0.14922813036020582 0.03349282296650718 0.044596912521440824
0 0.7602870813397129 0.12950257289879932 0.01818181818181818 0.04631217838765009
0 0.7894736842105263 0.13550600343053174 0.019138755980861243 0.044596912521440824
0 0.7559808612440191 0.18610634648370497 0.021052631578947368 0.03945111492281304
0 0.7411483253588517 0.20240137221269297 0.02966507177033493 0.044596912521440824
0 0.7282296650717703 0.23842195540308747 0.03636363636363636 0.06174957118353345
0 0.6904306220095694 0.3113207547169811 0.02966507177033493 0.0634648370497427
0 0.7133971291866029 0.28130360205831906 0.027751196172248804 0.048027444253859346
0 0.8105263157894737 0.15265866209262435 0.019138755980861243 0.03773584905660377
0 0.8009569377990431 0.21869639794168097 0.022966507177033493 0.04974271012006861
0 0.7626794258373206 0.2564322469982847 0.026794258373205742 0.04631217838765009
0 0.8114832535885167 0.25986277873070324 0.022966507177033493 0.060034305317324184
0 0.785645933014354 0.313893653516295 0.03062200956937799 0.058319039451114926
0 0.783732057416268 0.3996569468267582 0.03253588516746411 0.07547169811320754
0 0.8244019138755981 0.4065180102915952 0.0354066985645933 0.07204116638078903
0 0.8392344497607656 0.33276157804459694 0.03253588516746411 0.058319039451114926
0 0.8622009569377991 0.28216123499142365 0.03062200956937799 0.0634648370497427
0 0.8818181818181818 0.23927958833619212 0.027751196172248804 0.05317324185248713
0 0.9258373205741627 0.23499142367066894 0.023923444976076555 0.0548885077186964
0 0.9277511961722488 0.3096054888507719 0.031578947368421054 0.0634648370497427
0 0.9019138755980861 0.3713550600343053 0.02966507177033493 0.060034305317324184
0 0.9028708133971292 0.4236706689536878 0.03923444976076555 0.07547169811320754
0 0.7698564593301436 0.1483704974271012 0.020095693779904306 0.032590051457975985
0 0.784688995215311 0.1569468267581475 0.01722488038277512 0.032590051457975985
0 0.5789473684210527 0.18010291595197256 0.026794258373205742 0.03773584905660377
0 0.5779904306220096 0.1569468267581475 0.01722488038277512 0.04288164665523156
0 0.5076555023923445 0.14408233276157806 0.01818181818181818 0.03773584905660377
0 0.4688995215311005 0.1843910806174957 0.026794258373205742 0.032590051457975985
0 0.3722488038277512 0.2864493996569468 0.028708133971291867 0.0411663807890223