0 0.9323499491353001 0.1589648798521257 0.011190233977619531 0.029574861367837338
0 0.9323499491353001 0.18576709796672827 0.011190233977619531 0.03512014787430684
0 0.9425228891149542 0.21072088724584104 0.015259409969481181 0.04066543438077634
0 0.9282807731434385 0.2412199630314233 0.015259409969481181 0.03512014787430684
0 0.9140386571719227 0.3049907578558225 0.021363173957273652 0.059149722735674676
0 0.8387589013224822 0.15064695009242143 0.013224821973550356 0.031423290203327174
0 0.8219735503560529 0.17929759704251386 0.012207527975584944 0.029574861367837338
0 0.830620549338759 0.21626617375231053 0.015259409969481181 0.04066543438077634
0 0.8550356052899288 0.18207024029574861 0.013224821973550356 0.03512014787430684
0 0.8692777212614445 0.17282809611829944 0.011190233977619531 0.031423290203327174
0 0.8911495422177009 0.1866913123844732 0.014242115971515769 0.036968576709796676
0 0.8911495422177009 0.21626617375231053 0.014242115971515769 0.04066543438077634
0 0.8779247202441506 0.24214417744916822 0.018311291963377416 0.04805914972273567
0 0.8652085452695829 0.27911275415896486 0.019328585961342827 0.05545286506469501
0 0.8351983723296033 0.31053604436229204 0.02034587995930824 0.059149722735674676
0 0.8001017293997965 0.2541589648798521 0.021363173957273652 0.04990757855822551
0 0.7843336724313327 0.12939001848428835 0.012207527975584944 0.033271719038817
0 0.7914547304170906 0.1534195933456562 0.012207527975584944 0.033271719038817
0 0.7863682604272635 0.17652495378927913 0.012207527975584944 0.03512014787430684
0 0.7848423194303153 0.20609981515711645 0.015259409969481181 0.04251386321626617
0 0.7482197355035606 0.24676524953789278 0.019328585961342827 0.04990757855822551
0 0.7522889114954222 0.1866913123844732 0.015259409969481181 0.036968576709796676
0 0.7522889114954222 0.1367837338262477 0.011190233977619531 0.025878003696857672
0 0.7517802644964394 0.1598890942698706 0.014242115971515769 0.027726432532347505
0 0.6531027466937945 0.0988909426987061 0.012207527975584944 0.027726432532347505
0 0.6597151576805697 0.12476894639556377 0.009155645981688708 0.03512014787430684
0 0.6754832146490336 0.11737523105360444 0.01017293997965412 0.027726432532347505
0 0.6953204476093591 0.11552680221811461 0.011190233977619531 0.027726432532347505
0 0.7166836215666328 0.15157116451016636 0.015259409969481181 0.04066543438077634
0 0.7293997965412004 0.16635859519408502 0.014242115971515769 0.04066543438077634
0 0.7115971515768057 0.18022181146025879 0.017293997965412006 0.038817005545286505
0 0.7156663275686673 0.28373382624768945 0.027466937945066123 0.05730129390018484
0 0.6749745676500508 0.18114602587800369 0.017293997965412006 0.04066543438077634
0 0.6846388606307223 0.32809611829944546 0.026449643947100712 0.06839186691312385
0 0.6444557477110885 0.30129390018484287 0.027466937945066123 0.059149722735674676
0 0.6322482197355036 0.23197781885397412 0.023397761953204477 0.04990757855822551
0 0.6241098677517802 0.21072088724584104 0.017293997965412006 0.04066543438077634
0 0.5600203458799593 0.26155268022181144 0.019328585961342827 0.04990757855822551
0 0.5686673448626653 0.11460258780036968 0.012207527975584944 0.025878003696857672
0 0.6119023397761953 0.10073937153419593 0.009155645981688708 0.02033271719038817
0 0.6052899287894201 0.12199630314232902 0.012207527975584944 0.025878003696857672
0 0.5834181078331638 0.14972273567467653 0.013224821973550356 0.029574861367837338
0 0.5788402848423194 0.18114602587800369 0.012207527975584944 0.033271719038817
0 0.556968463886063 0.13955637707948243 0.013224821973550356 0.027726432532347505
0 0.5376398779247202 0.1876155268022181 0.015259409969481181 0.03512014787430684
0 0.5284842319430315 0.15526802218114602 0.013224821973550356 0.029574861367837338
0 0.5427263479145473 0.16728280961182995 0.015259409969481181 0.03512014787430684
0 0.5081383519837233 0.18576709796672827 0.015259409969481181 0.038817005545286505
0 0.5366225839267549 0.13493530499075784 0.013224821973550356 0.025878003696857672
0 0.4715157680569685 0.12754158964879853 0.009155645981688708 0.022181146025878003
0 0.48779247202441506 0.13401109057301294 0.009155645981688708 0.027726432532347505
0 0.491353001017294 0.12107208872458411 0.01017293997965412 0.02033271719038817
0 0.4745676500508647 0.1534195933456562 0.011190233977619531 0.029574861367837338
0 0.4669379450661241 0.17282809611829944 0.014242115971515769 0.03512014787430684
0 0.4501525940996948 0.1645101663585952 0.013224821973550356 0.033271719038817
0 0.4486266531027467 0.1987060998151571 0.01627670396744659 0.038817005545286505
0 0.4715157680569685 0.23475046210720887 0.019328585961342827 0.04805914972273567
0 0.44150559511698884 0.24306839186691312 0.02034587995930824 0.04990757855822551
0 0.42166836215666326 0.14972273567467653 0.009155645981688708 0.025878003696857672
0 0.41861648016276704 0.18114602587800369 0.015259409969481181 0.036968576709796676
0 0.4231943031536114 0.20425138632162662 0.014242115971515769 0.038817005545286505
0 0.4008138351983723 0.2033271719038817 0.01627670396744659 0.04066543438077634
0 0.40488301119023395 0.24214417744916822 0.022380467955239063 0.051756007393715345
0 0.36826042726347913 0.19963031423290203 0.014242115971515769 0.04436229205175601
0 0.3611393692777213 0.23937153419593346 0.02034587995930824 0.038817005545286505
0 0.5066124109867752 0.4011090573012939 0.0508646998982706 0.11460258780036968
0 0.624618514750763 0.1367837338262477 0.012207527975584944 0.025878003696857672