0 0.024979524979524978 0.4235048678720445 0.02375102375102375 0.05146036161335188
0 0.23791973791973792 0.3317107093184979 0.015561015561015561 0.03477051460361613
0 0.266994266994267 0.3435326842837274 0.018018018018018018 0.03894297635605007
0 0.29238329238329236 0.3011126564673157 0.01638001638001638 0.02920723226703755
0 0.294021294021294 0.3574408901251738 0.018018018018018018 0.03894297635605007
0 0.34193284193284196 0.3623087621696801 0.020475020475020474 0.037552155771905425
0 0.3615888615888616 0.28789986091794156 0.0171990171990172 0.03337969401947149
0 0.38288288288288286 0.3435326842837274 0.015561015561015561 0.03337969401947149
0 0.37674037674037675 0.3226703755215577 0.01638001638001638 0.03616133518776078
0 0.4004914004914005 0.2524339360222531 0.014742014742014743 0.02642559109874826
0 0.475020475020475 0.2357440890125174 0.01638001638001638 0.02642559109874826
0 0.4643734643734644 0.23852573018080667 0.013104013104013105 0.02642559109874826
0 0.4762489762489763 0.25869262865090403 0.0171990171990172 0.027816411682892908
0 0.4975429975429975 0.26425591098748263 0.0171990171990172 0.03337969401947149
0 0.5221130221130221 0.24687065368567454 0.015561015561015561 0.02086230876216968
0 0.5217035217035217 0.26912378303198886 0.014742014742014743 0.031988873435326845
0 0.5556920556920557 0.22044506258692628 0.010647010647010647 0.02086230876216968
0 0.5773955773955773 0.22322670375521558 0.01638001638001638 0.02642559109874826
0 0.5548730548730548 0.24200278164116829 0.013923013923013924 0.022253129346314324
0 0.5659295659295659 0.2545201668984701 0.018018018018018018 0.030598052851182198
0 0.5561015561015561 0.27399165507649514 0.01638001638001638 0.030598052851182198
0 0.5237510237510238 0.303894297635605 0.0171990171990172 0.03477051460361613
0 0.47583947583947583 0.29902642559109877 0.01638001638001638 0.030598052851182198
0 0.447993447993448 0.30250347705146036 0.019656019656019656 0.02920723226703755
0 0.45004095004095 0.33657858136300417 0.022113022113022112 0.03616133518776078
0 0.4176904176904177 0.3372739916550765 0.019656019656019656 0.031988873435326845
0 0.4189189189189189 0.29624478442280944 0.018837018837018837 0.030598052851182198
0 0.432022932022932 0.2566063977746871 0.012285012285012284 0.01808066759388039
0 0.6076986076986077 0.21696801112656466 0.013104013104013105 0.025034770514603615
0 0.6154791154791155 0.20027816411682892 0.010647010647010647 0.022253129346314324
0 0.6302211302211302 0.21557719054242003 0.013923013923013924 0.022253129346314324
0 0.6601146601146601 0.21349095966620307 0.009828009828009828 0.02086230876216968
0 0.6474201474201474 0.24687065368567454 0.015561015561015561 0.02920723226703755
0 0.6756756756756757 0.22600834492350486 0.013104013104013105 0.02642559109874826
0 0.6891891891891891 0.22322670375521558 0.010647010647010647 0.02642559109874826
0 0.6769041769041769 0.2663421418636996 0.020475020475020474 0.03477051460361613
0 0.6101556101556102 0.2454798331015299 0.01638001638001638 0.02920723226703755
0 0.7469287469287469 0.2211404728789986 0.011466011466011465 0.030598052851182198
0 0.785012285012285 0.22531293463143254 0.015561015561015561 0.030598052851182198
0 0.7796887796887797 0.2482614742698192 0.013104013104013105 0.02086230876216968
0 0.7502047502047502 0.2621696801112656 0.014742014742014743 0.03477051460361613
0 0.766994266994267 0.27746870653685674 0.018837018837018837 0.037552155771905425
0 0.7199017199017199 0.28303198887343534 0.018018018018018018 0.03477051460361613
0 0.7072072072072072 0.260778859527121 0.013923013923013924 0.02920723226703755
0 0.8124488124488124 0.24130737134909597 0.011466011466011465 0.02086230876216968
0 0.8443898443898444 0.25382475660639775 0.014742014742014743 0.02642559109874826
0 0.8632268632268633 0.26008344923504867 0.013104013104013105 0.025034770514603615
0 0.8763308763308764 0.2510431154381085 0.014742014742014743 0.02920723226703755
0 0.8984438984438985 0.2809457579972184 0.013104013104013105 0.027816411682892908
0 0.9393939393939394 0.27816411682892905 0.011466011466011465 0.025034770514603615
0 0.9357084357084358 0.3045897079276773 0.013923013923013924 0.030598052851182198
0 0.8755118755118755 0.3129346314325452 0.014742014742014743 0.03616133518776078
0 0.857084357084357 0.2865090403337969 0.013923013923013924 0.030598052851182198
0 0.8173628173628174 0.29694019471488176 0.01638001638001638 0.03477051460361613
0 0.8411138411138411 0.30250347705146036 0.01638001638001638 0.04033379694019471
0 0.8132678132678133 0.33588317107093185 0.018018018018018018 0.031988873435326845
0 0.8058968058968059 0.35952712100139084 0.018018018018018018 0.04033379694019471
0 0.866912366912367 0.34561891515994436 0.018837018837018837 0.037552155771905425
0 0.9291564291564292 0.34840055632823363 0.015561015561015561 0.02920723226703755
0 0.9197379197379197 0.38803894297635605 0.021294021294021293 0.05006954102920723
0 0.8636363636363636 0.3998609179415855 0.022113022113022112 0.0458970792767733
0 0.904995904995905 0.44993045897079276 0.019656019656019656 0.048678720445062586
0 0.8435708435708436 0.44923504867872044 0.02457002457002457 0.03894297635605007
0 0.7891072891072891 0.3991655076495132 0.022113022113022112 0.03894297635605007
0 0.7424242424242424 0.3894297635605007 0.022113022113022112 0.04450625869262865
0 0.6932841932841933 0.3372739916550765 0.022113022113022112 0.037552155771905425
0 0.6666666666666666 0.3650904033379694 0.02620802620802621 0.043115438108484005
0 0.6547911547911548 0.33101529902642557 0.0171990171990172 0.03337969401947149
0 0.6396396396396397 0.30528511821974963 0.018018018018018018 0.03477051460361613
0 0.6007371007371007 0.32058414464534074 0.020475020475020474 0.037552155771905425
0 0.5065520065520066 0.38386648122392214 0.022113022113022112 0.055632823365785816
0 0.545045045045045 0.3650904033379694 0.02375102375102375 0.0458970792767733
0 0.5462735462735463 0.3949930458970793 0.02457002457002457 0.05006954102920723
0 0.5855855855855856 0.4082058414464534 0.02457002457002457 0.04033379694019471
0 0.6138411138411138 0.4193324061196106 0.030303030303030304 0.054242002781641166
0 0.6658476658476659 0.44993045897079276 0.029484029484029485 0.059805285118219746
0 0.7141687141687142 0.4916550764951321 0.036036036036036036 0.07649513212795549
0 0.8345618345618345 0.5034770514603616 0.031122031122031123 0.06675938803894298