0 0.4249512670565302 0.2749576988155668 0.025341130604288498 0.04568527918781726
0 0.4537037037037037 0.21912013536379019 0.018518518518518517 0.03553299492385787
0 0.42251461988304095 0.2182741116751269 0.016569200779727095 0.0338409475465313
0 0.402046783625731 0.19796954314720813 0.014619883040935672 0.030456852791878174
0 0.3425925925925926 0.23011844331641285 0.016569200779727095 0.02707275803722504
0 0.3153021442495127 0.23096446700507614 0.016569200779727095 0.028764805414551606
0 0.47514619883040937 0.16412859560067683 0.016569200779727095 0.030456852791878174
0 0.4766081871345029 0.18781725888324874 0.017543859649122806 0.030456852791878174
0 0.4902534113060429 0.2089678510998308 0.017543859649122806 0.032148900169204735
0 0.533625730994152 0.21150592216582065 0.018518518518518517 0.0338409475465313
0 0.5263157894736842 0.1455160744500846 0.01364522417153996 0.02707275803722504
0 0.557504873294347 0.1455160744500846 0.01364522417153996 0.02707275803722504
0 0.5877192982456141 0.15820642978003385 0.01364522417153996 0.028764805414551606
0 0.5960038986354775 0.15228426395939088 0.012670565302144249 0.02030456852791878
0 0.6033138401559455 0.2656514382402707 0.021442495126705652 0.043993231810490696
0 0.6559454191033138 0.26480541455160744 0.021442495126705652 0.049069373942470386
0 0.6739766081871345 0.2140439932318105 0.018518518518518517 0.038917089678511
0 0.6603313840155945 0.18358714043993232 0.018518518518518517 0.038917089678511
0 0.7275828460038987 0.08037225042301184 0.016569200779727095 0.028764805414551606
0 0.7456140350877193 0.15228426395939088 0.01364522417153996 0.0338409475465313
0 0.7660818713450293 0.08460236886632826 0.011695906432748537 0.023688663282571912
0 0.7807017543859649 0.16412859560067683 0.01364522417153996 0.030456852791878174
0 0.7962962962962963 0.18612521150592218 0.01364522417153996 0.0338409475465313
0 0.7665692007797271 0.23688663282571912 0.02046783625730994 0.04060913705583756
0 0.7285575048732943 0.26480541455160744 0.022417153996101363 0.04568527918781726
0 0.7958089668615984 0.2749576988155668 0.02631578947368421 0.05245346869712352
0 0.8265107212475633 0.09475465313028765 0.01364522417153996 0.02707275803722504
0 0.8557504873294347 0.09644670050761421 0.01364522417153996 0.02707275803722504
0 0.8576998050682261 0.18274111675126903 0.017543859649122806 0.0338409475465313
0 0.8435672514619883 0.21065989847715735 0.018518518518518517 0.038917089678511
0 0.8162768031189084 0.18527918781725888 0.014619883040935672 0.028764805414551606
0 0.8893762183235867 0.2233502538071066 0.016569200779727095 0.03722504230118443
0 0.9800194931773879 0.15313028764805414 0.016569200779727095 0.04568527918781726