0 0.03839801816680429 0.48523206751054854 0.04541701073492981 0.08157524613220815
0 0.23162675474814204 0.3389592123769339 0.018992568125516102 0.03656821378340366
0 0.2584640792733278 0.37060478199718705 0.02477291494632535 0.04922644163150492
0 0.2865400495458299 0.3150492264416315 0.01981833195706028 0.03938115330520394
0 0.29603633360858794 0.3649789029535865 0.02064409578860446 0.0379746835443038
0 0.3356729975227085 0.35724331926863573 0.02064409578860446 0.04219409282700422
0 0.3546655656482246 0.329817158931083 0.01568951279933939 0.035161744022503515
0 0.3592072667217176 0.29254571026722925 0.016515276630883566 0.03375527426160337
0 0.3856317093311313 0.3410689170182841 0.018166804293971925 0.0379746835443038
0 0.4124690338563171 0.33825597749648384 0.022295623451692816 0.0379746835443038
0 0.45210569777043763 0.34177215189873417 0.022295623451692816 0.03938115330520394
0 0.43352601156069365 0.3059071729957806 0.016515276630883566 0.029535864978902954
0 0.40916597853014036 0.3037974683544304 0.018992568125516102 0.030942334739803096
0 0.4083402146985962 0.2679324894514768 0.01568951279933939 0.03234880450070324
0 0.3926507018992568 0.27355836849507736 0.01568951279933939 0.040787623066104076
0 0.44921552436003304 0.2630098452883263 0.01486374896779521 0.03375527426160337
0 0.4343517753922378 0.23769338959212377 0.011560693641618497 0.030942334739803096
0 0.47770437654830716 0.2419127988748242 0.014037985136251032 0.02812939521800281
0 0.47233691164327 0.2742616033755274 0.016515276630883566 0.030942334739803096
0 0.47027250206440957 0.319971870604782 0.022295623451692816 0.0379746835443038
0 0.5074318744838976 0.3171589310829817 0.02064409578860446 0.035161744022503515
0 0.5136251032204789 0.2679324894514768 0.01486374896779521 0.026722925457102673
0 0.523121387283237 0.2707454289732771 0.014037985136251032 0.03234880450070324
0 0.5301403798513625 0.2517580872011252 0.011560693641618497 0.02531645569620253
0 0.5491329479768786 0.24964838255977498 0.016515276630883566 0.026722925457102673
0 0.5672997522708505 0.2777777777777778 0.016515276630883566 0.0379746835443038
0 0.5602807597027251 0.229957805907173 0.017341040462427744 0.026722925457102673
0 0.5772089182493807 0.22433192686357242 0.01486374896779521 0.029535864978902954
0 0.583402146985962 0.2609001406469761 0.017341040462427744 0.03234880450070324
0 0.6056977704376548 0.2440225035161744 0.014037985136251032 0.02109704641350211
0 0.6048720066061106 0.22362869198312235 0.014037985136251032 0.02812939521800281
0 0.6123038810900082 0.20745428973277075 0.014037985136251032 0.026722925457102673
0 0.629644921552436 0.2222222222222222 0.014037985136251032 0.02812939521800281
0 0.6428571428571429 0.22784810126582278 0.014037985136251032 0.02531645569620253
0 0.6486374896779521 0.24472573839662448 0.01568951279933939 0.02250351617440225
0 0.6651527663088357 0.21870604781997188 0.014037985136251032 0.02390998593530239
0 0.6796036333608588 0.23277074542897327 0.01486374896779521 0.026722925457102673
0 0.7010734929810074 0.22081575246132207 0.013212221304706853 0.02812939521800281
0 0.7068538398018167 0.2510548523206751 0.016515276630883566 0.029535864978902954
0 0.6787778695293146 0.26652601969057665 0.01981833195706028 0.0379746835443038
0 0.6948802642444261 0.30520393811533053 0.022295623451692816 0.04219409282700422
0 0.639141205615194 0.3066104078762307 0.018166804293971925 0.03656821378340366
0 0.6486374896779521 0.3488045007032349 0.022295623451692816 0.0450070323488045
0 0.6011560693641619 0.33755274261603374 0.021469859620148638 0.04219409282700422
0 0.6003303055326177 0.3853727144866385 0.02972749793559042 0.04781997187060478
0 0.6094137076796037 0.42545710267229253 0.03303055326176713 0.06610407876230662
0 0.5458298926507019 0.4078762306610408 0.02972749793559042 0.05625879043600562
0 0.5355078447563997 0.3530239099859353 0.027250206440957887 0.0450070323488045
0 0.4682080924855491 0.41279887482419125 0.03303055326176713 0.057665260196905765
0 0.6469859620148638 0.45569620253164556 0.033856317093311314 0.06469760900140648
0 0.6589595375722543 0.37412095639943743 0.026424442609413706 0.04781997187060478
0 0.6907514450867052 0.3656821378340366 0.02064409578860446 0.0450070323488045
0 0.7237819983484723 0.4142053445850914 0.03220478943022296 0.06610407876230662
0 0.7060280759702725 0.47960618846694797 0.03633360858794385 0.07876230661040788
0 0.7753922378199835 0.42334739803094235 0.02972749793559042 0.06469760900140648
0 0.8166804293971924 0.36075949367088606 0.023121387283236993 0.046413502109704644
0 0.7303881090008257 0.2890295358649789 0.018992568125516102 0.0379746835443038
0 0.7357555739058629 0.25316455696202533 0.01981833195706028 0.03938115330520394
0 0.7634186622625929 0.2651195499296765 0.018992568125516102 0.0379746835443038
0 0.7621800165152767 0.229957805907173 0.018166804293971925 0.03234880450070324
0 0.7857142857142857 0.2489451476793249 0.01568951279933939 0.030942334739803096
0 0.7989265070189926 0.2468354430379747 0.014037985136251032 0.029535864978902954
0 0.8236994219653179 0.27285513361462727 0.02064409578860446 0.030942334739803096
0 0.7853014037985137 0.2890295358649789 0.01981833195706028 0.03234880450070324
0 0.8203963666391412 0.30942334739803096 0.022295623451692816 0.030942334739803096
0 0.8410404624277457 0.33825597749648384 0.018992568125516102 0.035161744022503515
0 0.8435177539223782 0.3150492264416315 0.01568951279933939 0.030942334739803096
0 0.8559042113955408 0.2841068917018284 0.014037985136251032 0.03375527426160337
0 0.847646573080099 0.2580872011251758 0.012386457473162676 0.029535864978902954
0 0.8786127167630058 0.2559774964838256 0.01486374896779521 0.03375527426160337
0 0.8996696944673823 0.279887482419128 0.01568951279933939 0.03375527426160337
0 0.8835672997522709 0.310126582278481 0.01486374896779521 0.035161744022503515
0 0.8815028901734104 0.360056258790436 0.022295623451692816 0.04781997187060478
0 0.8670520231213873 0.37060478199718705 0.02477291494632535 0.04922644163150492
0 0.8513625103220479 0.4381153305203938 0.02972749793559042 0.057665260196905765
0 0.833195706028076 0.5042194092827004 0.03303055326176713 0.06891701828410689
0 0.9170107349298101 0.4711673699015471 0.03220478943022296 0.08157524613220815
0 0.912056151940545 0.3270042194092827 0.018992568125516102 0.04360056258790436
0 0.9236168455821635 0.3129395218002813 0.017341040462427744 0.03234880450070324
0 0.9376548307184145 0.30520393811533053 0.014037985136251032 0.03375527426160337
0 0.9421965317919075 0.28270042194092826 0.011560693641618497 0.02531645569620253
0 0.9475639966969447 0.35864978902953587 0.018992568125516102 0.04219409282700422