0 0.06505376344086021 0.24423076923076922 0.02043010752688172 0.04230769230769231
0 0.09731182795698924 0.25384615384615383 0.02258064516129032 0.04230769230769231
0 0.21021505376344085 0.25096153846153846 0.024731182795698924 0.051923076923076926
0 0.29193548387096774 0.22788461538461538 0.024731182795698924 0.05576923076923077
0 0.310752688172043 0.22403846153846155 0.021505376344086023 0.04423076923076923
0 0.35053763440860214 0.1875 0.015053763440860216 0.032692307692307694
0 0.39731182795698927 0.20961538461538462 0.02903225806451613 0.057692307692307696
0 0.4150537634408602 0.19423076923076923 0.01935483870967742 0.05
0 0.43870967741935485 0.25384615384615383 0.025806451612903226 0.046153846153846156
0 0.4446236559139785 0.22115384615384615 0.02043010752688172 0.04230769230769231
0 0.4521505376344086 0.17307692307692307 0.01827956989247312 0.038461538461538464
0 0.4612903225806452 0.13365384615384615 0.017204301075268817 0.03653846153846154
0 0.4881720430107527 0.1596153846153846 0.01935483870967742 0.038461538461538464
0 0.489247311827957 0.2144230769230769 0.01935483870967742 0.04807692307692308
0 0.5580645161290323 0.17884615384615385 0.017204301075268817 0.03461538461538462
0 0.5456989247311828 0.1673076923076923 0.016129032258064516 0.03461538461538462
0 0.6306451612903226 0.11442307692307692 0.016129032258064516 0.032692307692307694
0 0.6279569892473118 0.21057692307692308 0.023655913978494623 0.051923076923076926
0 0.6182795698924731 0.2528846153846154 0.025806451612903226 0.051923076923076926
0 0.6370967741935484 0.30096153846153845 0.035483870967741936 0.07115384615384615
0 0.6704301075268817 0.21634615384615385 0.02258064516129032 0.04807692307692308
0 0.6661290322580645 0.18076923076923077 0.02258064516129032 0.046153846153846156
0 0.7016129032258065 0.1548076923076923 0.02043010752688172 0.04038461538461539
0 0.7521505376344086 0.1596153846153846 0.02258064516129032 0.038461538461538464
0 0.7317204301075269 0.21346153846153845 0.02258064516129032 0.04230769230769231
0 0.6704301075268817 0.2865384615384615 0.02258064516129032 0.05
0 0.6801075268817204 0.3605769230769231 0.03333333333333333 0.075
0 0.8075268817204301 0.28557692307692306 0.02795698924731183 0.05961538461538462
0 0.8016129032258065 0.23461538461538461 0.02258064516129032 0.046153846153846156
0 0.8478494623655914 0.3076923076923077 0.02903225806451613 0.06153846153846154
0 0.8650537634408603 0.28076923076923077 0.024731182795698924 0.046153846153846156
0 0.9268817204301075 0.2298076923076923 0.025806451612903226 0.04423076923076923
0 0.9048387096774193 0.3528846153846154 0.024731182795698924 0.075
0 0.9209677419354839 0.3778846153846154 0.02903225806451613 0.06346153846153846