0 0.15687053216838762 0.536067892503536 0.04209690230341541 0.08486562942008487
0 0.21683876092136617 0.3606789250353607 0.023828435266084195 0.04526166902404526
0 0.2625099285146942 0.342998585572843 0.023034154090548053 0.04101838755304102
0 0.2855440826052423 0.3048090523338048 0.016679904686258934 0.03536067892503536
0 0.29229547259729943 0.35714285714285715 0.020651310563939634 0.04384724186704385
0 0.33161239078633836 0.36916548797736914 0.024622716441620333 0.04526166902404526
0 0.34273232724384434 0.33663366336633666 0.021445591739475776 0.042432814710042434
0 0.35186656076250994 0.2984441301272984 0.017474185861795076 0.031117397454031116
0 0.3824463860206513 0.2758132956152758 0.015091342335186657 0.031117397454031116
0 0.40031771247021447 0.29632248939179634 0.017474185861795076 0.03253182461103253
0 0.37529785544082606 0.3316831683168317 0.018268467037331215 0.03818953323903819
0 0.40071485305798255 0.3444130127298444 0.023034154090548053 0.05233380480905234
0 0.4050833995234313 0.26591230551626593 0.019062748212867357 0.031117397454031116
0 0.42136616362192214 0.25035360678925034 0.015091342335186657 0.028288543140028287
0 0.43169181890389197 0.2758132956152758 0.015091342335186657 0.033946251768033946
0 0.43050039714058774 0.30763790664780766 0.019062748212867357 0.04101838755304102
0 0.46108022239872914 0.3345120226308345 0.023034154090548053 0.04384724186704385
0 0.4630659253375695 0.30198019801980197 0.020651310563939634 0.03536067892503536
0 0.45552025416997616 0.2743988684582744 0.015091342335186657 0.031117397454031116
0 0.4475774424146148 0.24964639321074963 0.016679904686258934 0.024045261669024046
0 0.46386020651310567 0.22842998585572843 0.014297061159650517 0.024045261669024046
0 0.4932486100079428 0.2637906647807638 0.020651310563939634 0.03536067892503536
0 0.505957108816521 0.23974540311173975 0.012708498808578236 0.024045261669024046
0 0.5119142176330421 0.25106082036775107 0.013502779984114376 0.024045261669024046
0 0.517077045274027 0.2708628005657709 0.014297061159650517 0.03253182461103253
0 0.5270055599682287 0.25176803394625175 0.016679904686258934 0.033946251768033946
0 0.5480540111199365 0.27864214992927866 0.020651310563939634 0.036775106082036775
0 0.5631453534551231 0.24328147100424327 0.015885623510722795 0.033946251768033946
0 0.5524225575853853 0.21782178217821782 0.011914217633042097 0.028288543140028287
0 0.5659253375694996 0.2164073550212164 0.015091342335186657 0.028288543140028287
0 0.5837966640190627 0.22418670438472418 0.014297061159650517 0.0297029702970297
0 0.6032565528196981 0.2065063649222065 0.013502779984114376 0.031117397454031116
0 0.6155679110405083 0.21357850070721357 0.014297061159650517 0.02263083451202263
0 0.4980142970611596 0.33097595473833097 0.020651310563939634 0.04526166902404526
0 0.45591739475774423 0.4101838755304102 0.027005559968228753 0.05091937765205092
0 0.5297855440826053 0.40381895332390383 0.027005559968228753 0.055162659123055166
0 0.5297855440826053 0.3642149929278642 0.022239872915011914 0.04101838755304102
0 0.5865766481334392 0.3635077793493635 0.023034154090548053 0.05374823196605375
0 0.5849880857823669 0.32248939179632247 0.023034154090548053 0.042432814710042434
0 0.5691024622716442 0.44413012729844414 0.02938840349483717 0.07355021216407355
0 0.6227164416203336 0.48585572842998587 0.03494837172359015 0.07779349363507779
0 0.693010325655282 0.5021216407355021 0.04209690230341541 0.08203677510608204
0 0.6521048451151708 0.36845827439886847 0.027005559968228753 0.05799151343705799
0 0.6334392374900715 0.3422913719943423 0.016679904686258934 0.042432814710042434
0 0.6203335980937251 0.30056577086280056 0.019062748212867357 0.04101838755304102
0 0.625099285146942 0.2545968882602546 0.017474185861795076 0.033946251768033946
0 0.5881652104845115 0.2545968882602546 0.011914217633042097 0.028288543140028287
0 0.6465448768864178 0.2362093352192362 0.015885623510722795 0.02545968882602546
0 0.6548848292295473 0.21074964639321075 0.010325655281969817 0.02545968882602546
0 0.6664019062748213 0.22418670438472418 0.012708498808578236 0.0297029702970297
0 0.6564733915806196 0.27793493635077793 0.016679904686258934 0.04101838755304102
0 0.6914217633042097 0.29985855728429983 0.023034154090548053 0.042432814710042434
0 0.693010325655282 0.25106082036775107 0.013502779984114376 0.03253182461103253
0 0.6667990468625894 0.31966053748231965 0.019857029388403495 0.042432814710042434
0 0.6767275615567911 0.347949080622348 0.020651310563939634 0.04809052333804809
0 0.7180301826846703 0.26166902404526166 0.015885623510722795 0.042432814710042434
0 0.7295472597299444 0.24611032531824611 0.010325655281969817 0.02263083451202263
0 0.7251787132644957 0.2376237623762376 0.012708498808578236 0.028288543140028287
0 0.7394757744241461 0.3041018387553041 0.019062748212867357 0.042432814710042434
0 0.7454328832406671 0.26732673267326734 0.015091342335186657 0.031117397454031116
0 0.755758538522637 0.29066478076379065 0.013502779984114376 0.0297029702970297
0 0.7656870532168387 0.24681753889674682 0.014297061159650517 0.0297029702970297
0 0.7934868943606036 0.24681753889674682 0.014297061159650517 0.03253182461103253
0 0.7986497220015886 0.3026874115983027 0.015091342335186657 0.039603960396039604
0 0.8002382843526609 0.26874115983026875 0.016679904686258934 0.02545968882602546
0 0.8228752978554408 0.26308345120226306 0.012708498808578236 0.033946251768033946
0 0.8363780778395552 0.26308345120226306 0.012708498808578236 0.028288543140028287
0 0.8312152501985703 0.28642149929278643 0.015091342335186657 0.03253182461103253
0 0.8312152501985703 0.3217821782178218 0.021445591739475776 0.04101838755304102
0 0.7915011914217633 0.3620933521923621 0.021445591739475776 0.042432814710042434
0 0.8046068308181096 0.3465346534653465 0.017474185861795076 0.042432814710042434
0 0.7200158856235107 0.4045261669024045 0.026211278792692614 0.06223479490806223
0 0.7597299444003177 0.4476661951909477 0.02779984114376489 0.06082036775106082
0 0.8244638602065131 0.4490806223479491 0.03177124702144559 0.055162659123055166
0 0.8395552025416998 0.37906647807637905 0.020651310563939634 0.05374823196605375
0 0.8558379666401906 0.36704384724186706 0.019857029388403495 0.05233380480905234
0 0.8697378872120731 0.326025459688826 0.015885623510722795 0.03536067892503536
0 0.8756949960285941 0.27793493635077793 0.015091342335186657 0.04101838755304102
0 0.8558379666401906 0.25742574257425743 0.013502779984114376 0.036775106082036775
0 0.8959491660047657 0.31541725601131543 0.014297061159650517 0.033946251768033946
0 0.9070691024622717 0.2835926449787836 0.012708498808578236 0.0297029702970297
0 0.9114376489277204 0.30198019801980197 0.015091342335186657 0.024045261669024046
0 0.9074662430500398 0.3203677510608204 0.013502779984114376 0.03536067892503536
0 0.9042891183478952 0.3592644978783593 0.023034154090548053 0.042432814710042434
0 0.8979348689436061 0.4101838755304102 0.026211278792692614 0.05374823196605375
0 0.8983320095313742 0.47454031117397455 0.03335980937251787 0.07496463932107496
0 0.789912629070691 0.5367751060820368 0.03256552819698173 0.07779349363507779