0 0.2674757281553398 0.2538860103626943 0.010679611650485437 0.027633851468048358
0 0.2771844660194175 0.2452504317789292 0.008737864077669903 0.027633851468048358
0 0.2961165048543689 0.2607944732297064 0.019417475728155338 0.04835924006908463
0 0.3616504854368932 0.2504317789291883 0.02233009708737864 0.05872193436960276
0 0.3907766990291262 0.26770293609671847 0.018446601941747572 0.037996545768566495
0 0.36213592233009706 0.19602763385146804 0.015533980582524271 0.02936096718480138
0 0.40631067961165046 0.22020725388601037 0.01650485436893204 0.03281519861830743
0 0.4441747572815534 0.22625215889464595 0.018446601941747572 0.04145077720207254
0 0.41650485436893203 0.16062176165803108 0.011650485436893204 0.024179620034542316
0 0.44854368932038835 0.18307426597582038 0.015533980582524271 0.03454231433506045
0 0.46553398058252426 0.1614853195164076 0.01650485436893204 0.025906735751295335
0 0.47815533980582525 0.1848013816925734 0.01262135922330097 0.037996545768566495
0 0.4970873786407767 0.1614853195164076 0.011650485436893204 0.03281519861830743
0 0.5160194174757281 0.20120898100172713 0.018446601941747572 0.039723661485319514
0 0.5237864077669903 0.16493955094991364 0.01262135922330097 0.02936096718480138
0 0.541747572815534 0.17012089810017272 0.015533980582524271 0.03281519861830743
0 0.5300970873786408 0.1226252158894646 0.011650485436893204 0.027633851468048358
0 0.5553398058252427 0.1079447322970639 0.011650485436893204 0.022452504317789293
0 0.5626213592233009 0.12953367875647667 0.01262135922330097 0.031088082901554404
0 0.5800970873786407 0.16753022452504318 0.02233009708737864 0.03454231433506045
0 0.5854368932038835 0.13557858376511225 0.011650485436893204 0.02936096718480138
0 0.6014563106796117 0.15198618307426598 0.014563106796116505 0.027633851468048358
0 0.5927184466019417 0.10189982728842832 0.010679611650485437 0.024179620034542316
0 0.6145631067961165 0.09930915371329879 0.009708737864077669 0.025906735751295335
0 0.6383495145631068 0.10103626943005181 0.010679611650485437 0.025906735751295335
0 0.6689320388349514 0.10276338514680483 0.011650485436893204 0.025906735751295335
0 0.7 0.09844559585492228 0.009708737864077669 0.027633851468048358
0 0.641747572815534 0.1303972366148532 0.011650485436893204 0.025906735751295335
0 0.49271844660194175 0.29447322970639034 0.02815533980582524 0.0535405872193437
0 0.5296116504854369 0.32728842832469773 0.02233009708737864 0.046632124352331605
0 0.5548543689320389 0.24870466321243523 0.02233009708737864 0.04145077720207254
0 0.6063106796116505 0.2081174438687392 0.020388349514563107 0.03626943005181347
0 0.6058252427184466 0.26252158894645944 0.019417475728155338 0.04145077720207254
0 0.6106796116504855 0.31951640759930916 0.03300970873786408 0.06563039723661486
0 0.6548543689320389 0.17098445595854922 0.018446601941747572 0.037996545768566495
0 0.6796116504854369 0.15198618307426598 0.013592233009708738 0.031088082901554404
0 0.6572815533980583 0.20984455958549222 0.02330097087378641 0.039723661485319514
0 0.6737864077669903 0.32728842832469773 0.02524271844660194 0.06735751295336788
0 0.7058252427184466 0.26424870466321243 0.02524271844660194 0.04835924006908463
0 0.7019417475728156 0.23229706390328153 0.02330097087378641 0.02936096718480138
0 0.7048543689320388 0.18048359240069084 0.015533980582524271 0.04317789291882556
0 0.7300970873786408 0.18393782383419688 0.019417475728155338 0.05008635578583765
0 0.7495145631067961 0.21848013816925735 0.019417475728155338 0.0535405872193437
0 0.7601941747572816 0.27461139896373055 0.02912621359223301 0.055267702936096716
0 0.75 0.3290155440414508 0.03398058252427184 0.06390328151986183
0 0.787864077669903 0.40414507772020725 0.03203883495145631 0.07599309153713299
0 0.7747572815533981 0.15544041450777202 0.015533980582524271 0.04145077720207254
0 0.7849514563106796 0.21070811744386875 0.01650485436893204 0.04835924006908463
0 0.8228155339805825 0.13557858376511225 0.014563106796116505 0.02936096718480138
0 0.8364077669902913 0.11658031088082901 0.010679611650485437 0.03281519861830743
0 0.8558252427184466 0.13989637305699482 0.014563106796116505 0.027633851468048358
0 0.870873786407767 0.1234887737478411 0.009708737864077669 0.02936096718480138
0 0.883495145631068 0.14766839378238342 0.011650485436893204 0.022452504317789293
0 0.8951456310679612 0.1381692573402418 0.013592233009708738 0.031088082901554404
0 0.9189320388349514 0.16062176165803108 0.01262135922330097 0.03454231433506045
0 0.8766990291262136 0.16839378238341968 0.017475728155339806 0.03281519861830743
0 0.8218446601941748 0.20120898100172713 0.018446601941747572 0.05008635578583765
0 0.8718446601941747 0.2081174438687392 0.021359223300970873 0.04317789291882556
0 0.920388349514563 0.21070811744386875 0.015533980582524271 0.037996545768566495
0 0.804368932038835 0.2374784110535406 0.02233009708737864 0.039723661485319514
0 0.8611650485436894 0.25215889464594127 0.017475728155339806 0.044905008635578586
0 0.9213592233009709 0.25215889464594127 0.017475728155339806 0.04145077720207254
0 0.8388349514563107 0.3298791018998273 0.02524271844660194 0.06217616580310881
0 0.9111650485436893 0.29360967184801384 0.02815533980582524 0.055267702936096716
0 0.8980582524271845 0.39810017271157166 0.02912621359223301 0.07772020725388601
0 0.8281553398058252 0.15198618307426598 0.015533980582524271 0.03454231433506045
0 0.6101941747572815 0.13212435233160622 0.014563106796116505 0.02936096718480138
0 0.49077669902912624 0.19170984455958548 0.014563106796116505 0.03454231433506045
0 0.38689320388349513 0.19602763385146804 0.01262135922330097 0.03281519861830743
0 0.39563106796116504 0.19775474956822106 0.01650485436893204 0.03626943005181347