0 0.16581306017925737 0.265625 0.03201024327784891 0.049107142857142856
0 0.2599231754161332 0.20089285714285715 0.023047375160051217 0.03571428571428571
0 0.29769526248399486 0.19084821428571427 0.014084507042253521 0.029017857142857144
0 0.31049935979513443 0.18526785714285715 0.016645326504481434 0.04017857142857143
0 0.4673495518565941 0.17522321428571427 0.023047375160051217 0.033482142857142856
0 0.5755441741357235 0.13839285714285715 0.02176696542893726 0.04017857142857143
0 0.560179257362356 0.265625 0.02176696542893726 0.05357142857142857
0 0.6120358514724712 0.23995535714285715 0.02560819462227913 0.05580357142857143
0 0.6581306017925737 0.17857142857142858 0.015364916773367477 0.04017857142857143
0 0.6779769526248399 0.2109375 0.016645326504481434 0.04241071428571429
0 0.6978233034571063 0.1875 0.01792573623559539 0.03125
0 0.70550576184379 0.24776785714285715 0.020486555697823303 0.044642857142857144
0 0.7400768245838668 0.2779017857142857 0.020486555697823303 0.04241071428571429
0 0.7490396927016645 0.23660714285714285 0.020486555697823303 0.044642857142857144