0 0.20352941176470588 0.418732782369146 0.03529411764705882 0.08539944903581267
0 0.2647058823529412 0.26170798898071623 0.013333333333333334 0.030303030303030304
0 0.2811764705882353 0.2610192837465565 0.013333333333333334 0.03168044077134986
0 0.30745098039215685 0.22589531680440772 0.012549019607843137 0.030303030303030304
0 0.3184313725490196 0.2775482093663912 0.01568627450980392 0.03994490358126722
0 0.3305882352941176 0.22520661157024793 0.014901960784313726 0.03443526170798898
0 0.3627450980392157 0.24793388429752067 0.01647058823529412 0.03856749311294766
0 0.37450980392156863 0.25895316804407714 0.01803921568627451 0.04132231404958678
0 0.39215686274509803 0.2768595041322314 0.0203921568627451 0.049586776859504134
0 0.3952941176470588 0.1928374655647383 0.012549019607843137 0.024793388429752067
0 0.40352941176470586 0.174931129476584 0.013333333333333334 0.030303030303030304
0 0.42196078431372547 0.1797520661157025 0.012549019607843137 0.028925619834710745
0 0.4176470588235294 0.22727272727272727 0.01803921568627451 0.03581267217630854
0 0.44784313725490194 0.21763085399449036 0.01568627450980392 0.03305785123966942
0 0.476078431372549 0.22245179063360881 0.017254901960784313 0.04269972451790634
0 0.44666666666666666 0.15426997245179064 0.011764705882352941 0.027548209366391185
0 0.4541176470588235 0.16804407713498623 0.010980392156862745 0.024793388429752067
0 0.5094117647058823 0.18112947658402204 0.013333333333333334 0.03443526170798898
0 0.5023529411764706 0.12947658402203857 0.008627450980392156 0.01928374655647383
0 0.5196078431372549 0.1315426997245179 0.01019607843137255 0.026170798898071626
0 0.5396078431372549 0.1928374655647383 0.01568627450980392 0.03305785123966942
0 0.5360784313725491 0.174931129476584 0.014901960784313726 0.03581267217630854
0 0.5474509803921569 0.14669421487603307 0.010980392156862745 0.028925619834710745
0 0.5580392156862745 0.1659779614325069 0.01647058823529412 0.03994490358126722
0 0.5905882352941176 0.10261707988980716 0.010980392156862745 0.023415977961432508
0 0.571764705882353 0.14049586776859505 0.012549019607843137 0.024793388429752067
0 0.5666666666666667 0.23484848484848486 0.01803921568627451 0.04269972451790634
0 0.5749019607843138 0.16115702479338842 0.01411764705882353 0.027548209366391185
0 0.5188235294117647 0.2830578512396694 0.01803921568627451 0.048209366391184574
0 0.548235294117647 0.3023415977961432 0.02666666666666667 0.05371900826446281
0 0.5968627450980392 0.25895316804407714 0.0203921568627451 0.05509641873278237
0 0.6043137254901961 0.14393939393939395 0.011764705882352941 0.028925619834710745
0 0.6105882352941177 0.20730027548209368 0.01647058823529412 0.04269972451790634
0 0.6309803921568627 0.11983471074380166 0.013333333333333334 0.024793388429752067
0 0.615686274509804 0.12396694214876033 0.010980392156862745 0.02203856749311295
0 0.6376470588235295 0.17286501377410468 0.01568627450980392 0.03994490358126722
0 0.6690196078431373 0.1081267217630854 0.010980392156862745 0.026170798898071626
0 0.6533333333333333 0.2231404958677686 0.018823529411764704 0.0440771349862259
0 0.6517647058823529 0.26239669421487605 0.02196078431372549 0.048209366391184574
0 0.6854901960784314 0.30991735537190085 0.02666666666666667 0.05785123966942149
0 0.7003921568627451 0.27823691460055094 0.02196078431372549 0.05509641873278237
0 0.6741176470588235 0.16804407713498623 0.014901960784313726 0.03581267217630854
0 0.6984313725490197 0.22589531680440772 0.022745098039215685 0.04132231404958678
0 0.6898039215686275 0.19008264462809918 0.01647058823529412 0.03305785123966942
0 0.7388235294117647 0.2196969696969697 0.017254901960784313 0.03443526170798898
0 0.7764705882352941 0.2692837465564738 0.023529411764705882 0.06198347107438017
0 0.7266666666666667 0.16046831955922866 0.013333333333333334 0.03168044077134986
0 0.7478431372549019 0.1756198347107438 0.014901960784313726 0.03443526170798898
0 0.735686274509804 0.1887052341597796 0.01568627450980392 0.030303030303030304
0 0.756078431372549 0.13911845730027547 0.01411764705882353 0.027548209366391185
0 0.7756862745098039 0.14738292011019283 0.012549019607843137 0.030303030303030304
0 0.7901960784313725 0.1349862258953168 0.011764705882352941 0.030303030303030304
0 0.8243137254901961 0.14118457300275483 0.010980392156862745 0.028925619834710745
0 0.7941176470588235 0.1797520661157025 0.014901960784313726 0.03443526170798898
0 0.7760784313725491 0.1921487603305785 0.01647058823529412 0.0371900826446281
0 0.8098039215686275 0.22865013774104684 0.01647058823529412 0.046831955922865015
0 0.8305882352941176 0.2059228650137741 0.01568627450980392 0.04269972451790634
0 0.8603921568627451 0.14669421487603307 0.009411764705882352 0.028925619834710745
0 0.8772549019607843 0.20041322314049587 0.013333333333333334 0.03168044077134986
0 0.8678431372549019 0.21487603305785125 0.01647058823529412 0.04132231404958678
0 0.8545098039215686 0.24242424242424243 0.0196078431372549 0.0440771349862259
0 0.8647058823529412 0.30165289256198347 0.021176470588235293 0.05509641873278237
0 0.8960784313725491 0.25413223140495866 0.01803921568627451 0.04269972451790634
0 0.7509803921568627 0.3243801652892562 0.02588235294117647 0.06473829201101929