0 0.37534372135655364 0.19237012987012986 0.015582034830430797 0.037337662337662336
0 0.39688359303391385 0.1396103896103896 0.01833180568285976 0.04220779220779221
0 0.41200733272227313 0.21347402597402598 0.01924839596700275 0.03409090909090909
0 0.43629697525206235 0.1396103896103896 0.01833180568285976 0.03896103896103896
0 0.611365719523373 0.10146103896103896 0.012832263978001834 0.021103896103896104
0 0.6471127406049496 0.14935064935064934 0.01466544454628781 0.022727272727272728
0 0.6324472960586618 0.1396103896103896 0.010999083409715857 0.025974025974025976
0 0.6425297891842346 0.12094155844155845 0.010999083409715857 0.021103896103896104
0 0.7525206232813932 0.14123376623376624 0.010999083409715857 0.02922077922077922
0 0.7644362969752521 0.1452922077922078 0.01466544454628781 0.027597402597402596
0 0.8230980751604033 0.25892857142857145 0.01833180568285976 0.04707792207792208
0 0.8918423464711274 0.25405844155844154 0.01833180568285976 0.04383116883116883
0 0.9188817598533455 0.2532467532467532 0.017415215398716773 0.03896103896103896
0 0.9404216315307058 0.1939935064935065 0.012832263978001834 0.030844155844155844
0 0.8684692942254812 0.19318181818181818 0.013748854262144821 0.03571428571428571