0 0.5991658943466173 0.2536945812807882 0.030583873957367932 0.05090311986863711
0 0.7483781278962002 0.2134646962233169 0.025023169601482854 0.04926108374384237
0 0.7145505097312326 0.18308702791461412 0.016682113067655237 0.041050903119868636
0 0.6779425393883225 0.07717569786535304 0.015755329008341055 0.029556650246305417
0 0.6047265987025023 0.0993431855500821 0.019462465245597776 0.041050903119868636
0 0.571825764596849 0.13054187192118227 0.016682113067655237 0.034482758620689655
0 0.4893419833178869 0.29720853858784896 0.027803521779425393 0.04926108374384237
0 0.4258572752548656 0.2504105090311987 0.025023169601482854 0.05090311986863711
0 0.38832252085264135 0.2504105090311987 0.016682113067655237 0.04433497536945813
0 0.3215940685820204 0.2684729064039409 0.020389249304911955 0.041050903119868636
0 0.45968489341983315 0.2175697865353038 0.016682113067655237 0.041050903119868636
0 0.4457831325301205 0.17898193760262726 0.014828544949026877 0.0361247947454844
0 0.47405004633920295 0.17898193760262726 0.013901760889712697 0.03940886699507389
0 0.4865616311399444 0.19293924466338258 0.016682113067655237 0.03776683087027915
0 0.47544022242817424 0.21592775041050905 0.018535681186283594 0.041050903119868636
0 0.04958294717330862 0.34072249589490966 0.019462465245597776 0.03776683087027915