0 0.925832492431887 0.22563176895306858 0.015136226034308779 0.039711191335740074
0 0.8849646821392533 0.22653429602888087 0.014127144298688193 0.04151624548736462
0 0.9238143289606459 0.2888086642599278 0.017154389505549948 0.05054151624548736
0 0.9142280524722503 0.33935018050541516 0.024217961654894045 0.05776173285198556
0 0.908678102926337 0.41064981949458484 0.029263370332996974 0.0703971119133574
0 0.8713420787083754 0.26353790613718414 0.01917255297679112 0.04693140794223827
0 0.834510595358224 0.3104693140794224 0.022199798183652877 0.05776173285198556
0 0.8239152371342079 0.25541516245487367 0.017154389505549948 0.052346570397111915
0 0.806760847628658 0.22021660649819494 0.017154389505549948 0.04693140794223827
0 0.777497477295661 0.24187725631768953 0.01917255297679112 0.05054151624548736
0 0.7795156407669022 0.30234657039711194 0.01917255297679112 0.052346570397111915
0 0.813824419778002 0.398014440433213 0.029263370332996974 0.0740072202166065
0 0.7593340060544904 0.3664259927797834 0.029263370332996974 0.07220216606498195
0 0.7023208879919274 0.3140794223826715 0.026236125126135216 0.061371841155234655
0 0.727547931382442 0.30415162454873645 0.022199798183652877 0.04512635379061372
0 0.6846619576185671 0.2490974729241877 0.02119071644803229 0.05054151624548736
0 0.7305751765893037 0.23375451263537905 0.018163471241170535 0.04512635379061372
0 0.7512613521695257 0.1723826714801444 0.015136226034308779 0.04151624548736462
0 0.7578203834510595 0.18411552346570398 0.014127144298688193 0.039711191335740074
0 0.7497477295660948 0.13447653429602888 0.012108980827447022 0.03429602888086643
0 0.784561049445005 0.13808664259927797 0.011099899091826439 0.030685920577617327
0 0.8012108980827447 0.16967509025270758 0.012108980827447022 0.036101083032490974
0 0.7103935418768921 0.1651624548736462 0.014127144298688193 0.04151624548736462
0 0.7159434914228052 0.18050541516245489 0.015136226034308779 0.039711191335740074
0 0.6760847628657921 0.1796028880866426 0.016145307769929364 0.04151624548736462
0 0.7230070635721494 0.11913357400722022 0.011099899091826439 0.02888086642599278
0 0.6876892028254289 0.12454873646209386 0.011099899091826439 0.02888086642599278
0 0.6952573158425832 0.10649819494584838 0.010090817356205853 0.02527075812274368
0 0.6680121089808274 0.14169675090252706 0.012108980827447022 0.030685920577617327
0 0.6649848637739657 0.10379061371841156 0.010090817356205853 0.02707581227436823
0 0.6291624621594349 0.11371841155234658 0.011099899091826439 0.02527075812274368
0 0.6190716448032291 0.10379061371841156 0.011099899091826439 0.02707581227436823
0 0.6226034308779012 0.2536101083032491 0.020181634712411706 0.052346570397111915
0 0.5928355196770938 0.2328519855595668 0.017154389505549948 0.04693140794223827
0 0.6286579212916246 0.2283393501805054 0.018163471241170535 0.04151624548736462
0 0.6024217961654894 0.3240072202166065 0.024217961654894045 0.05956678700361011
0 0.5580221997981837 0.26895306859205775 0.022199798183652877 0.05415162454873646
0 0.4924318869828456 0.2842960288808664 0.022199798183652877 0.052346570397111915
0 0.5832492431886983 0.12003610108303249 0.008072653884964682 0.023465703971119134
0 0.5988900100908173 0.13357400722021662 0.011099899091826439 0.02888086642599278
0 0.6185671039354188 0.14891696750902528 0.012108980827447022 0.03429602888086643
0 0.5554994954591322 0.12545126353790614 0.011099899091826439 0.02707581227436823
0 0.5509586276488395 0.14711191335740073 0.010090817356205853 0.030685920577617327
0 0.5610494450050454 0.15433212996389892 0.010090817356205853 0.030685920577617327
0 0.5534813319878911 0.1624548736462094 0.013118062563067608 0.032490974729241874
0 0.5872855701311807 0.17328519855595667 0.012108980827447022 0.036101083032490974
0 0.5237134207870837 0.13086642599277978 0.012108980827447022 0.02707581227436823
0 0.5242179616548941 0.17870036101083034 0.013118062563067608 0.036101083032490974
0 0.513622603430878 0.1407942238267148 0.010090817356205853 0.02888086642599278
0 0.4934409687184662 0.1588447653429603 0.014127144298688193 0.032490974729241874
0 0.4954591321897074 0.22472924187725632 0.018163471241170535 0.04512635379061372
0 0.4788092835519677 0.18140794223826714 0.015136226034308779 0.03790613718411552
0 0.41876892028254287 0.14891696750902528 0.012108980827447022 0.02707581227436823
0 0.446518668012109 0.1723826714801444 0.015136226034308779 0.03790613718411552
0 0.4364278506559031 0.2283393501805054 0.02119071644803229 0.04512635379061372
0 0.4530776992936428 0.2292418772563177 0.020181634712411706 0.04332129963898917
0 0.4162462159434914 0.18050541516245489 0.015136226034308779 0.039711191335740074
0 0.41876892028254287 0.19223826714801445 0.016145307769929364 0.03790613718411552
0 0.41321897073662966 0.2111913357400722 0.017154389505549948 0.04332129963898917
0 0.4979818365287588 0.13447653429602888 0.013118062563067608 0.030685920577617327
0 0.3521695257315843 0.18140794223826714 0.012108980827447022 0.030685920577617327
0 0.346619576185671 0.20577617328519857 0.013118062563067608 0.039711191335740074
0 0.3748738647830474 0.20126353790613719 0.015136226034308779 0.04151624548736462
0 0.38143289606458125 0.23465703971119134 0.016145307769929364 0.04332129963898917
0 0.3708375378405651 0.2536101083032491 0.015136226034308779 0.04151624548736462
0 0.35973763874873865 0.22743682310469315 0.017154389505549948 0.039711191335740074
0 0.28809283551967707 0.22292418772563177 0.015136226034308779 0.03429602888086643
0 0.30423814328960647 0.24187725631768953 0.017154389505549948 0.036101083032490974
0 0.19677093844601412 0.36462093862815886 0.04036326942482341 0.07942238267148015