0 0.20396744659206512 0.35363636363636364 0.04781281790437437 0.0890909090909091
0 0.3021363173957274 0.24181818181818182 0.022380467955239063 0.04363636363636364
0 0.3082400813835198 0.21454545454545454 0.022380467955239063 0.03636363636363636
0 0.3296032553407935 0.23363636363636364 0.018311291963377416 0.04181818181818182
0 0.3504577822990844 0.24454545454545454 0.023397761953204477 0.04909090909090909
0 0.3708036622583927 0.24363636363636362 0.023397761953204477 0.04727272727272727
0 0.4059003051881994 0.26545454545454544 0.026449643947100712 0.05090909090909091
0 0.3474059003051882 0.17545454545454545 0.017293997965412006 0.034545454545454546
0 0.3570701932858596 0.18727272727272729 0.01627670396744659 0.03272727272727273
0 0.3819938962360122 0.1809090909090909 0.017293997965412006 0.034545454545454546
0 0.4170905391658189 0.20636363636363636 0.02034587995930824 0.038181818181818185
0 0.4155645981688708 0.18363636363636363 0.017293997965412006 0.03272727272727273
0 0.44506612410986773 0.21363636363636362 0.021363173957273652 0.04181818181818182
0 0.4735503560528993 0.21818181818181817 0.0254323499491353 0.04727272727272727
0 0.4165818921668362 0.14272727272727273 0.015259409969481181 0.03090909090909091
0 0.4409969481180061 0.1690909090909091 0.021363173957273652 0.03636363636363636
0 0.4633774160732452 0.1409090909090909 0.015259409969481181 0.038181818181818185
0 0.47304170905391657 0.13545454545454547 0.01627670396744659 0.034545454545454546
0 0.4883011190233978 0.16636363636363635 0.02034587995930824 0.034545454545454546
0 0.4893184130213632 0.13090909090909092 0.012207527975584944 0.03272727272727273
0 0.5010172939979655 0.14636363636363636 0.015259409969481181 0.034545454545454546
0 0.4989827060020346 0.11636363636363636 0.013224821973550356 0.025454545454545455
0 0.5147507629704985 0.13363636363636364 0.014242115971515769 0.03090909090909091
0 0.5284842319430315 0.12363636363636364 0.013224821973550356 0.02909090909090909
0 0.5340793489318413 0.16 0.014242115971515769 0.02909090909090909
0 0.5188199389623601 0.17181818181818181 0.018311291963377416 0.034545454545454546
0 0.5544252288911495 0.1781818181818182 0.01627670396744659 0.03272727272727273
0 0.560528992878942 0.15545454545454546 0.018311291963377416 0.02727272727272727
0 0.5890132248219736 0.16272727272727272 0.01627670396744659 0.03090909090909091
0 0.5564598168870803 0.11727272727272728 0.014242115971515769 0.023636363636363636
0 0.572736520854527 0.11727272727272728 0.012207527975584944 0.023636363636363636
0 0.5808748728382502 0.10909090909090909 0.014242115971515769 0.02181818181818182
0 0.5885045778229908 0.1318181818181818 0.015259409969481181 0.03090909090909091
0 0.5956256358087487 0.11818181818181818 0.011190233977619531 0.02181818181818182
0 0.6164801627670397 0.13545454545454547 0.014242115971515769 0.03090909090909091
0 0.6129196337741607 0.10181818181818182 0.015259409969481181 0.02909090909090909
0 0.6327568667344863 0.11 0.012207527975584944 0.02727272727272727
0 0.6566632756866735 0.09545454545454546 0.017293997965412006 0.034545454545454546
0 0.6790437436419126 0.09545454545454546 0.015259409969481181 0.02727272727272727
0 0.6846388606307223 0.11272727272727273 0.01627670396744659 0.02909090909090909
0 0.7126144455747712 0.09636363636363636 0.013224821973550356 0.02909090909090909
0 0.659206510681587 0.13090909090909092 0.014242115971515769 0.03272727272727273
0 0.5818921668362157 0.23727272727272727 0.022380467955239063 0.05272727272727273
0 0.5452695829094608 0.31545454545454543 0.03255340793489318 0.07090909090909091
0 0.4923702950152594 0.2909090909090909 0.030518819938962362 0.05818181818181818
0 0.5971515768056969 0.3327272727272727 0.028484231943031537 0.07272727272727272
0 0.62970498474059 0.23272727272727273 0.024415055951169887 0.05454545454545454
0 0.6759918616480163 0.24727272727272728 0.023397761953204477 0.05454545454545454
0 0.688708036622584 0.30727272727272725 0.028484231943031537 0.06545454545454546
0 0.7314343845371313 0.2863636363636364 0.022380467955239063 0.04909090909090909
0 0.7436419125127162 0.39545454545454545 0.03662258392675483 0.07818181818181819
0 0.8163784333672431 0.3836363636363636 0.03763987792472025 0.08363636363636363
0 0.7833163784333672 0.2918181818181818 0.028484231943031537 0.06
0 0.768056968463886 0.22454545454545455 0.02034587995930824 0.045454545454545456
0 0.7324516785350966 0.22545454545454546 0.024415055951169887 0.04727272727272727
0 0.7019328585961343 0.19 0.02034587995930824 0.04181818181818182
0 0.669379450661241 0.17545454545454545 0.024415055951169887 0.038181818181818185
0 0.6963377416073245 0.15181818181818182 0.017293997965412006 0.034545454545454546
0 0.728382502543235 0.14545454545454545 0.01627670396744659 0.04
0 0.745676500508647 0.12545454545454546 0.018311291963377416 0.04
0 0.757884028484232 0.16727272727272727 0.018311291963377416 0.04
0 0.788911495422177 0.13363636363636364 0.015259409969481181 0.03090909090909091
0 0.8006103763987793 0.1509090909090909 0.02034587995930824 0.03636363636363636
0 0.7960325534079349 0.21636363636363637 0.019328585961342827 0.04
0 0.8158697863682605 0.24727272727272728 0.024415055951169887 0.05454545454545454
0 0.8260427263479145 0.3327272727272727 0.028484231943031537 0.05454545454545454
0 0.8631739572736521 0.25 0.021363173957273652 0.045454545454545456
0 0.8850457782299085 0.22 0.02034587995930824 0.04363636363636364
0 0.9221770091556459 0.22181818181818183 0.017293997965412006 0.04727272727272727
0 0.9181078331637843 0.27545454545454545 0.0254323499491353 0.05272727272727273
0 0.9074262461851476 0.3236363636363636 0.024415055951169887 0.06181818181818182
0 0.8743641912512716 0.3936363636363636 0.03560528992878942 0.07818181818181819