0 0.15352697095435686 0.3919925512104283 0.03734439834024896 0.10242085661080075
0 0.38122406639004147 0.1527001862197393 0.013485477178423237 0.0297951582867784
0 0.38589211618257263 0.20670391061452514 0.014522821576763486 0.037243947858473
0 0.4139004149377593 0.2085661080074488 0.014522821576763486 0.0335195530726257
0 0.4434647302904564 0.21880819366852886 0.015560165975103735 0.035381750465549346
0 0.470954356846473 0.16294227188081936 0.01867219917012448 0.035381750465549346
0 0.5695020746887967 0.11638733705772812 0.01037344398340249 0.027932960893854747
0 0.5098547717842323 0.1824953445065177 0.017634854771784232 0.037243947858473
0 0.5503112033195021 0.186219739292365 0.015560165975103735 0.040968342644320296
0 0.6151452282157677 0.2504655493482309 0.026970954356846474 0.04283054003724395
0 0.7811203319502075 0.20949720670391062 0.016597510373443983 0.05027932960893855
0 0.8309128630705395 0.25512104283054005 0.02074688796680498 0.048417132216014895
0 0.9336099585062241 0.19273743016759776 0.02074688796680498 0.05027932960893855
0 0.9201244813278008 0.2644320297951583 0.022821576763485476 0.040968342644320296