0 0.040740740740740744 0.38971807628524047 0.03333333333333333 0.05970149253731343
0 0.2550925925925926 0.2827529021558872 0.017592592592592594 0.03150912106135987
0 0.29583333333333334 0.25456053067993367 0.01574074074074074 0.03482587064676617
0 0.31527777777777777 0.2728026533996683 0.017592592592592594 0.03482587064676617
0 0.3398148148148148 0.26533996683250416 0.016666666666666666 0.03316749585406302
0 0.4222222222222222 0.2736318407960199 0.020370370370370372 0.04311774461028192
0 0.30925925925925923 0.2296849087893864 0.012962962962962963 0.024875621890547265
0 0.350462962962963 0.2263681592039801 0.017592592592592594 0.028192371475953566
0 0.3402777777777778 0.21724709784411278 0.013888888888888888 0.029850746268656716
0 0.375 0.21807628524046435 0.014814814814814815 0.03150912106135987
0 0.38981481481481484 0.19071310116086235 0.014814814814814815 0.026533996683250415
0 0.40555555555555556 0.16998341625207297 0.009259259259259259 0.02155887230514096
0 0.41712962962962963 0.1890547263681592 0.010185185185185186 0.029850746268656716
0 0.4166666666666667 0.21393034825870647 0.012962962962962963 0.03316749585406302
0 0.4412037037037037 0.21641791044776118 0.019444444444444445 0.04145936981757877
0 0.4708333333333333 0.22056384742951907 0.017592592592592594 0.03648424543946932
0 0.4601851851851852 0.18407960199004975 0.012962962962962963 0.02321724709784411
0 0.4837962962962963 0.20398009950248755 0.01574074074074074 0.03316749585406302
0 0.512962962962963 0.20729684908789386 0.018518518518518517 0.03316749585406302
0 0.47175925925925927 0.16749585406301823 0.013888888888888888 0.026533996683250415
0 0.4476851851851852 0.1417910447761194 0.013888888888888888 0.02155887230514096
0 0.48333333333333334 0.1252072968490879 0.012962962962962963 0.01824212271973466
0 0.5319444444444444 0.16334991708126037 0.017592592592592594 0.03814262023217247
0 0.5282407407407408 0.1310116086235489 0.013888888888888888 0.029850746268656716
0 0.5555555555555556 0.1351575456053068 0.012962962962962963 0.028192371475953566
0 0.5689814814814815 0.17495854063018243 0.01574074074074074 0.03150912106135987
0 0.5680555555555555 0.1517412935323383 0.012037037037037037 0.024875621890547265
0 0.5527777777777778 0.1111111111111111 0.012962962962962963 0.01658374792703151
0 0.5819444444444445 0.11525704809286899 0.012037037037037037 0.024875621890547265
0 0.5898148148148148 0.13349917081260365 0.011111111111111112 0.024875621890547265
0 0.6175925925925926 0.14427860696517414 0.012962962962962963 0.026533996683250415
0 0.5847222222222223 0.0945273631840796 0.010185185185185186 0.02321724709784411
0 0.6138888888888889 0.11691542288557213 0.011111111111111112 0.014925373134328358
0 0.6203703703703703 0.0978441127694859 0.011111111111111112 0.01990049751243781
0 0.6337962962962963 0.11940298507462686 0.012037037037037037 0.02321724709784411
0 0.6453703703703704 0.09701492537313433 0.009259259259259259 0.024875621890547265
0 0.6652777777777777 0.11608623548922056 0.012037037037037037 0.02321724709784411
0 0.675 0.09950248756218906 0.014814814814814815 0.026533996683250415
0 0.49583333333333335 0.2827529021558872 0.023148148148148147 0.05472636815920398
0 0.5435185185185185 0.2902155887230514 0.024074074074074074 0.05306799336650083
0 0.5731481481481482 0.36069651741293535 0.02962962962962963 0.05472636815920398
0 0.6731481481481482 0.33167495854063017 0.02962962962962963 0.05970149253731343
0 0.5652777777777778 0.23880597014925373 0.019444444444444445 0.04643449419568822
0 0.6013888888888889 0.2645107794361526 0.026851851851851852 0.04809286898839138
0 0.5902777777777778 0.2263681592039801 0.01574074074074074 0.03482587064676617
0 0.6509259259259259 0.20315091210613598 0.018518518518518517 0.03814262023217247
0 0.638425925925926 0.17412935323383086 0.013888888888888888 0.029850746268656716
0 0.6907407407407408 0.18325041459369817 0.018518518518518517 0.04145936981757877
0 0.6842592592592592 0.14427860696517414 0.012962962962962963 0.029850746268656716
0 0.7138888888888889 0.13349917081260365 0.014814814814814815 0.03150912106135987
0 0.7240740740740741 0.11194029850746269 0.012962962962962963 0.03150912106135987
0 0.7449074074074075 0.12769485903814262 0.013888888888888888 0.03316749585406302
0 0.7416666666666667 0.10696517412935323 0.011111111111111112 0.024875621890547265
0 0.7611111111111111 0.12935323383084577 0.011111111111111112 0.029850746268656716
0 0.7717592592592593 0.12106135986733002 0.010185185185185186 0.03316749585406302
0 0.7870370370370371 0.1310116086235489 0.011111111111111112 0.029850746268656716
0 0.8009259259259259 0.13266998341625208 0.009259259259259259 0.01990049751243781
0 0.6541666666666667 0.2537313432835821 0.019444444444444445 0.04311774461028192
0 0.7032407407407407 0.27943615257048093 0.025 0.04809286898839138
0 0.7324074074074074 0.1998341625207297 0.016666666666666666 0.028192371475953566
0 0.7361111111111112 0.16666666666666666 0.014814814814814815 0.03482587064676617
0 0.7421296296296296 0.24212271973466004 0.021296296296296296 0.05306799336650083
0 0.7703703703703704 0.291044776119403 0.022222222222222223 0.05140961857379768
0 0.8106481481481481 0.2470978441127695 0.023148148148148147 0.04975124378109453
0 0.7953703703703704 0.1824212271973466 0.016666666666666666 0.03316749585406302
0 0.7550925925925925 0.17081260364842454 0.01574074074074074 0.026533996683250415
0 0.8078703703703703 0.16334991708126037 0.012037037037037037 0.028192371475953566
0 0.8342592592592593 0.1865671641791045 0.014814814814814815 0.04145936981757877
0 0.825925925925926 0.14593698175787728 0.012962962962962963 0.029850746268656716
0 0.8518518518518519 0.12271973466003316 0.012962962962962963 0.026533996683250415
0 0.8555555555555555 0.16500829187396351 0.012962962962962963 0.028192371475953566
0 0.8587962962962963 0.23134328358208955 0.013888888888888888 0.03150912106135987
0 0.9115740740740741 0.2827529021558872 0.023148148148148147 0.05804311774461028
0 0.8847222222222222 0.19402985074626866 0.01574074074074074 0.03980099502487562
0 0.887962962962963 0.1285240464344942 0.012962962962962963 0.03482587064676617
0 0.9185185185185185 0.1857379767827529 0.011111111111111112 0.03316749585406302
0 0.9171296296296296 0.15339966832504145 0.012037037037037037 0.024875621890547265
0 0.8847222222222222 0.16583747927031509 0.012037037037037037 0.01990049751243781