0 0.21636876763875823 0.3563218390804598 0.045155221072436504 0.09852216748768473
0 0.2920978363123236 0.25287356321839083 0.017873941674506115 0.03284072249589491
0 0.35230479774223894 0.22249589490968802 0.01599247412982126 0.031198686371100164
0 0.43508936970837253 0.277504105090312 0.021636876763875823 0.03940886699507389
0 0.3513640639698965 0.26929392446633826 0.023518344308560677 0.042692939244663386
0 0.39040451552210725 0.21921182266009853 0.016933207902163686 0.027914614121510674
0 0.3918156161806209 0.19458128078817735 0.01975540921919097 0.027914614121510674
0 0.42756349952963313 0.21839080459770116 0.01599247412982126 0.0361247947454844
0 0.4477892756349953 0.22824302134646962 0.016933207902163686 0.0361247947454844
0 0.4308560677328316 0.1724137931034483 0.01317027281279398 0.0361247947454844
0 0.4553151458137347 0.15024630541871922 0.01317027281279398 0.027914614121510674
0 0.4722483537158984 0.1986863711001642 0.016933207902163686 0.029556650246305417
0 0.44967074317968014 0.19458128078817735 0.015051740357478834 0.027914614121510674
0 0.48824082784571965 0.16420361247947454 0.01317027281279398 0.022988505747126436
0 0.5075258701787394 0.16912972085385877 0.012229539040451553 0.026272577996715927
0 0.522107243650047 0.14532019704433496 0.01317027281279398 0.027914614121510674
0 0.49106302916274697 0.13464696223316913 0.00940733772342427 0.022988505747126436
0 0.5037629350893698 0.20279146141215107 0.014111006585136407 0.027914614121510674
0 0.5390404515522107 0.20279146141215107 0.016933207902163686 0.027914614121510674
0 0.5536218250235183 0.16584564860426929 0.014111006585136407 0.0361247947454844
0 0.5719661335841957 0.16338259441707717 0.01317027281279398 0.031198686371100164
0 0.5432737535277516 0.13054187192118227 0.010348071495766699 0.021346469622331693
0 0.5639698965192851 0.12315270935960591 0.010348071495766699 0.026272577996715927
0 0.5846660395108184 0.1535303776683087 0.017873941674506115 0.03776683087027915
0 0.5926622765757291 0.05993431855500821 0.011288805268109126 0.021346469622331693
0 0.6434619002822202 0.059113300492610835 0.00940733772342427 0.019704433497536946
0 0.691439322671684 0.05665024630541872 0.01317027281279398 0.027914614121510674
0 0.621354656632173 0.1174055829228243 0.010348071495766699 0.021346469622331693
0 0.6147695202257761 0.13464696223316913 0.010348071495766699 0.022988505747126436
0 0.486829727187206 0.3226600985221675 0.023518344308560677 0.03776683087027915
0 0.5583254938852305 0.2914614121510673 0.021636876763875823 0.05090311986863711
0 0.5729068673565381 0.25862068965517243 0.016933207902163686 0.034482758620689655
0 0.6157102539981185 0.2545155993431856 0.017873941674506115 0.04597701149425287
0 0.6208842897460018 0.21182266009852216 0.01881467544684854 0.03940886699507389
0 0.6199435559736595 0.3226600985221675 0.030103480714957668 0.060755336617405585
0 0.6834430856067732 0.32594417077175697 0.023518344308560677 0.054187192118226604
0 0.6707431796801505 0.2660098522167488 0.020696142991533398 0.04926108374384237
0 0.720131702728128 0.28653530377668307 0.023518344308560677 0.047619047619047616
0 0.7836312323612418 0.31444991789819376 0.02634054562558796 0.047619047619047616
0 0.6792097836312324 0.21510673234811165 0.020696142991533398 0.03284072249589491
0 0.7210724365004704 0.21674876847290642 0.01975540921919097 0.0361247947454844
0 0.7060206961429916 0.1863711001642036 0.014111006585136407 0.031198686371100164
0 0.6881467544684854 0.1625615763546798 0.014111006585136407 0.03284072249589491
0 0.6975540921919097 0.11083743842364532 0.010348071495766699 0.031198686371100164
0 0.7149576669802445 0.1444991789819376 0.015051740357478834 0.03284072249589491
0 0.7403574788334901 0.16912972085385877 0.016933207902163686 0.029556650246305417
0 0.7431796801505174 0.13054187192118227 0.01317027281279398 0.027914614121510674
0 0.7615239887111948 0.15024630541871922 0.012229539040451553 0.031198686371100164
0 0.7629350893697083 0.11658456486042693 0.011288805268109126 0.022988505747126436
0 0.7699905926622765 0.06568144499178982 0.012229539040451553 0.026272577996715927
0 0.839134524929445 0.07142857142857142 0.015051740357478834 0.031198686371100164
0 0.8071495766698025 0.13218390804597702 0.011288805268109126 0.031198686371100164
0 0.7836312323612418 0.12561576354679804 0.011288805268109126 0.024630541871921183
0 0.7558795860771401 0.18801313628899835 0.023518344308560677 0.041050903119868636
0 0.8090310442144873 0.1863711001642036 0.015051740357478834 0.03776683087027915
0 0.8269049858889934 0.16995073891625614 0.01317027281279398 0.034482758620689655
0 0.8574788334901223 0.19047619047619047 0.01599247412982126 0.03940886699507389
0 0.8824082784571966 0.22495894909688013 0.020696142991533398 0.04926108374384237
0 0.8932267168391346 0.19704433497536947 0.014111006585136407 0.0361247947454844
0 0.929444967074318 0.18472906403940886 0.015051740357478834 0.03776683087027915
0 0.9172154280338665 0.1330049261083744 0.011288805268109126 0.03284072249589491
0 0.8781749764816557 0.1272577996715928 0.014111006585136407 0.027914614121510674
0 0.464722483537159 0.1625615763546798 0.015051740357478834 0.03284072249589491