0 0.14094650205761317 0.2647058823529412 0.018518518518518517 0.0374331550802139
0 0.1419753086419753 0.40819964349376114 0.05555555555555555 0.09269162210338681
0 0.3220164609053498 0.23172905525846701 0.018518518518518517 0.03208556149732621
0 0.37808641975308643 0.19964349376114082 0.021604938271604937 0.035650623885918005
0 0.3914609053497942 0.24598930481283424 0.01954732510288066 0.035650623885918005
0 0.41872427983539096 0.24688057040998218 0.018518518518518517 0.040998217468805706
0 0.44650205761316875 0.26827094474153296 0.018518518518518517 0.0374331550802139
0 0.470679012345679 0.20053475935828877 0.015432098765432098 0.030303030303030304
0 0.4660493827160494 0.18805704099821746 0.01440329218106996 0.023172905525846704
0 0.5174897119341564 0.22370766488413546 0.0205761316872428 0.040998217468805706
0 0.551440329218107 0.2281639928698752 0.0205761316872428 0.0392156862745098
0 0.573045267489712 0.16131907308377896 0.01646090534979424 0.030303030303030304
0 0.6013374485596708 0.26916221033868093 0.021604938271604937 0.0427807486631016
0 0.6306584362139918 0.28431372549019607 0.024691358024691357 0.05525846702317291
0 0.7001028806584362 0.19518716577540107 0.015432098765432098 0.030303030303030304
0 0.7088477366255144 0.22103386809269163 0.018518518518518517 0.035650623885918005
0 0.7330246913580247 0.20677361853832443 0.01954732510288066 0.035650623885918005
0 0.7494855967078189 0.23975044563279857 0.01954732510288066 0.0374331550802139
0 0.7767489711934157 0.21390374331550802 0.018518518518518517 0.035650623885918005
0 0.7880658436213992 0.24866310160427807 0.018518518518518517 0.040998217468805706
0 0.8266460905349794 0.29590017825311943 0.021604938271604937 0.049910873440285206
0 0.8621399176954733 0.3092691622103387 0.024691358024691357 0.058823529411764705
0 0.9202674897119342 0.30124777183600715 0.01954732510288066 0.0427807486631016
0 0.9429012345679012 0.23351158645276293 0.015432098765432098 0.04634581105169341