0 0.07350187265917603 0.5066889632107023 0.05149812734082397 0.11705685618729098
0 0.2565543071161049 0.2801003344481605 0.016853932584269662 0.03177257525083612
0 0.274812734082397 0.2792642140468227 0.015917602996254682 0.04013377926421405
0 0.30290262172284643 0.25752508361204013 0.015917602996254682 0.04013377926421405
0 0.31226591760299627 0.23327759197324416 0.014044943820224719 0.028428093645484948
0 0.3403558052434457 0.2157190635451505 0.017790262172284643 0.033444816053511704
0 0.374063670411985 0.2140468227424749 0.014044943820224719 0.030100334448160536
0 0.3806179775280899 0.20317725752508362 0.019662921348314606 0.03511705685618729
0 0.40823970037453183 0.1705685618729097 0.016853932584269662 0.026755852842809364
0 0.4499063670411985 0.1454849498327759 0.010299625468164793 0.026755852842809364
0 0.48220973782771537 0.13043478260869565 0.0149812734082397 0.026755852842809364
0 0.47752808988764045 0.14632107023411373 0.018726591760299626 0.02508361204013378
0 0.4302434456928839 0.19230769230769232 0.014044943820224719 0.026755852842809364
0 0.43820224719101125 0.2382943143812709 0.020599250936329586 0.03511705685618729
0 0.46348314606741575 0.1948160535117057 0.0149812734082397 0.03177257525083612
0 0.49204119850187267 0.18812709030100336 0.015917602996254682 0.02508361204013378
0 0.46254681647940077 0.23327759197324416 0.018726591760299626 0.03511705685618729
0 0.5318352059925093 0.13712374581939799 0.0149812734082397 0.03678929765886288
0 0.5599250936329588 0.11538461538461539 0.016853932584269662 0.026755852842809364
0 0.5519662921348315 0.13377926421404682 0.012172284644194757 0.026755852842809364
0 0.5393258426966292 0.20317725752508362 0.02247191011235955 0.038461538461538464
0 0.572565543071161 0.16304347826086957 0.019662921348314606 0.03511705685618729
0 0.5833333333333334 0.12959866220735786 0.02247191011235955 0.028428093645484948
0 0.598314606741573 0.09866220735785954 0.016853932584269662 0.030100334448160536
0 0.6282771535580525 0.09782608695652174 0.0149812734082397 0.028428093645484948
0 0.6193820224719101 0.13377926421404682 0.017790262172284643 0.04013377926421405
0 0.6048689138576779 0.20652173913043478 0.016853932584269662 0.03511705685618729
0 0.5594569288389513 0.2909698996655518 0.023408239700374533 0.05351170568561873
0 0.477059925093633 0.30434782608695654 0.025280898876404494 0.056856187290969896
0 0.6025280898876404 0.26755852842809363 0.027153558052434457 0.05351170568561873
0 0.6465355805243446 0.11371237458193979 0.014044943820224719 0.026755852842809364
0 0.6718164794007491 0.11120401337792642 0.012172284644194757 0.028428093645484948
0 0.6844569288389513 0.10702341137123746 0.013108614232209739 0.026755852842809364
0 0.649812734082397 0.1705685618729097 0.018726591760299626 0.03678929765886288
0 0.6825842696629213 0.18311036789297658 0.0149812734082397 0.0451505016722408
0 0.6582397003745318 0.2583612040133779 0.020599250936329586 0.05518394648829431
0 0.6053370786516854 0.338628762541806 0.02902621722846442 0.06856187290969899
0 0.6680711610486891 0.33695652173913043 0.027153558052434457 0.06521739130434782
0 0.7088014981273408 0.13712374581939799 0.020599250936329586 0.043478260869565216
0 0.7312734082397003 0.12207357859531773 0.0149812734082397 0.043478260869565216
0 0.7045880149812734 0.2148829431438127 0.02153558052434457 0.0451505016722408
0 0.7153558052434457 0.27675585284280935 0.0299625468164794 0.048494983277591976
0 0.7294007490636704 0.1948160535117057 0.016853932584269662 0.04180602006688963
0 0.7537453183520599 0.09782608695652174 0.013108614232209739 0.021739130434782608
0 0.7523408239700374 0.2391304347826087 0.02153558052434457 0.05016722408026756
0 0.7799625468164794 0.11956521739130435 0.011235955056179775 0.02508361204013378
0 0.7780898876404494 0.1596989966555184 0.016853932584269662 0.03511705685618729
0 0.7813670411985019 0.28678929765886285 0.019662921348314606 0.05518394648829431
0 0.8113295880149812 0.24163879598662208 0.019662921348314606 0.051839464882943144
0 0.7930711610486891 0.12374581939799331 0.011235955056179775 0.030100334448160536
0 0.7982209737827716 0.17809364548494983 0.019662921348314606 0.0451505016722408
0 0.8108614232209738 0.12876254180602006 0.009363295880149813 0.023411371237458192
0 0.8295880149812734 0.1354515050167224 0.013108614232209739 0.030100334448160536
0 0.8478464419475655 0.18478260869565216 0.02153558052434457 0.04180602006688963
0 0.8703183520599251 0.12374581939799331 0.012172284644194757 0.030100334448160536
0 0.8670411985018727 0.22157190635451504 0.013108614232209739 0.03177257525083612
0 0.901685393258427 0.13210702341137123 0.011235955056179775 0.033444816053511704
0 0.8904494382022472 0.19899665551839466 0.016853932584269662 0.033444816053511704
0 0.925561797752809 0.16638795986622074 0.015917602996254682 0.03177257525083612
0 0.9269662921348315 0.15719063545150502 0.013108614232209739 0.033444816053511704
0 0.9250936329588015 0.1939799331103679 0.016853932584269662 0.030100334448160536
0 0.9279026217228464 0.26755852842809363 0.02247191011235955 0.046822742474916385
0 0.8614232209737828 0.1596989966555184 0.016853932584269662 0.03177257525083612
0 0.8141385767790262 0.16806020066889632 0.015917602996254682 0.03177257525083612
0 0.7401685393258427 0.15802675585284282 0.017790262172284643 0.04180602006688963
0 0.6657303370786517 0.20150501672240803 0.020599250936329586 0.051839464882943144
0 0.40870786516853935 0.2157190635451505 0.017790262172284643 0.033444816053511704
0 0.43352059925093633 0.2734113712374582 0.018726591760299626 0.04180602006688963
0 0.33754681647940077 0.26421404682274247 0.017790262172284643 0.03678929765886288
0 0.3848314606741573 0.2165551839464883 0.0149812734082397 0.03511705685618729
0 0.6811797752808989 0.14297658862876253 0.017790262172284643 0.03177257525083612
0 0.7663857677902621 0.12959866220735786 0.017790262172284643 0.03177257525083612