0 0.11561691113028473 0.5530523255813954 0.03968938740293356 0.07994186046511628
0 0.21958584987057808 0.34084302325581395 0.01984469370146678 0.036337209302325583
0 0.2558239861949957 0.34593023255813954 0.023295944779982744 0.0436046511627907
0 0.27653149266609145 0.3691860465116279 0.021570319240724764 0.046511627906976744
0 0.28213977566867987 0.30523255813953487 0.01898188093183779 0.03488372093023256
0 0.33045729076790337 0.36046511627906974 0.024158757549611734 0.046511627906976744
0 0.35202761000862814 0.32558139534883723 0.01898188093183779 0.0377906976744186
0 0.35030198446937016 0.29723837209302323 0.01725625539257981 0.03343023255813953
0 0.41069887834339946 0.3321220930232558 0.022433132010353754 0.03924418604651163
0 0.4452113891285591 0.33648255813953487 0.024158757549611734 0.04215116279069767
0 0.42364106988783434 0.2914244186046512 0.015530629853321829 0.024709302325581394
0 0.40638481449525454 0.29505813953488375 0.02070750647109577 0.03488372093023256
0 0.3895599654874892 0.2616279069767442 0.0181190681622088 0.03197674418604651
0 0.4266609145815358 0.25944767441860467 0.01639344262295082 0.027616279069767442
0 0.47066436583261434 0.26526162790697677 0.01639344262295082 0.030523255813953487
0 0.4771354616048318 0.30523255813953487 0.02070750647109577 0.03488372093023256
0 0.5077653149266609 0.3234011627906977 0.025021570319240724 0.04505813953488372
0 0.46893874029335636 0.24055232558139536 0.01639344262295082 0.03343023255813953
0 0.5159620362381363 0.26380813953488375 0.01725625539257981 0.036337209302325583
0 0.5263157894736842 0.27398255813953487 0.015530629853321829 0.036337209302325583
0 0.5457290767903364 0.2928779069767442 0.0181190681622088 0.03924418604651163
0 0.5491803278688525 0.25290697674418605 0.01639344262295082 0.03488372093023256
0 0.5634167385677308 0.22529069767441862 0.013805004314063849 0.029069767441860465
0 0.5772217428817946 0.2194767441860465 0.013805004314063849 0.02616279069767442
0 0.5836928386540121 0.22165697674418605 0.011216566005176877 0.02180232558139535
0 0.5910267471958585 0.23255813953488372 0.015530629853321829 0.02616279069767442
0 0.588869715271786 0.26308139534883723 0.0181190681622088 0.03488372093023256
0 0.6134598792062123 0.24709302325581395 0.01725625539257981 0.029069767441860465
0 0.6095772217428818 0.22165697674418605 0.014667817083692839 0.024709302325581394
0 0.6082830025884383 0.20421511627906977 0.015530629853321829 0.02180232558139535
0 0.6384814495254529 0.21438953488372092 0.013805004314063849 0.027616279069767442
0 0.6496980155306299 0.22093023255813954 0.013805004314063849 0.02616279069767442
0 0.6531492666091459 0.2449127906976744 0.013805004314063849 0.027616279069767442
0 0.685504745470233 0.22965116279069767 0.0181190681622088 0.029069767441860465
0 0.6993097497842968 0.2245639534883721 0.01639344262295082 0.03343023255813953
0 0.6846419327006039 0.20712209302325582 0.014667817083692839 0.027616279069767442
0 0.6833477135461605 0.27834302325581395 0.022433132010353754 0.04215116279069767
0 0.6466781708369284 0.30377906976744184 0.01984469370146678 0.040697674418604654
0 0.6113028472821398 0.32848837209302323 0.025021570319240724 0.040697674418604654
0 0.6113028472821398 0.376453488372093 0.028472821397756688 0.055232558139534885
0 0.544434857635893 0.35901162790697677 0.025884383088869714 0.04941860465116279
0 0.5560828300258844 0.41351744186046513 0.03537532355478861 0.059593023255813955
0 0.4810181190681622 0.40625 0.03537532355478861 0.06540697674418605
0 0.6044003451251079 0.45566860465116277 0.03537532355478861 0.07122093023255814
0 0.6475409836065574 0.46875 0.03537532355478861 0.07994186046511628
0 0.6617773943054357 0.3699127906976744 0.031061259706643658 0.059593023255813955
0 0.7023295944779983 0.35828488372093026 0.024158757549611734 0.05377906976744186
0 0.7377049180327869 0.4018895348837209 0.03451251078515962 0.06540697674418605
0 0.7200172562553926 0.5276162790697675 0.03882657463330457 0.08430232558139535
0 0.8360655737704918 0.5138081395348837 0.03796376186367558 0.07122093023255814
0 0.8050043140638481 0.4309593023255814 0.029335634167385678 0.06540697674418605
0 0.8347713546160483 0.36046511627906974 0.026747195858498704 0.04941860465116279
0 0.8813632441760139 0.39098837209302323 0.03364969801553063 0.061046511627906974
0 0.948662640207075 0.4643895348837209 0.030198446937014668 0.06831395348837209
0 0.7100949094046591 0.29941860465116277 0.01898188093183779 0.0436046511627907
0 0.7204486626402071 0.29869186046511625 0.01725625539257981 0.030523255813953487
0 0.7204486626402071 0.2492732558139535 0.01725625539257981 0.03343023255813953
0 0.7467644521138913 0.2507267441860465 0.0181190681622088 0.036337209302325583
0 0.7627264883520276 0.23982558139534885 0.013805004314063849 0.03197674418604651
0 0.7903364969801553 0.2601744186046512 0.013805004314063849 0.029069767441860465
0 0.8002588438308887 0.23619186046511628 0.01639344262295082 0.030523255813953487
0 0.7976704055220017 0.2819767441860465 0.01984469370146678 0.03488372093023256
0 0.8347713546160483 0.29651162790697677 0.0181190681622088 0.0377906976744186
0 0.8671268334771355 0.32194767441860467 0.01898188093183779 0.03924418604651163
0 0.8943054357204486 0.33502906976744184 0.01984469370146678 0.04505813953488372
0 0.9115616911130284 0.3190406976744186 0.01639344262295082 0.036337209302325583
0 0.9400345125107852 0.32921511627906974 0.0181190681622088 0.036337209302325583
0 0.9603106125970664 0.35828488372093026 0.022433132010353754 0.050872093023255814
0 0.9594477998274374 0.3059593023255814 0.015530629853321829 0.03924418604651163
0 0.9650560828300259 0.2754360465116279 0.012942191544434857 0.030523255813953487
0 0.9257981018119068 0.28415697674418605 0.015530629853321829 0.03924418604651163
0 0.9374460742018982 0.30305232558139533 0.01639344262295082 0.030523255813953487
0 0.903364969801553 0.2543604651162791 0.013805004314063849 0.03488372093023256
0 0.8813632441760139 0.27252906976744184 0.0181190681622088 0.03343023255813953
0 0.8679896462467644 0.27325581395348836 0.01725625539257981 0.03197674418604651
0 0.8636755823986195 0.251453488372093 0.015530629853321829 0.029069767441860465
0 0.8291630716134599 0.24200581395348839 0.01898188093183779 0.036337209302325583