0 0.08637236084452975 0.31661184210526316 0.02111324376199616 0.044407894736842105
0 0.14971209213051823 0.3001644736842105 0.02111324376199616 0.044407894736842105
0 0.3857965451055662 0.26644736842105265 0.023032629558541268 0.04276315789473684
0 0.3565259117082534 0.24259868421052633 0.022072936660268713 0.04111842105263158
0 0.42322456813819576 0.16282894736842105 0.019193857965451054 0.03289473684210526
0 0.4697696737044146 0.2236842105263158 0.022072936660268713 0.046052631578947366
0 0.4971209213051823 0.31414473684210525 0.026871401151631478 0.05921052631578947
0 0.5475047984644914 0.33223684210526316 0.03166986564299424 0.05592105263157895
0 0.54510556621881 0.14309210526315788 0.01727447216890595 0.029605263157894735
0 0.5825335892514395 0.13651315789473684 0.015355086372360844 0.03618421052631579
0 0.6055662188099808 0.11842105263157894 0.011516314779270634 0.02631578947368421
0 0.6425143953934741 0.24013157894736842 0.02015355086372361 0.03618421052631579
0 0.6588291746641075 0.22697368421052633 0.02015355086372361 0.04276315789473684
0 0.8061420345489443 0.27631578947368424 0.02495201535508637 0.05921052631578947
0 0.8646833013435701 0.3125 0.036468330134357005 0.0625
0 0.9256238003838771 0.15049342105263158 0.012476007677543186 0.024671052631578948
0 0.9558541266794626 0.15542763157894737 0.015355086372360844 0.03453947368421053