0 0.16517412935323383 0.2543706293706294 0.01990049751243781 0.0472027972027972
0 0.25472636815920396 0.20454545454545456 0.015920398009950248 0.038461538461538464
0 0.30597014925373134 0.25961538461538464 0.03283582089552239 0.06118881118881119
0 0.3447761194029851 0.22552447552447552 0.022885572139303482 0.03496503496503497
0 0.3920398009950249 0.2491258741258741 0.01990049751243781 0.03671328671328671
0 0.5 0.2840909090909091 0.03482587064676617 0.07867132867132867
0 0.42587064676616915 0.15734265734265734 0.011940298507462687 0.024475524475524476
0 0.4472636815920398 0.1555944055944056 0.012935323383084577 0.024475524475524476
0 0.4716417910447761 0.12762237762237763 0.013930348258706468 0.03146853146853147
0 0.5044776119402985 0.1520979020979021 0.013930348258706468 0.027972027972027972
0 0.5203980099502488 0.17744755244755245 0.013930348258706468 0.02972027972027972
0 0.545771144278607 0.18356643356643357 0.01691542288557214 0.03496503496503497
0 0.9462686567164179 0.20804195804195805 0.011940298507462687 0.03146853146853147