0 0.20165208940719145 0.41935483870967744 0.04956268221574344 0.09507640067911714
0 0.2594752186588921 0.266553480475382 0.021379980563654033 0.04074702886247878
0 0.2881438289601555 0.24787775891341257 0.0184645286686103 0.03735144312393888
0 0.31584062196307094 0.24787775891341257 0.021379980563654033 0.03395585738539898
0 0.3100097181729835 0.21731748726655348 0.021379980563654033 0.030560271646859084
0 0.33430515063168126 0.21816638370118846 0.021379980563654033 0.03904923599320883
0 0.32653061224489793 0.266553480475382 0.019436345966958212 0.04074702886247878
0 0.3464528668610301 0.27249575551782684 0.024295432458697766 0.04584040747028863
0 0.3760932944606414 0.2691001697792869 0.025267249757045675 0.042444821731748725
0 0.40864917395529643 0.2775891341256367 0.026239067055393587 0.05263157894736842
0 0.43002915451895046 0.2461799660441426 0.02040816326530612 0.03395585738539898
0 0.42419825072886297 0.21816638370118846 0.0184645286686103 0.03904923599320883
0 0.38338192419825073 0.199490662139219 0.0184645286686103 0.03904923599320883
0 0.40864917395529643 0.17487266553480477 0.01652089407191448 0.03395585738539898
0 0.42419825072886297 0.1799660441426146 0.02040816326530612 0.04074702886247878
0 0.46647230320699706 0.22495755517826826 0.023323615160349854 0.05263157894736842
0 0.45335276967930027 0.15449915110356535 0.02040816326530612 0.04074702886247878
0 0.4655004859086492 0.14261460101867574 0.015549076773566569 0.03395585738539898
0 0.47910592808551994 0.1536502546689304 0.01749271137026239 0.03904923599320883
0 0.48202137998056366 0.20203735144312393 0.019436345966958212 0.03395585738539898
0 0.510689990281827 0.1808149405772496 0.02040816326530612 0.03904923599320883
0 0.5053449951409135 0.11969439728353141 0.011661807580174927 0.025466893039049237
0 0.5116618075801749 0.13157894736842105 0.012633624878522837 0.028862478777589132
0 0.5252672497570456 0.1494057724957555 0.01652089407191448 0.030560271646859084
0 0.5447035957240038 0.18760611205432937 0.02040816326530612 0.042444821731748725
0 0.5515063168124392 0.14431239388794567 0.0184645286686103 0.03735144312393888
0 0.5947521865889213 0.15789473684210525 0.015549076773566569 0.030560271646859084
0 0.6103012633624878 0.15280135823429541 0.011661807580174927 0.027164685908319185
0 0.6146744412050534 0.12224108658743633 0.010689990281827016 0.023769100169779286
0 0.6248785228377065 0.13242784380305603 0.015549076773566569 0.027164685908319185
0 0.6000971817298348 0.100169779286927 0.01652089407191448 0.027164685908319185
0 0.6545189504373178 0.10526315789473684 0.014577259475218658 0.027164685908319185
0 0.6652089407191448 0.12054329371816638 0.01652089407191448 0.027164685908319185
0 0.6486880466472303 0.16723259762308998 0.02040816326530612 0.042444821731748725
0 0.6875607385811467 0.16213921901528014 0.02040816326530612 0.042444821731748725
0 0.6686103012633625 0.21477079796264856 0.023323615160349854 0.042444821731748725
0 0.6336248785228377 0.2470288624787776 0.021379980563654033 0.04923599320882852
0 0.6253644314868805 0.21477079796264856 0.022351797862001945 0.04584040747028863
0 0.5743440233236151 0.24193548387096775 0.025267249757045675 0.042444821731748725
0 0.5592808551992225 0.298811544991511 0.03012633624878523 0.05432937181663837
0 0.5242954324586978 0.2758913412563667 0.028182701652089408 0.04584040747028863
0 0.67444120505345 0.32088285229202035 0.0369290573372206 0.07130730050933787
0 0.6535471331389698 0.27164685908319186 0.03012633624878523 0.057724957555178265
0 0.7079689018464529 0.22835314091680814 0.024295432458697766 0.042444821731748725
0 0.7142857142857143 0.18505942275042445 0.021379980563654033 0.044142614601018676
0 0.7128279883381924 0.2835314091680815 0.03206997084548105 0.06112054329371817
0 0.749271137026239 0.23769100169779286 0.029154518950437316 0.05432937181663837
0 0.7444120505344995 0.19185059422750425 0.021379980563654033 0.04074702886247878
0 0.7351797862001944 0.15110356536502548 0.014577259475218658 0.030560271646859084
0 0.749271137026239 0.15110356536502548 0.019436345966958212 0.04074702886247878
0 0.7662779397473275 0.17402376910016978 0.0184645286686103 0.03904923599320883
0 0.7896015549076774 0.1808149405772496 0.02040816326530612 0.042444821731748725
0 0.7798833819241983 0.14855687606112053 0.0184645286686103 0.03225806451612903
0 0.7725947521865889 0.11629881154499151 0.013605442176870748 0.03225806451612903
0 0.7949465500485908 0.14176570458404075 0.01749271137026239 0.028862478777589132
0 0.8022351797862002 0.1264855687606112 0.01652089407191448 0.035653650254668934
0 0.8372206025267249 0.13582342954159593 0.01652089407191448 0.04753820033955857
0 0.8100097181729835 0.17147707979626486 0.0184645286686103 0.03735144312393888
0 0.8294460641399417 0.17232597623089982 0.012633624878522837 0.03225806451612903
0 0.8542274052478134 0.1774193548387097 0.019436345966958212 0.035653650254668934
0 0.8459669582118562 0.20458404074702885 0.01652089407191448 0.035653650254668934
0 0.8275024295432458 0.22410865874363328 0.026239067055393587 0.06112054329371817
0 0.783284742468416 0.28098471986417656 0.029154518950437316 0.059422750424448216
0 0.7900874635568513 0.3387096774193548 0.04081632653061224 0.06960950764006792
0 0.8600583090379009 0.2843803056027165 0.029154518950437316 0.06621392190152801
0 0.8726919339164237 0.23599320882852293 0.025267249757045675 0.050933786078098474
0 0.8843537414965986 0.21052631578947367 0.01749271137026239 0.04753820033955857
0 0.891156462585034 0.18421052631578946 0.019436345966958212 0.03904923599320883
0 0.8814382896015549 0.14516129032258066 0.01749271137026239 0.03904923599320883
0 0.9203109815354713 0.267402376910017 0.023323615160349854 0.05602716468590832