0 0.022167487684729065 0.45844686648501365 0.03284072249589491 0.05858310626702997
0 0.22947454844006568 0.32833787465940056 0.013957307060755337 0.0326975476839237
0 0.2557471264367816 0.3542234332425068 0.018883415435139574 0.04632152588555858
0 0.28201970443349755 0.30381471389645776 0.017241379310344827 0.0326975476839237
0 0.2926929392446634 0.3521798365122616 0.017241379310344827 0.039509536784741145
0 0.33292282430213466 0.3460490463215259 0.020525451559934318 0.04632152588555858
0 0.35139573070607555 0.31743869209809267 0.016420361247947456 0.02997275204359673
0 0.35385878489326766 0.27997275204359673 0.014778325123152709 0.025885558583106268
0 0.3825944170771757 0.32220708446866486 0.014778325123152709 0.03678474114441417
0 0.4088669950738916 0.329700272479564 0.019704433497536946 0.035422343324250684
0 0.46469622331691296 0.39373297002724794 0.027914614121510674 0.05449591280653951
0 0.4486863711001642 0.329700272479564 0.022167487684729065 0.03814713896457766
0 0.541871921182266 0.3916893732970027 0.026272577996715927 0.04223433242506812
0 0.5927750410509032 0.4271117166212534 0.026272577996715927 0.055858310626702996
0 0.6547619047619048 0.43392370572207084 0.023809523809523808 0.06130790190735695
0 0.7044334975369458 0.46253405994550406 0.03284072249589491 0.07493188010899182
0 0.8189655172413793 0.4829700272479564 0.028735632183908046 0.06130790190735695
0 0.9076354679802956 0.45163487738419617 0.025451559934318555 0.06130790190735695
0 0.8448275862068966 0.4604904632152589 0.026272577996715927 0.05449591280653951
0 0.7820197044334976 0.41553133514986373 0.028735632183908046 0.05994550408719346
0 0.7179802955665024 0.4025885558583106 0.023809523809523808 0.04495912806539509
0 0.65311986863711 0.3651226158038147 0.018883415435139574 0.04632152588555858
0 0.5316091954022989 0.3419618528610354 0.022167487684729065 0.04087193460490463
0 0.5020525451559934 0.3065395095367847 0.015599343185550082 0.035422343324250684
0 0.38834154351395733 0.2595367847411444 0.014778325123152709 0.025885558583106268
0 0.40804597701149425 0.2595367847411444 0.013136288998357963 0.025885558583106268
0 0.42651888341543515 0.23705722070844687 0.012315270935960592 0.021798365122615803
0 0.4445812807881773 0.2561307901907357 0.015599343185550082 0.02997275204359673
0 0.47495894909688013 0.25817438692098094 0.013957307060755337 0.031335149863760216
0 0.5020525451559934 0.2574931880108992 0.012315270935960592 0.027247956403269755
0 0.5147783251231527 0.2677111716621253 0.013136288998357963 0.031335149863760216
0 0.5250410509031199 0.24455040871934605 0.012315270935960592 0.02861035422343324
0 0.5426929392446633 0.24591280653950953 0.019704433497536946 0.02316076294277929
0 0.5607553366174056 0.26907356948228883 0.014778325123152709 0.0340599455040872
0 0.5792282430213465 0.25340599455040874 0.015599343185550082 0.0326975476839237
0 0.6847290640394089 0.3583106267029973 0.0180623973727422 0.035422343324250684
0 0.8111658456486043 0.3480926430517711 0.021346469622331693 0.04495912806539509
0 0.8567323481116584 0.3583106267029973 0.023809523809523808 0.043596730245231606
0 0.8341543513957307 0.32833787465940056 0.014778325123152709 0.035422343324250684
0 0.8752052545155994 0.34536784741144416 0.0180623973727422 0.039509536784741145
0 0.9376026272577996 0.3474114441416894 0.0180623973727422 0.03814713896457766
0 0.6876026272577996 0.29768392370572205 0.018883415435139574 0.03678474114441417
0 0.5960591133004927 0.329700272479564 0.022988505747126436 0.035422343324250684
0 0.6342364532019704 0.2963215258855586 0.022167487684729065 0.039509536784741145
0 0.6600985221674877 0.2608991825613079 0.0180623973727422 0.031335149863760216
0 0.6005747126436781 0.24591280653950953 0.010673234811165846 0.02316076294277929
0 0.7249589490968801 0.2779291553133515 0.016420361247947456 0.02997275204359673
0 0.7011494252873564 0.2452316076294278 0.014778325123152709 0.02997275204359673
0 0.7335796387520526 0.24250681198910082 0.017241379310344827 0.0326975476839237
0 0.7770935960591133 0.2786103542234332 0.013957307060755337 0.0340599455040872
0 0.8148604269293924 0.2970027247956403 0.015599343185550082 0.035422343324250684
0 0.8497536945812808 0.2731607629427793 0.014778325123152709 0.02861035422343324
0 0.8760262725779967 0.2997275204359673 0.014778325123152709 0.0326975476839237
0 0.9047619047619048 0.3194822888283379 0.0180623973727422 0.0340599455040872
0 0.8924466338259441 0.27111716621253407 0.016420361247947456 0.027247956403269755
0 0.8727422003284072 0.2547683923705722 0.013136288998357963 0.03814713896457766
0 0.9310344827586207 0.3010899182561308 0.013136288998357963 0.0326975476839237
0 0.8210180623973727 0.2615803814713896 0.013136288998357963 0.0326975476839237
0 0.7939244663382594 0.23841961852861035 0.014778325123152709 0.0326975476839237
0 0.7799671592775042 0.23978201634877383 0.011494252873563218 0.02452316076294278
0 0.7606732348111659 0.2268392370572207 0.013957307060755337 0.025885558583106268
0 0.6990968801313628 0.21730245231607628 0.012315270935960592 0.02861035422343324
0 0.6079638752052545 0.2016348773841962 0.0090311986863711 0.027247956403269755
0 0.5554187192118226 0.22547683923705722 0.010673234811165846 0.031335149863760216
0 0.5714285714285714 0.2159400544959128 0.013136288998357963 0.02316076294277929
0 0.6354679802955665 0.21798365122615804 0.011494252873563218 0.02452316076294278
0 0.6605090311986864 0.21321525885558584 0.012315270935960592 0.02316076294277929
0 0.6748768472906403 0.22343324250681199 0.011494252873563218 0.02452316076294278
0 0.9351395730706076 0.276566757493188 0.013136288998357963 0.02997275204359673
0 0.5907224958949097 0.38760217983651224 0.03201970443349754 0.047683923705722074
0 0.8386699507389163 0.30040871934604907 0.017241379310344827 0.02861035422343324
0 0.8407224958949097 0.24795640326975477 0.013136288998357963 0.027247956403269755
0 0.9166666666666666 0.3017711171662125 0.013957307060755337 0.039509536784741145
0 0.7627257799671593 0.2561307901907357 0.013136288998357963 0.02452316076294278
0 0.5985221674876847 0.21525885558583105 0.011494252873563218 0.027247956403269755
0 0.6227422003284072 0.21185286103542234 0.010673234811165846 0.025885558583106268
0 0.6424466338259441 0.2356948228882834 0.012315270935960592 0.027247956403269755
0 0.4039408866995074 0.29427792915531337 0.013136288998357963 0.027247956403269755
0 0.4314449917898194 0.30517711171662126 0.018883415435139574 0.0326975476839237
0 0.4651067323481117 0.30926430517711173 0.020525451559934318 0.03814713896457766
0 0.46346469622331693 0.23705722070844687 0.012315270935960592 0.02452316076294278
0 0.6444991789819376 0.3419618528610354 0.019704433497536946 0.043596730245231606