0 0.277516462841016 0.2396694214876033 0.01881467544684854 0.03636363636363636
0 0.29633113828786456 0.23305785123966943 0.01881467544684854 0.03305785123966942
0 0.2953904045155221 0.25867768595041324 0.016933207902163686 0.04132231404958678
0 0.35936030103480715 0.25206611570247933 0.01881467544684854 0.04132231404958678
0 0.38146754468485417 0.26859504132231404 0.01599247412982126 0.04132231404958678
0 0.3847601128880527 0.2190082644628099 0.016933207902163686 0.03140495867768595
0 0.37770460959548446 0.1933884297520661 0.01599247412982126 0.02975206611570248
0 0.36876763875823143 0.18181818181818182 0.01881467544684854 0.03305785123966942
0 0.4045155221072437 0.16033057851239668 0.01317027281279398 0.02975206611570248
0 0.4233301975540922 0.17107438016528925 0.016933207902163686 0.02809917355371901
0 0.43320790216368765 0.15537190082644628 0.012229539040451553 0.02975206611570248
0 0.4412041392285983 0.1446280991735537 0.015051740357478834 0.024793388429752067
0 0.46754468485418627 0.14710743801652892 0.016933207902163686 0.026446280991735537
0 0.48071495766698025 0.17024793388429751 0.016933207902163686 0.04297520661157025
0 0.4557855126999059 0.19586776859504132 0.02539981185324553 0.05454545454545454
0 0.43838193791157104 0.2231404958677686 0.01881467544684854 0.03636363636363636
0 0.5028222013170273 0.17603305785123968 0.01599247412982126 0.03801652892561983
0 0.5253998118532456 0.19421487603305784 0.021636876763875823 0.03801652892561983
0 0.5145813734713076 0.15041322314049588 0.01881467544684854 0.03636363636363636
0 0.5079962370649106 0.11570247933884298 0.015051740357478834 0.03305785123966942
0 0.5437441204139228 0.11322314049586776 0.015051740357478834 0.03471074380165289
0 0.5437441204139228 0.16363636363636364 0.01881467544684854 0.03966942148760331
0 0.5634995296331138 0.17272727272727273 0.016933207902163686 0.03471074380165289
0 0.5667920978363123 0.128099173553719 0.014111006585136407 0.02809917355371901
0 0.5625587958607714 0.10661157024793388 0.00940733772342427 0.021487603305785124
0 0.5841956726246472 0.1322314049586777 0.01317027281279398 0.026446280991735537
0 0.5912511759172154 0.11570247933884298 0.017873941674506115 0.026446280991735537
0 0.5874882408278457 0.09504132231404959 0.014111006585136407 0.021487603305785124
0 0.6072436500470367 0.15206611570247933 0.01975540921919097 0.03305785123966942
0 0.6110065851364064 0.1322314049586777 0.012229539040451553 0.023140495867768594
0 0.6157102539981185 0.09173553719008265 0.012229539040451553 0.024793388429752067
0 0.638758231420508 0.09256198347107437 0.011288805268109126 0.026446280991735537
0 0.6472248353715898 0.10495867768595041 0.01317027281279398 0.03140495867768595
0 0.6552210724365005 0.12148760330578512 0.014111006585136407 0.02809917355371901
0 0.6547507055503292 0.15867768595041323 0.022577610536218252 0.04628099173553719
0 0.6655691439322672 0.10165289256198347 0.010348071495766699 0.024793388429752067
0 0.6975540921919097 0.09504132231404959 0.014111006585136407 0.02809917355371901
0 0.6796801505174036 0.1537190082644628 0.01975540921919097 0.03966942148760331
0 0.6952022577610536 0.171900826446281 0.020696142991533398 0.03966942148760331
0 0.6745061147695203 0.19504132231404958 0.01881467544684854 0.04297520661157025
0 0.6326434619002822 0.1925619834710744 0.021636876763875823 0.03801652892561983
0 0.625587958607714 0.24297520661157024 0.028222013170272814 0.05289256198347107
0 0.5573847601128881 0.2512396694214876 0.02916274694261524 0.04628099173553719
0 0.49717779868297274 0.2991735537190083 0.034807149576669805 0.05289256198347107
0 0.5385700846660395 0.32727272727272727 0.031044214487300093 0.05950413223140496
0 0.6067732831608654 0.3148760330578512 0.03198494825964252 0.06115702479338843
0 0.676387582314205 0.28677685950413223 0.03198494825964252 0.06115702479338843
0 0.7163687676387582 0.24710743801652893 0.023518344308560677 0.05454545454545454
0 0.7445907808090311 0.328099173553719 0.036688617121354655 0.06776859504132231
0 0.8015051740357478 0.3677685950413223 0.03951081843838194 0.06776859504132231
0 0.9012229539040452 0.34793388429752065 0.03574788334901223 0.08099173553719008
0 0.7808090310442145 0.25867768595041324 0.03386641580432737 0.06115702479338843
0 0.8400752587017873 0.2975206611570248 0.030103480714957668 0.05950413223140496
0 0.8109125117591721 0.23057851239669422 0.022577610536218252 0.0512396694214876
0 0.7826904985888994 0.19834710743801653 0.020696142991533398 0.04628099173553719
0 0.7563499529633114 0.20578512396694215 0.022577610536218252 0.047933884297520664
0 0.7300094073377235 0.18099173553719008 0.022577610536218252 0.04462809917355372
0 0.7262464722483537 0.22231404958677686 0.024459078080903106 0.0512396694214876
0 0.7304797742238947 0.11239669421487604 0.01599247412982126 0.03305785123966942
0 0.7525870178739417 0.1231404958677686 0.016933207902163686 0.04132231404958678
0 0.7666980244590781 0.12396694214876033 0.016933207902163686 0.03305785123966942
0 0.7855126999059266 0.14297520661157026 0.01881467544684854 0.04462809917355372
0 0.812793979303857 0.14628099173553719 0.016933207902163686 0.03801652892561983
0 0.8372530573847601 0.13140495867768595 0.011288805268109126 0.03140495867768595
0 0.839134524929445 0.11074380165289256 0.015051740357478834 0.02975206611570248
0 0.8560677328316086 0.15950413223140497 0.01881467544684854 0.04462809917355372
0 0.8330197554092192 0.19917355371900827 0.02539981185324553 0.0512396694214876
0 0.8626528692380057 0.2413223140495868 0.02634054562558796 0.05619834710743802
0 0.9195672624647225 0.271900826446281 0.02916274694261524 0.05785123966942149
0 0.9252116650987771 0.23305785123966943 0.017873941674506115 0.04297520661157025
0 0.9266227657572906 0.2 0.015051740357478834 0.03636363636363636
0 0.8847601128880527 0.1925619834710744 0.01599247412982126 0.03801652892561983
0 0.8734713076199435 0.17851239669421487 0.012229539040451553 0.03305785123966942
0 0.8664158043273753 0.13636363636363635 0.01317027281279398 0.02809917355371901
0 0.8725305738476011 0.11818181818181818 0.014111006585136407 0.02809917355371901
0 0.8936970837253058 0.13140495867768595 0.011288805268109126 0.02809917355371901
0 0.900752587017874 0.14793388429752066 0.01975540921919097 0.03801652892561983
0 0.8908748824082785 0.16363636363636364 0.016933207902163686 0.03305785123966942
0 0.929444967074318 0.14297520661157026 0.015051740357478834 0.03140495867768595