0 0.12400318979266348 0.31856540084388185 0.03110047846889952 0.06047819971870605
0 0.14473684210526316 0.34739803094233473 0.03269537480063796 0.07313642756680731
0 0.180622009569378 0.3860759493670886 0.045454545454545456 0.08579465541490858
0 0.17942583732057416 0.3129395218002813 0.03189792663476874 0.057665260196905765
0 0.23125996810207336 0.32559774964838256 0.03827751196172249 0.06610407876230662
0 0.2109250398724083 0.3762306610407876 0.037480063795853266 0.07735583684950774
0 0.24082934609250398 0.2911392405063291 0.025518341307814992 0.05907172995780591
0 0.2934609250398724 0.3319268635724332 0.03349282296650718 0.0759493670886076
0 0.3317384370015949 0.37412095639943743 0.04146730462519936 0.0759493670886076
0 0.3652312599681021 0.3234880450070324 0.03827751196172249 0.06751054852320675
0 0.39832535885167464 0.3009845288326301 0.0342902711323764 0.07876230661040788
0 0.3253588516746411 0.26019690576652604 0.03508771929824561 0.0759493670886076