0 0.11329063250600481 0.519872813990461 0.05204163330664532 0.10492845786963434
0 0.22818254603682947 0.2543720190779014 0.017614091273018415 0.05087440381558029
0 0.2389911929543635 0.2575516693163752 0.024819855884707767 0.04769475357710652
0 0.28342674139311447 0.2273449920508744 0.01921537229783827 0.04769475357710652
0 0.31184947958366693 0.22575516693163752 0.020016012810248198 0.05087440381558029
0 0.31585268214571655 0.20190779014308427 0.021617293835068056 0.04451510333863275
0 0.34067253803042435 0.212241653418124 0.020016012810248198 0.03656597774244833
0 0.3542834267413931 0.1987281399046105 0.016813450760608487 0.04133545310015898
0 0.36989591673338673 0.1915739268680445 0.017614091273018415 0.0397456279809221
0 0.37630104083266613 0.2527821939586645 0.02241793434747798 0.05405405405405406
0 0.40912730184147317 0.2273449920508744 0.020816653322658127 0.03815580286168521
0 0.42594075260208164 0.17170111287758347 0.016012810248198558 0.034976152623211444
0 0.4339471577261809 0.1589825119236884 0.014411529223378704 0.04133545310015898
0 0.4431545236188951 0.17965023847376788 0.018414731785428344 0.04451510333863275
0 0.4411529223378703 0.2917329093799682 0.025620496397117692 0.05564387917329094
0 0.47838270616493195 0.22813990461049286 0.021617293835068056 0.046104928457869634
0 0.4615692554043235 0.15421303656597773 0.016813450760608487 0.034976152623211444
0 0.4819855884707766 0.15977742448330684 0.016012810248198558 0.04292527821939587
0 0.49959967974379504 0.143879173290938 0.014411529223378704 0.033386327503974564
0 0.5048038430744596 0.19475357710651828 0.018414731785428344 0.046104928457869634
0 0.5236188951160928 0.14626391096979333 0.017614091273018415 0.03815580286168521
0 0.5616493194555644 0.13195548489666137 0.016813450760608487 0.03815580286168521
0 0.566453162530024 0.14308426073131955 0.018414731785428344 0.03815580286168521
0 0.5352281825460369 0.22257551669316375 0.020016012810248198 0.03815580286168521
0 0.5812650120096077 0.12798092209856915 0.017614091273018415 0.03656597774244833
0 0.600880704563651 0.12082670906200318 0.01521216973578863 0.03179650238473768
0 0.6120896717373899 0.14467408585055644 0.018414731785428344 0.034976152623211444
0 0.5860688550840673 0.1891891891891892 0.016012810248198558 0.04451510333863275
0 0.588070456365092 0.15977742448330684 0.020016012810248198 0.03656597774244833
0 0.6128903122497998 0.20111287758346583 0.020016012810248198 0.0397456279809221
0 0.6192954363490792 0.17011128775834658 0.01521216973578863 0.03815580286168521
0 0.6425140112089672 0.12162162162162163 0.01521216973578863 0.033386327503974564
0 0.6549239391513211 0.14069952305246422 0.014411529223378704 0.0397456279809221
0 0.6685348278622898 0.12003179650238474 0.014411529223378704 0.033386327503974564
0 0.6649319455564452 0.1724960254372019 0.013610888710968775 0.033386327503974564
0 0.6733386709367494 0.21542130365659778 0.02241793434747798 0.04292527821939587
0 0.6212970376301041 0.26391096979332274 0.025620496397117692 0.05405405405405406
0 0.5856685348278623 0.3163751987281399 0.02802241793434748 0.06041335453100159
0 0.6148919135308246 0.35135135135135137 0.02722177742193755 0.06041335453100159
0 0.6661329063250601 0.3767885532591415 0.028823058446757407 0.05405405405405406
0 0.6969575660528423 0.1327503974562798 0.016813450760608487 0.03656597774244833
0 0.6949559647718174 0.14626391096979333 0.016012810248198558 0.03815580286168521
0 0.7229783827061649 0.1494435612082671 0.01921537229783827 0.04133545310015898
0 0.6937550040032026 0.20508744038155802 0.02321857485988791 0.04133545310015898
0 0.7373899119295436 0.19475357710651828 0.016012810248198558 0.04292527821939587
0 0.756204963971177 0.18521462639109698 0.01521216973578863 0.033386327503974564
0 0.7798238590872698 0.1724960254372019 0.016012810248198558 0.033386327503974564
0 0.7842273819055244 0.19395866454689983 0.016813450760608487 0.04133545310015898
0 0.8150520416333067 0.1820349761526232 0.016012810248198558 0.0397456279809221
0 0.8358686949559647 0.20190779014308427 0.017614091273018415 0.04133545310015898
0 0.822658126501201 0.21144674085850557 0.016813450760608487 0.03815580286168521
0 0.8026421136909527 0.22972972972972974 0.018414731785428344 0.0492845786963434
0 0.8070456365092074 0.294912559618442 0.025620496397117692 0.06200317965023847
0 0.7485988791032826 0.21860095389507153 0.01921537229783827 0.04292527821939587
0 0.7602081665332265 0.2766295707472178 0.02321857485988791 0.04769475357710652
0 0.7225780624499599 0.2647058823529412 0.02642113690952762 0.05564387917329094
0 0.8730984787830264 0.22019077901430842 0.013610888710968775 0.0397456279809221
0 0.9087269815852682 0.2138314785373609 0.017614091273018415 0.0397456279809221
0 0.9075260208166533 0.24483306836248012 0.016813450760608487 0.034976152623211444
0 0.8955164131305045 0.2655007949125596 0.016813450760608487 0.04451510333863275
0 0.8807045636509208 0.2774244833068362 0.017614091273018415 0.046104928457869634
0 0.8730984787830264 0.31875993640699524 0.02321857485988791 0.05246422893481717
0 0.933546837469976 0.31160572337042924 0.017614091273018415 0.05405405405405406
0 0.9347477982385909 0.25119236883942764 0.013610888710968775 0.03815580286168521
0 0.9595676541232986 0.23370429252782193 0.016813450760608487 0.03815580286168521
0 0.9867894315452362 0.24721780604133545 0.013610888710968775 0.0397456279809221
0 0.977582065652522 0.2917329093799682 0.016012810248198558 0.0492845786963434
0 0.9815852682145717 0.2845786963434022 0.012810248198558846 0.04133545310015898
0 0.9799839871897518 0.3449920508744038 0.01921537229783827 0.05405405405405406
0 0.9575660528422738 0.36327503974562797 0.02401921537229784 0.058823529411764705
0 0.9547638110488391 0.4220985691573927 0.02321857485988791 0.07472178060413355
0 0.8935148118494796 0.3767885532591415 0.02401921537229784 0.07313195548489666
0 0.8690952762209768 0.4848966613672496 0.03122497998398719 0.0794912559618442
0 0.7982385908726981 0.4379968203497615 0.03042433947157726 0.08426073131955485
0 0.7265812650120096 0.3871224165341812 0.029623698959167333 0.06836248012718601