0 0.21347785108388312 0.4514003294892916 0.04241281809613572 0.09225700164744646
0 0.2478793590951932 0.37891268533772654 0.04147031102733271 0.09225700164744646
0 0.22525918944392084 0.22075782537067545 0.015080113100848256 0.026359143327841845
0 0.2888784165881244 0.2471169686985173 0.016022620169651274 0.026359143327841845
0 0.3355325164938737 0.2808896210873147 0.020735155513666354 0.03459637561779242
0 0.35626767200754006 0.2545304777594728 0.015080113100848256 0.03459637561779242
0 0.4330819981149859 0.28171334431630973 0.021677662582469368 0.039538714991762765
0 0.4524033930254477 0.2215815485996705 0.015080113100848256 0.03130148270181219
0 0.4297832233741753 0.2158154859967051 0.015080113100848256 0.026359143327841845
0 0.3892554194156456 0.18780889621087316 0.015080113100848256 0.029654036243822075
0 0.4533459000942507 0.18533772652388797 0.016965127238454288 0.03130148270181219
0 0.4773798303487276 0.19934102141680396 0.01413760603204524 0.023064250411861616
0 0.46088595664467485 0.1400329489291598 0.011310084825636193 0.023064250411861616
0 0.47360980207351555 0.15238879736408567 0.01413760603204524 0.0214168039538715
0 0.48444863336475025 0.16392092257001648 0.015080113100848256 0.018121911037891267
0 0.5131950989632422 0.17215815485996705 0.010367577756833177 0.02471169686985173
0 0.527803958529689 0.2026359143327842 0.01885014137606032 0.029654036243822075
0 0.4891611687087653 0.1326194398682043 0.011310084825636193 0.018121911037891267
0 0.5348727615457116 0.13838550247116968 0.016022620169651274 0.029654036243822075
0 0.5659754948162111 0.1457990115321252 0.01413760603204524 0.02800658978583196
0 0.5857681432610744 0.15815485996705106 0.012252591894439209 0.029654036243822075
0 0.5786993402450519 0.11037891268533773 0.013195098963242224 0.019769357495881382
0 0.6672950047125353 0.05024711696869852 0.015080113100848256 0.03130148270181219
0 0.6979264844486334 0.09308072487644152 0.012252591894439209 0.02471169686985173
0 0.4868049010367578 0.3212520593080725 0.02544769085768143 0.04612850082372323
0 0.6211121583411876 0.24464579901153213 0.024505183788878417 0.047775947281713346
0 0.6691800188501413 0.25617792421746294 0.01885014137606032 0.047775947281713346
0 0.7257304429783223 0.2825370675453048 0.022620169651272386 0.044481054365733116
0 0.7803958529688972 0.3130148270181219 0.022620169651272386 0.05930807248764415
0 0.7167766258246937 0.18204283360790774 0.019792648444863337 0.04118616144975288
0 0.6922714420358153 0.15321252059308071 0.017907634307257305 0.039538714991762765
0 0.7205466540999057 0.14827018121911037 0.016022620169651274 0.029654036243822075
0 0.735626767200754 0.16062602965403625 0.016022620169651274 0.03459637561779242
0 0.7657869934024505 0.171334431630972 0.019792648444863337 0.039538714991762765
0 0.7568331762488218 0.14250411861614498 0.016965127238454288 0.02800658978583196
0 0.7558906691800189 0.11367380560131796 0.013195098963242224 0.026359143327841845
0 0.8204524033930255 0.12602965403624383 0.010367577756833177 0.02800658978583196
0 0.8053722902921772 0.1828665568369028 0.016022620169651274 0.032948929159802305
0 0.8572101790763431 0.19522240527182866 0.017907634307257305 0.03459637561779242
0 0.8826578699340245 0.23064250411861614 0.016022620169651274 0.039538714991762765