0 0.1637029288702929 0.37169811320754714 0.04497907949790795 0.09056603773584905
0 0.3106694560669456 0.23018867924528302 0.02510460251046025 0.04150943396226415
0 0.321652719665272 0.18679245283018867 0.01778242677824268 0.033962264150943396
0 0.3472803347280335 0.19150943396226416 0.01882845188284519 0.03962264150943396
0 0.4121338912133891 0.2018867924528302 0.01882845188284519 0.03773584905660377
0 0.4424686192468619 0.20754716981132076 0.01882845188284519 0.045283018867924525
0 0.41422594142259417 0.17075471698113207 0.016736401673640166 0.02830188679245283
0 0.4110878661087866 0.15660377358490565 0.014644351464435146 0.026415094339622643
0 0.45763598326359833 0.1641509433962264 0.013598326359832637 0.03018867924528302
0 0.47280334728033474 0.18679245283018867 0.016736401673640166 0.03773584905660377
0 0.5026150627615062 0.21132075471698114 0.0198744769874477 0.04150943396226415
0 0.4665271966527197 0.1311320754716981 0.012552301255230125 0.02830188679245283
0 0.475418410041841 0.14528301886792452 0.013598326359832637 0.026415094339622643
0 0.4858786610878661 0.14056603773584905 0.011506276150627616 0.02830188679245283
0 0.5015690376569037 0.14339622641509434 0.013598326359832637 0.033962264150943396
0 0.5115062761506276 0.11037735849056604 0.012552301255230125 0.03207547169811321
0 0.5214435146443515 0.12830188679245283 0.011506276150627616 0.03018867924528302
0 0.5292887029288703 0.12075471698113208 0.012552301255230125 0.026415094339622643
0 0.5439330543933054 0.11981132075471698 0.012552301255230125 0.024528301886792454
0 0.5449790794979079 0.13584905660377358 0.012552301255230125 0.022641509433962263
0 0.547071129707113 0.1650943396226415 0.012552301255230125 0.035849056603773584
0 0.5298117154811716 0.15188679245283018 0.013598326359832637 0.02830188679245283
0 0.5585774058577406 0.17735849056603772 0.016736401673640166 0.033962264150943396
0 0.573744769874477 0.13773584905660377 0.013598326359832637 0.033962264150943396
0 0.5889121338912134 0.17830188679245282 0.014644351464435146 0.02830188679245283
0 0.5915271966527197 0.14433962264150943 0.015690376569037656 0.03962264150943396
0 0.5873430962343096 0.10754716981132076 0.013598326359832637 0.03018867924528302
0 0.6009414225941423 0.11226415094339623 0.011506276150627616 0.03207547169811321
0 0.6182008368200836 0.10566037735849057 0.012552301255230125 0.026415094339622643
0 0.6265690376569037 0.09811320754716982 0.014644351464435146 0.03018867924528302
0 0.6506276150627615 0.10283018867924529 0.014644351464435146 0.02830188679245283
0 0.6344142259414226 0.13962264150943396 0.015690376569037656 0.03018867924528302
0 0.6684100418410042 0.12830188679245283 0.012552301255230125 0.033962264150943396
0 0.6506276150627615 0.12830188679245283 0.012552301255230125 0.022641509433962263
0 0.680439330543933 0.11981132075471698 0.009414225941422594 0.02830188679245283
0 0.6950836820083682 0.1169811320754717 0.009414225941422594 0.026415094339622643
0 0.5847280334728033 0.23113207547169812 0.01882845188284519 0.0509433962264151
0 0.5109832635983264 0.2971698113207547 0.030334728033472803 0.05849056603773585
0 0.5815899581589958 0.27547169811320754 0.02301255230125523 0.052830188679245285
0 0.5967573221757322 0.30849056603773584 0.034518828451882845 0.08113207547169811
0 0.6150627615062761 0.25471698113207547 0.027196652719665274 0.05660377358490566
0 0.6359832635983264 0.2 0.02301255230125523 0.04905660377358491
0 0.6694560669456067 0.21132075471698114 0.02092050209205021 0.04905660377358491
0 0.6694560669456067 0.17075471698113207 0.016736401673640166 0.03962264150943396
0 0.7018828451882845 0.19716981132075473 0.01882845188284519 0.04339622641509434
0 0.6924686192468619 0.17075471698113207 0.016736401673640166 0.035849056603773584
0 0.7118200836820083 0.16886792452830188 0.01778242677824268 0.03962264150943396
0 0.7395397489539749 0.1641509433962264 0.012552301255230125 0.03773584905660377
0 0.7515690376569037 0.15 0.011506276150627616 0.035849056603773584
0 0.75 0.12169811320754717 0.014644351464435146 0.03207547169811321
0 0.7792887029288703 0.13018867924528302 0.016736401673640166 0.04150943396226415
0 0.7787656903765691 0.17264150943396225 0.013598326359832637 0.03207547169811321
0 0.7928870292887029 0.15283018867924528 0.014644351464435146 0.033962264150943396
0 0.7923640167364017 0.19528301886792454 0.0198744769874477 0.04339622641509434
0 0.7160041841004184 0.2349056603773585 0.02405857740585774 0.04339622641509434
0 0.6841004184100419 0.2641509433962264 0.02092050209205021 0.045283018867924525
0 0.6929916317991632 0.3283018867924528 0.028242677824267783 0.07169811320754717
0 0.7369246861924686 0.360377358490566 0.028242677824267783 0.06415094339622641
0 0.7656903765690377 0.2688679245283019 0.027196652719665274 0.0660377358490566
0 0.8049163179916318 0.269811320754717 0.02405857740585774 0.04905660377358491
0 0.8242677824267782 0.3594339622641509 0.03347280334728033 0.062264150943396226
0 0.8425732217573222 0.30754716981132074 0.021966527196652718 0.05660377358490566
0 0.8718619246861925 0.2669811320754717 0.0198744769874477 0.04716981132075472
0 0.9079497907949791 0.330188679245283 0.02510460251046025 0.06415094339622641
0 0.8922594142259415 0.4207547169811321 0.03556485355648536 0.07924528301886792
0 0.9361924686192469 0.2858490566037736 0.027196652719665274 0.0509433962264151
0 0.9157949790794979 0.24433962264150944 0.021966527196652718 0.04339622641509434
0 0.9314853556485355 0.22735849056603774 0.01778242677824268 0.03962264150943396
0 0.9424686192468619 0.20943396226415095 0.016736401673640166 0.033962264150943396
0 0.9393305439330544 0.1660377358490566 0.016736401673640166 0.03773584905660377
0 0.9053347280334728 0.180188679245283 0.015690376569037656 0.035849056603773584
0 0.9163179916317992 0.16792452830188678 0.014644351464435146 0.03018867924528302
0 0.8854602510460251 0.19716981132075473 0.021966527196652718 0.03962264150943396
0 0.8723849372384938 0.22169811320754718 0.02092050209205021 0.04716981132075472
0 0.8357740585774058 0.20566037735849058 0.01882845188284519 0.04150943396226415
0 0.8169456066945606 0.18867924528301888 0.01882845188284519 0.04150943396226415
0 0.8263598326359832 0.16886792452830188 0.012552301255230125 0.03207547169811321
0 0.8378661087866108 0.15377358490566037 0.012552301255230125 0.035849056603773584
0 0.8509414225941423 0.18679245283018867 0.015690376569037656 0.04150943396226415
0 0.8645397489539749 0.17169811320754716 0.013598326359832637 0.03773584905660377
0 0.8640167364016736 0.15377358490566037 0.010460251046025104 0.024528301886792454
0 0.8760460251046025 0.15188679245283018 0.013598326359832637 0.035849056603773584