0 0.07921974522292993 0.445729537366548 0.019904458598726114 0.05516014234875445
0 0.0660828025477707 0.5106761565836299 0.020700636942675158 0.05338078291814947
0 0.12221337579617834 0.6272241992882562 0.02308917197452229 0.07651245551601424
0 0.044984076433121016 0.251779359430605 0.013535031847133758 0.030249110320284697
0 0.047372611464968156 0.23309608540925267 0.01194267515923567 0.03558718861209965
0 0.15764331210191082 0.16370106761565836 0.012738853503184714 0.03914590747330961
0 0.12420382165605096 0.23665480427046262 0.01592356687898089 0.03914590747330961
0 0.18511146496815287 0.21352313167259787 0.01194267515923567 0.03558718861209965
0 0.17237261146496816 0.28291814946619215 0.015127388535031847 0.03914590747330961
0 0.24402866242038215 0.302491103202847 0.016719745222929936 0.0498220640569395
0 0.23527070063694266 0.36565836298932386 0.019904458598726114 0.05516014234875445
0 0.20820063694267515 0.45462633451957296 0.019904458598726114 0.05516014234875445
0 0.19068471337579618 0.1494661921708185 0.010350318471337579 0.03202846975088968
0 0.22412420382165604 0.1583629893238434 0.010350318471337579 0.028469750889679714
0 0.2432324840764331 0.14056939501779359 0.010350318471337579 0.03202846975088968
0 0.2961783439490446 0.17259786476868327 0.014331210191082803 0.042704626334519574
0 0.29339171974522293 0.21619217081850534 0.016719745222929936 0.037366548042704624
0 0.30851910828025475 0.24644128113879005 0.016719745222929936 0.04092526690391459
0 0.3268312101910828 0.24466192170818504 0.01194267515923567 0.033807829181494664
0 0.35628980891719747 0.10409252669039146 0.010350318471337579 0.030249110320284697
0 0.3781847133757962 0.1903914590747331 0.012738853503184714 0.03558718861209965
0 0.3980891719745223 0.10854092526690391 0.012738853503184714 0.028469750889679714
0 0.41878980891719747 0.10587188612099645 0.011146496815286623 0.026690391459074734
0 0.4179936305732484 0.19572953736654805 0.01592356687898089 0.028469750889679714
0 0.455015923566879 0.13523131672597866 0.015127388535031847 0.021352313167259787
0 0.4637738853503185 0.13434163701067617 0.00875796178343949 0.030249110320284697
0 0.5047770700636943 0.12277580071174377 0.011146496815286623 0.021352313167259787
0 0.535031847133758 0.09163701067615658 0.009554140127388535 0.026690391459074734
0 0.4729299363057325 0.23309608540925267 0.01910828025477707 0.042704626334519574
0 0.4773089171974522 0.302491103202847 0.019904458598726114 0.046263345195729534
0 0.4980095541401274 0.19483985765124556 0.01194267515923567 0.037366548042704624
0 0.5553343949044586 0.3274021352313167 0.019904458598726114 0.046263345195729534
0 0.5461783439490446 0.18416370106761565 0.011146496815286623 0.037366548042704624
0 0.5744426751592356 0.1094306049822064 0.00875796178343949 0.026690391459074734
0 0.5712579617834395 0.1583629893238434 0.010350318471337579 0.03202846975088968
0 0.589968152866242 0.148576512455516 0.011146496815286623 0.026690391459074734
0 0.6138535031847133 0.1307829181494662 0.012738853503184714 0.023131672597864767
0 0.5712579617834395 0.21619217081850534 0.01194267515923567 0.037366548042704624
0 0.6146496815286624 0.23487544483985764 0.014331210191082803 0.03558718861209965
0 0.64171974522293 0.16459074733096085 0.011146496815286623 0.030249110320284697
0 0.5573248407643312 0.50355871886121 0.025477707006369428 0.060498220640569395
0 0.6751592356687898 0.34786476868327404 0.020700636942675158 0.05516014234875445
0 0.6867038216560509 0.2304270462633452 0.015127388535031847 0.033807829181494664
0 0.7185509554140127 0.23576512455516013 0.010350318471337579 0.030249110320284697
0 0.7097929936305732 0.19483985765124556 0.01194267515923567 0.030249110320284697
0 0.76671974522293 0.22864768683274023 0.01592356687898089 0.030249110320284697
0 0.8069267515923567 0.251779359430605 0.015127388535031847 0.033807829181494664
0 0.7786624203821656 0.3879003558718861 0.01751592356687898 0.0498220640569395
0 0.8363853503184714 0.28291814946619215 0.013535031847133758 0.03558718861209965
0 0.9167993630573248 0.3798932384341637 0.018312101910828025 0.04448398576512456
0 0.7010350318471338 0.2873665480427046 0.016719745222929936 0.04092526690391459
0 0.46337579617834396 0.17882562277580072 0.011146496815286623 0.023131672597864767