0 0.18863879957127547 0.2442528735632184 0.021436227224008574 0.044061302681992334
0 0.3011789924973205 0.2231800766283525 0.015005359056806002 0.028735632183908046
0 0.34726688102893893 0.18582375478927204 0.012861736334405145 0.03065134099616858
0 0.41961414790996787 0.2547892720306513 0.01607717041800643 0.038314176245210725
0 0.4062165058949625 0.19444444444444445 0.015005359056806002 0.032567049808429116
0 0.43944265809217575 0.2222222222222222 0.01714898177920686 0.02681992337164751
0 0.44212218649517687 0.1685823754789272 0.011789924973204717 0.03065134099616858
0 0.4758842443729904 0.171455938697318 0.01714898177920686 0.040229885057471264
0 0.45016077170418006 0.13218390804597702 0.012861736334405145 0.022988505747126436
0 0.5369774919614148 0.1810344827586207 0.015005359056806002 0.032567049808429116
0 0.5412647374062165 0.15804597701149425 0.015005359056806002 0.028735632183908046
0 0.6211146838156485 0.11398467432950192 0.011789924973204717 0.028735632183908046
0 0.6237942122186495 0.2988505747126437 0.023579849946409433 0.06130268199233716
0 0.6564844587352626 0.36015325670498083 0.031082529474812434 0.06896551724137931
0 0.6189710610932476 0.20114942528735633 0.01822079314040729 0.0421455938697318
0 0.6613076098606645 0.20881226053639848 0.01929260450160772 0.038314176245210725
0 0.6564844587352626 0.1724137931034483 0.013933547695605574 0.02681992337164751
0 0.7159699892818864 0.07088122605363985 0.012861736334405145 0.02681992337164751
0 0.7186495176848875 0.22509578544061304 0.01822079314040729 0.040229885057471264
0 0.6607717041800643 0.28735632183908044 0.01822079314040729 0.038314176245210725
0 0.7909967845659164 0.3381226053639847 0.04072883172561629 0.08620689655172414
0 0.8113612004287245 0.25191570881226055 0.01714898177920686 0.040229885057471264
0 0.8542336548767417 0.25383141762452105 0.01929260450160772 0.04789272030651341
0 0.9206859592711683 0.21551724137931033 0.015005359056806002 0.03639846743295019
0 0.9855305466237942 0.23371647509578544 0.022508038585209004 0.06896551724137931
0 0.9866023579849946 0.3160919540229885 0.020364415862808145 0.08045977011494253