0 0.32151490733279614 0.20702005730659026 0.017727639000805803 0.03008595988538682
0 0.36583400483481066 0.20558739255014327 0.014504431909750202 0.03008595988538682
0 0.3767123287671233 0.18982808022922637 0.0136986301369863 0.027220630372492838
0 0.4101531023368251 0.18051575931232092 0.0128928283642224 0.025787965616045846
0 0.43513295729250606 0.17621776504297995 0.014504431909750202 0.02865329512893983
0 0.43271555197421435 0.15329512893982808 0.011281224818694601 0.022922636103151862
0 0.4476228847703465 0.15401146131805157 0.0136986301369863 0.024355300859598854
0 0.45850120870265915 0.17693409742120345 0.0128928283642224 0.027220630372492838
0 0.47461724415793716 0.18481375358166188 0.0128928283642224 0.03151862464183381
0 0.4572925060435133 0.22994269340974213 0.018533440773569703 0.03581661891117478
0 0.5068493150684932 0.19126074498567336 0.014504431909750202 0.0329512893982808
0 0.48509266720386784 0.15329512893982808 0.014504431909750202 0.02005730659025788
0 0.4726027397260274 0.16332378223495703 0.0136986301369863 0.022922636103151862
0 0.4782433521353747 0.13753581661891118 0.012087026591458501 0.02865329512893983
0 0.49637389202256244 0.13968481375358166 0.011281224818694601 0.02148997134670487
0 0.5124899274778405 0.14613180515759314 0.0128928283642224 0.02865329512893983
0 0.5205479452054794 0.17191977077363896 0.0128928283642224 0.034383954154727794
0 0.5547945205479452 0.19555873925501432 0.018533440773569703 0.0329512893982808
0 0.5451248992747784 0.1489971346704871 0.012087026591458501 0.022922636103151862
0 0.5414987912973409 0.1339541547277937 0.011281224818694601 0.02148997134670487
0 0.5741337630942788 0.15472779369627507 0.015310233682514102 0.03151862464183381
0 0.5793714746172441 0.1310888252148997 0.0128928283642224 0.027220630372492838
0 0.5962933118452861 0.13681948424068768 0.014504431909750202 0.0329512893982808
0 0.5983078162771958 0.1683381088825215 0.015310233682514102 0.027220630372492838
0 0.6394037066881547 0.16189111747851004 0.012087026591458501 0.03151862464183381
0 0.6293311845286059 0.14613180515759314 0.011281224818694601 0.025787965616045846
0 0.6196615632554392 0.1167621776504298 0.009669621273166801 0.02148997134670487
0 0.6571313456889605 0.1303724928366762 0.010475423045930701 0.02005730659025788
0 0.6583400483481063 0.11461318051575932 0.008058017727639 0.02005730659025788
0 0.67767929089444 0.12249283667621777 0.011281224818694601 0.02148997134670487
0 0.6845286059629331 0.13968481375358166 0.010475423045930701 0.027220630372492838
0 0.709508460918614 0.12750716332378223 0.010475423045930701 0.02865329512893983
0 0.6253021756647864 0.2134670487106017 0.019339242546333603 0.04011461318051576
0 0.5697018533440773 0.251432664756447 0.020950846091861403 0.04154727793696275
0 0.6619661563255439 0.23065902578796563 0.016921837228041903 0.04297994269340974
0 0.6627719580983078 0.19484240687679083 0.020145044319097503 0.03151862464183381
0 0.6966156325543916 0.18696275071633237 0.0136986301369863 0.0329512893982808
0 0.7127316680096696 0.20415472779369628 0.016921837228041903 0.0329512893982808
0 0.7369057211925866 0.1840974212034384 0.0136986301369863 0.03868194842406877
0 0.7332796132151491 0.15472779369627507 0.011281224818694601 0.02865329512893983
0 0.7630942788074134 0.14469914040114612 0.014504431909750202 0.025787965616045846
0 0.7767929089443997 0.1819484240687679 0.014504431909750202 0.03151862464183381
0 0.7191780821917808 0.2492836676217765 0.020145044319097503 0.045845272206303724
0 0.6905721192586624 0.3108882521489971 0.035455278001611606 0.0659025787965616
0 0.8041901692183723 0.2148997134670487 0.016116035455278 0.03724928366762178
0 0.7973408541498791 0.17550143266475646 0.012087026591458501 0.0329512893982808
0 0.814665592264303 0.19126074498567336 0.0128928283642224 0.03008595988538682
0 0.815068493150685 0.16475644699140402 0.010475423045930701 0.02865329512893983
0 0.8299758259468171 0.14326647564469913 0.0128928283642224 0.02865329512893983
0 0.8348106365834005 0.1840974212034384 0.011281224818694601 0.03008595988538682
0 0.8658340048348107 0.20487106017191978 0.016921837228041903 0.04011461318051576
0 0.8622078968573731 0.14756446991404013 0.011281224818694601 0.02865329512893983
0 0.8883964544721998 0.15974212034383956 0.012087026591458501 0.024355300859598854
0 0.9153908138597905 0.19126074498567336 0.0128928283642224 0.03868194842406877
0 0.8879935535858179 0.2507163323782235 0.014504431909750202 0.034383954154727794
0 0.8795326349717969 0.2822349570200573 0.018533440773569703 0.04871060171919771
0 0.943190975020145 0.2356733524355301 0.015310233682514102 0.04154727793696275
0 0.934730056406124 0.20415472779369628 0.0128928283642224 0.027220630372492838
0 0.9448025785656728 0.18481375358166188 0.010475423045930701 0.022922636103151862