0 0.1981852913085005 0.48111658456486045 0.044890162368672396 0.09195402298850575
0 0.3037249283667622 0.24958949096880131 0.015281757402101241 0.03940886699507389
0 0.33858643744030564 0.28078817733990147 0.02005730659025788 0.04597701149425287
0 0.3553008595988539 0.2569786535303777 0.017191977077363897 0.03776683087027915
0 0.39016236867239734 0.20032840722495895 0.01623686723973257 0.029556650246305417
0 0.43170964660936006 0.21428571428571427 0.015281757402101241 0.034482758620689655
0 0.45367717287488063 0.2200328407224959 0.017191977077363897 0.03284072249589491
0 0.437440305635148 0.17323481116584566 0.013371537726838587 0.031198686371100164
0 0.45463228271251194 0.18883415435139572 0.015281757402101241 0.029556650246305417
0 0.48376313276026744 0.20114942528735633 0.01623686723973257 0.031198686371100164
0 0.45988538681948427 0.15270935960591134 0.014326647564469915 0.019704433497536946
0 0.48758357211079273 0.3185550082101806 0.02387774594078319 0.042692939244663386
0 0.5678127984718243 0.2315270935960591 0.02387774594078319 0.042692939244663386
0 0.563992359121299 0.2988505747126437 0.02387774594078319 0.05582922824302135
0 0.6203438395415473 0.2955665024630542 0.03151862464183381 0.06568144499178982
0 0.6203438395415473 0.24630541871921183 0.02387774594078319 0.04597701149425287
0 0.6322827125119389 0.21182266009852216 0.019102196752626553 0.042692939244663386
0 0.6743075453677173 0.25862068965517243 0.021012416427889206 0.04433497536945813
0 0.6824259789875836 0.20607553366174056 0.021967526265520534 0.04433497536945813
0 0.733046800382044 0.28078817733990147 0.025787965616045846 0.04597701149425287
0 0.7932187201528176 0.30623973727422005 0.021967526265520534 0.054187192118226604
0 0.7020057306590258 0.1592775041050903 0.015281757402101241 0.03284072249589491
0 0.7172874880611271 0.1839080459770115 0.015281757402101241 0.03284072249589491
0 0.7268385864374403 0.13957307060755336 0.015281757402101241 0.029556650246305417
0 0.7082139446036294 0.09770114942528736 0.012416427889207259 0.027914614121510674
0 0.7468958930276982 0.11247947454844007 0.015281757402101241 0.031198686371100164
0 0.7655205348615091 0.11658456486042693 0.012416427889207259 0.022988505747126436
0 0.7674307545367717 0.1477832512315271 0.014326647564469915 0.029556650246305417
0 0.7602674307545367 0.18801313628899835 0.017191977077363897 0.03776683087027915
0 0.8175740210124164 0.1748768472906404 0.015281757402101241 0.03776683087027915
0 0.8404966571155683 0.11986863711001643 0.013371537726838587 0.03940886699507389
0 0.8696275071633238 0.18144499178981938 0.01623686723973257 0.03776683087027915
0 0.8911174785100286 0.229064039408867 0.017191977077363897 0.04433497536945813
0 0.9102196752626552 0.1921182266009852 0.013371537726838587 0.029556650246305417
0 0.9450811843361987 0.18472906403940886 0.01623686723973257 0.04433497536945813
0 0.9465138490926457 0.11904761904761904 0.013371537726838587 0.031198686371100164
0 0.438872970391595 0.28078817733990147 0.025787965616045846 0.052545155993431854
0 0.620821394460363 0.10098522167487685 0.009551098376313277 0.024630541871921183
0 0.6298949379178606 0.11247947454844007 0.010506208213944603 0.021346469622331693
0 0.5902578796561605 0.1568144499178982 0.011461318051575931 0.024630541871921183
0 0.5085959885386819 0.16666666666666666 0.014326647564469915 0.031198686371100164
0 0.5487106017191977 0.1297208538587849 0.012416427889207259 0.029556650246305417
0 0.543935052531041 0.1444991789819376 0.01623686723973257 0.03284072249589491
0 0.5687679083094556 0.15270935960591134 0.014326647564469915 0.022988505747126436
0 0.5725883476599809 0.11904761904761904 0.010506208213944603 0.024630541871921183
0 0.8299904489016237 0.12643678160919541 0.011461318051575931 0.029556650246305417