0 0.12967382657120127 0.5465924895688457 0.03659506762132061 0.06675938803894298
0 0.2167859984089101 0.34492350486787204 0.016706443914081145 0.03337969401947149
0 0.25218774860779636 0.3497913769123783 0.01909307875894988 0.037552155771905425
0 0.2836117740652347 0.3581363004172462 0.016706443914081145 0.037552155771905425
0 0.31066030230708036 0.3852573018080668 0.01988862370723946 0.03894297635605007
0 0.28042959427207637 0.2948539638386648 0.015115354017501989 0.03337969401947149
0 0.3448687350835322 0.3317107093184979 0.013524264120922832 0.031988873435326845
0 0.34765314240254575 0.2906815020862309 0.012728719172633254 0.027816411682892908
0 0.38663484486873506 0.3219749652294854 0.012728719172633254 0.031988873435326845
0 0.38027048528241847 0.2579972183588317 0.014319809069212411 0.02364394993045897
0 0.4005568814638027 0.26008344923504867 0.011933174224343675 0.019471488178025034
0 0.4033412887828162 0.2858136300417246 0.014319809069212411 0.02364394993045897
0 0.4049323786793954 0.32127955493741306 0.017501988862370723 0.03616133518776078
0 0.42720763723150357 0.347009735744089 0.017501988862370723 0.03477051460361613
0 0.4200477326968974 0.2698191933240612 0.012728719172633254 0.025034770514603615
0 0.42800318217979316 0.2955493741307371 0.014319809069212411 0.02920723226703755
0 0.4590294351630867 0.30180806675938804 0.014319809069212411 0.025034770514603615
0 0.4184566428003182 0.2426981919332406 0.012728719172633254 0.02364394993045897
0 0.4419252187748608 0.24200278164116829 0.010342084327764518 0.022253129346314324
0 0.4614160700079554 0.22461752433936022 0.00954653937947494 0.02086230876216968
0 0.48488464598249803 0.25869262865090403 0.013524264120922832 0.025034770514603615
0 0.5135242641209228 0.26425591098748263 0.015115354017501989 0.027816411682892908
0 0.5047732696897375 0.2454798331015299 0.008750994431185362 0.02086230876216968
0 0.5063643595863166 0.22878998609179416 0.011933174224343675 0.01808066759388039
0 0.5242641209228321 0.25034770514603616 0.014319809069212411 0.030598052851182198
0 0.5417661097852029 0.2753824756606398 0.012728719172633254 0.027816411682892908
0 0.49801113762927607 0.3198887343532684 0.015910898965791568 0.03337969401947149
0 0.5572792362768496 0.26008344923504867 0.015115354017501989 0.030598052851182198
0 0.5381861575178998 0.2211404728789986 0.013524264120922832 0.027816411682892908
0 0.5612569610182976 0.23435326842837273 0.010342084327764518 0.02086230876216968
0 0.5608591885441527 0.21279554937413073 0.011137629276054098 0.019471488178025034
0 0.5819411296738266 0.23783031988873435 0.013524264120922832 0.025034770514603615
0 0.5883054892601431 0.21627260083449235 0.010342084327764518 0.02364394993045897
0 0.5974542561654733 0.19819193324061196 0.00954653937947494 0.02364394993045897
0 0.6089896579156723 0.2141863699582754 0.011933174224343675 0.022253129346314324
0 0.6129673826571201 0.24756606397774686 0.013524264120922832 0.022253129346314324
0 0.652744630071599 0.19680111265646733 0.010342084327764518 0.02364394993045897
0 0.6563245823389021 0.22600834492350486 0.00954653937947494 0.02364394993045897
0 0.6650755767700876 0.21696801112656466 0.00954653937947494 0.025034770514603615
0 0.4618138424821002 0.39360222531293465 0.021479713603818614 0.04450625869262865
0 0.5119331742243437 0.4095966620305981 0.023070803500397773 0.0458970792767733
0 0.5202863961813843 0.36439499304589706 0.01909307875894988 0.03616133518776078
0 0.573587907716786 0.3616133518776078 0.020684168655529037 0.05006954102920723
0 0.5795544948289578 0.31710709318497915 0.016706443914081145 0.03337969401947149
0 0.6185361972951472 0.28789986091794156 0.013524264120922832 0.030598052851182198
0 0.6543357199681782 0.27746870653685674 0.015115354017501989 0.02920723226703755
0 0.6284805091487669 0.33101529902642557 0.015910898965791568 0.03616133518776078
0 0.5600636435958631 0.42767732962447846 0.02545743834526651 0.059805285118219746
0 0.6284805091487669 0.456884561891516 0.027048528241845664 0.06258692628650904
0 0.6825775656324582 0.4812239221140473 0.030230708035003977 0.06397774687065369
0 0.7907716785998409 0.5340751043115438 0.02545743834526651 0.06675938803894298
0 0.6503579952267303 0.36369958275382475 0.021479713603818614 0.048678720445062586
0 0.6734287987271281 0.34492350486787204 0.018297533810660304 0.04450625869262865
0 0.6778042959427207 0.28929068150208626 0.014319809069212411 0.03337969401947149
0 0.6929196499602227 0.27816411682892905 0.014319809069212411 0.03337969401947149
0 0.6865552903739062 0.24756606397774686 0.011137629276054098 0.025034770514603615
0 0.7195704057279236 0.24200278164116829 0.011933174224343675 0.030598052851182198
0 0.7279236276849642 0.22461752433936022 0.011137629276054098 0.02364394993045897
0 0.754574383452665 0.2566063977746871 0.015115354017501989 0.031988873435326845
0 0.7609387430389817 0.2329624478442281 0.015115354017501989 0.02642559109874826
0 0.7422434367541766 0.28789986091794156 0.015910898965791568 0.03616133518776078
0 0.7124105011933174 0.3859527121001391 0.021479713603818614 0.0458970792767733
0 0.7935560859188544 0.2899860917941586 0.011933174224343675 0.02364394993045897
0 0.8158313444709626 0.25521557719054244 0.013524264120922832 0.02920723226703755
0 0.8361177406523469 0.26286509040333794 0.015910898965791568 0.03337969401947149
0 0.8476531424025457 0.24895688456189152 0.010342084327764518 0.027816411682892908
0 0.8241845664280032 0.3004172461752434 0.015910898965791568 0.03616133518776078
0 0.7899761336515513 0.3518776077885953 0.017501988862370723 0.03894297635605007
0 0.8003182179793158 0.33936022253129344 0.015910898965791568 0.03616133518776078
0 0.7589498806682577 0.40681502086230875 0.020684168655529037 0.05702364394993046
0 0.8202068416865553 0.4478442280945758 0.02545743834526651 0.0584144645340751
0 0.8818615751789977 0.46453407510431155 0.023070803500397773 0.0584144645340751
0 0.86793953858393 0.3956884561891516 0.020684168655529037 0.0458970792767733
0 0.8297533810660302 0.38803894297635605 0.01909307875894988 0.05006954102920723
0 0.8496420047732697 0.3741307371349096 0.015910898965791568 0.03616133518776078
0 0.8631662688941926 0.3226703755215577 0.015910898965791568 0.03894297635605007
0 0.890612569610183 0.3094575799721836 0.011933174224343675 0.031988873435326845
0 0.9053301511535402 0.3372739916550765 0.015910898965791568 0.04033379694019471
0 0.9128878281622912 0.3678720445062587 0.016706443914081145 0.03477051460361613
0 0.9081145584725537 0.3004172461752434 0.011933174224343675 0.030598052851182198
0 0.9097056483691328 0.25938803894297635 0.011933174224343675 0.031988873435326845
0 0.8735083532219571 0.2705146036161335 0.017501988862370723 0.031988873435326845