0 0.04986020503261883 0.37624584717607973 0.028890959925442685 0.061461794019933555
0 0.2511649580615098 0.28488372093023256 0.017707362534948742 0.03156146179401993
0 0.2721342031686859 0.2707641196013289 0.016775396085740912 0.03322259136212625
0 0.3173345759552656 0.2516611295681063 0.017707362534948742 0.03156146179401993
0 0.31174277726001864 0.21926910299003322 0.017707362534948742 0.029900332225913623
0 0.3341099720410065 0.21843853820598005 0.017707362534948742 0.03156146179401993
0 0.34203168685927304 0.2782392026578073 0.016775396085740912 0.03488372093023256
0 0.34855545200372784 0.2558139534883721 0.016775396085740912 0.036544850498338874
0 0.3956197576887232 0.287375415282392 0.017707362534948742 0.046511627906976744
0 0.3699906803355079 0.21843853820598005 0.014911463187325256 0.03156146179401993
0 0.4063373718546132 0.223421926910299 0.016775396085740912 0.03488372093023256
0 0.38164026095060577 0.19933554817275748 0.013979496738117428 0.026578073089700997
0 0.40354147250698974 0.17358803986710963 0.014911463187325256 0.02823920265780731
0 0.4412861136999068 0.143687707641196 0.010251630941286114 0.02159468438538206
0 0.467381174277726 0.1669435215946844 0.013979496738117428 0.024916943521594685
0 0.4538676607642125 0.20016611295681064 0.014911463187325256 0.03156146179401993
0 0.45293569431500463 0.2367109634551495 0.02050326188257223 0.03488372093023256
0 0.4296365330848089 0.22259136212624583 0.016775396085740912 0.036544850498338874
0 0.42218080149114634 0.19684385382059802 0.016775396085740912 0.03156146179401993
0 0.44175209692451073 0.19102990033222592 0.0130475302889096 0.023255813953488372
0 0.46551724137931033 0.14451827242524917 0.010251630941286114 0.023255813953488372
0 0.4743709226467847 0.1403654485049834 0.011183597390493943 0.024916943521594685
0 0.48555452003727867 0.19601328903654486 0.016775396085740912 0.03986710963455149
0 0.5354147250698975 0.19352159468438537 0.015843429636533086 0.03488372093023256
0 0.527493010251631 0.16362126245847175 0.014911463187325256 0.03156146179401993
0 0.5242311276794035 0.1345514950166113 0.017707362534948742 0.03322259136212625
0 0.5498602050326188 0.11627906976744186 0.0130475302889096 0.029900332225913623
0 0.5419384902143523 0.14119601328903655 0.013979496738117428 0.029900332225913623
0 0.5647716682199441 0.15614617940199335 0.014911463187325256 0.03986710963455149
0 0.5950605778191985 0.1403654485049834 0.015843429636533086 0.03820598006644518
0 0.575955265610438 0.13122923588039867 0.014911463187325256 0.03322259136212625
0 0.5931966449207828 0.09883720930232558 0.012115563839701771 0.02823920265780731
0 0.6090400745573159 0.12209302325581395 0.013979496738117428 0.024916943521594685
0 0.619291705498602 0.09634551495016612 0.012115563839701771 0.026578073089700997
0 0.6397949673811743 0.11710963455149502 0.012115563839701771 0.03156146179401993
0 0.6337371854613234 0.10465116279069768 0.011183597390493943 0.026578073089700997
0 0.6635601118359739 0.11295681063122924 0.011183597390493943 0.023255813953488372
0 0.6812674743709226 0.09966777408637874 0.011183597390493943 0.029900332225913623
0 0.46924510717614165 0.2973421926910299 0.02516309412861137 0.04983388704318937
0 0.5503261882572228 0.2956810631229236 0.023299161230195712 0.053156146179401995
0 0.5582479030754893 0.23421926910299004 0.01863932898415657 0.036544850498338874
0 0.5987884436160298 0.2101328903654485 0.021435228331780055 0.03820598006644518
0 0.6011183597390494 0.25830564784053156 0.02050326188257223 0.04817275747508306
0 0.6565703634669152 0.2666112956810631 0.021435228331780055 0.044850498338870434
0 0.6621621621621622 0.33970099667774084 0.02702702702702703 0.061461794019933555
0 0.5945945945945946 0.33554817275747506 0.0260950605778192 0.06312292358803986
0 0.6626281453867661 0.2059800664451827 0.01863932898415657 0.04318936877076412
0 0.6388630009319665 0.17940199335548174 0.015843429636533086 0.036544850498338874
0 0.6696178937558248 0.14700996677740863 0.015843429636533086 0.03156146179401993
0 0.6817334575955266 0.18604651162790697 0.017707362534948742 0.04318936877076412
0 0.7078285181733458 0.1403654485049834 0.013979496738117428 0.03156146179401993
0 0.7320596458527493 0.18272425249169436 0.015843429636533086 0.03986710963455149
0 0.684995340167754 0.22840531561461794 0.01863932898415657 0.03820598006644518
0 0.7138863000931966 0.29069767441860467 0.0260950605778192 0.059800664451827246
0 0.7735321528424977 0.2782392026578073 0.02050326188257223 0.04817275747508306
0 0.7544268406337372 0.2159468438538206 0.017707362534948742 0.04318936877076412
0 0.8024231127679403 0.24750830564784054 0.01863932898415657 0.04983388704318937
0 0.7413793103448276 0.10963455149501661 0.010251630941286114 0.029900332225913623
0 0.7287977632805219 0.12292358803986711 0.009319664492078284 0.026578073089700997
0 0.7381174277726001 0.1461794019933555 0.0130475302889096 0.029900332225913623
0 0.7558247903075489 0.13372093023255813 0.014911463187325256 0.03488372093023256
0 0.7670083876980429 0.15863787375415284 0.014911463187325256 0.03156146179401993
0 0.771668219944082 0.11877076411960133 0.011183597390493943 0.03488372093023256
0 0.7875116495806151 0.13205980066445183 0.011183597390493943 0.024916943521594685
0 0.8024231127679403 0.13372093023255813 0.0130475302889096 0.024916943521594685
0 0.809878844361603 0.1686046511627907 0.014911463187325256 0.03488372093023256
0 0.787977632805219 0.17857142857142858 0.013979496738117428 0.03488372093023256
0 0.8345759552656105 0.18853820598006646 0.017707362534948742 0.03820598006644518
0 0.8229263746505125 0.13870431893687707 0.011183597390493943 0.03156146179401993
0 0.8513513513513513 0.12624584717607973 0.010251630941286114 0.029900332225913623
0 0.8611369990680335 0.22591362126245848 0.016775396085740912 0.03986710963455149
0 0.8811742777260019 0.19767441860465115 0.012115563839701771 0.03322259136212625
0 0.9137931034482759 0.1893687707641196 0.015843429636533086 0.03986710963455149
0 0.9198508853681268 0.2749169435215947 0.02050326188257223 0.04152823920265781
0 0.918918918918919 0.15614617940199335 0.0130475302889096 0.029900332225913623
0 0.8867660764212488 0.13205980066445183 0.013979496738117428 0.02823920265780731
0 0.8890959925442684 0.16943521594684385 0.0130475302889096 0.026578073089700997
0 0.8732525629077353 0.1719269102990033 0.011183597390493943 0.024916943521594685
0 0.7306616961789375 0.1536544850498339 0.0130475302889096 0.02823920265780731