0 0.06473684210526316 0.2908745247148289 0.024210526315789474 0.053231939163498096
0 0.2873684210526316 0.21673003802281368 0.016842105263157894 0.034220532319391636
0 0.30894736842105264 0.21292775665399238 0.01368421052631579 0.034220532319391636
0 0.32842105263157895 0.21482889733840305 0.014736842105263158 0.034220532319391636
0 0.34842105263157896 0.21387832699619772 0.018947368421052633 0.03231939163498099
0 0.3684210526315789 0.2262357414448669 0.014736842105263158 0.03802281368821293
0 0.3263157894736842 0.18155893536121673 0.014736842105263158 0.03231939163498099
0 0.3636842105263158 0.1796577946768061 0.01368421052631579 0.028517110266159697
0 0.3726315789473684 0.16539923954372623 0.01263157894736842 0.026615969581749048
0 0.3742105263157895 0.20437262357414449 0.015789473684210527 0.028517110266159697
0 0.4052631578947368 0.23669201520912547 0.016842105263157894 0.03612167300380228
0 0.4394736842105263 0.24049429657794677 0.017894736842105262 0.039923954372623575
0 0.4468421052631579 0.20627376425855512 0.015789473684210527 0.03231939163498099
0 0.43315789473684213 0.1967680608365019 0.01368421052631579 0.028517110266159697
0 0.41526315789473683 0.19771863117870722 0.017894736842105262 0.03802281368821293
0 0.40157894736842104 0.16254752851711027 0.01368421052631579 0.03612167300380228
0 0.4226315789473684 0.1482889733840304 0.011578947368421053 0.030418250950570342
0 0.4394736842105263 0.1473384030418251 0.01368421052631579 0.028517110266159697
0 0.47736842105263155 0.14163498098859315 0.011578947368421053 0.024714828897338403
0 0.4663157894736842 0.1311787072243346 0.010526315789473684 0.026615969581749048
0 0.5078947368421053 0.17680608365019013 0.015789473684210527 0.030418250950570342
0 0.48947368421052634 0.19011406844106463 0.01263157894736842 0.026615969581749048
0 0.49315789473684213 0.11692015209125475 0.009473684210526316 0.017110266159695818
0 0.5094736842105263 0.1444866920152091 0.014736842105263158 0.022813688212927757
0 0.5436842105263158 0.15779467680608364 0.015789473684210527 0.026615969581749048
0 0.5505263157894736 0.1806083650190114 0.016842105263157894 0.03802281368821293
0 0.58 0.16634980988593157 0.016842105263157894 0.03612167300380228
0 0.5878947368421052 0.13783269961977188 0.011578947368421053 0.028517110266159697
0 0.6368421052631579 0.14923954372623574 0.014736842105263158 0.024714828897338403
0 0.618421052631579 0.13403041825095058 0.01368421052631579 0.028517110266159697
0 0.5905263157894737 0.10361216730038023 0.008421052631578947 0.02091254752851711
0 0.5563157894736842 0.11406844106463879 0.011578947368421053 0.022813688212927757
0 0.5257894736842105 0.11311787072243346 0.011578947368421053 0.024714828897338403
0 0.5594736842105263 0.1435361216730038 0.01368421052631579 0.024714828897338403
0 0.5447368421052632 0.1359315589353612 0.011578947368421053 0.02091254752851711
0 0.5321052631578947 0.13783269961977188 0.009473684210526316 0.02091254752851711
0 0.6021052631578947 0.10931558935361217 0.008421052631578947 0.02091254752851711
0 0.641578947368421 0.11026615969581749 0.009473684210526316 0.022813688212927757
0 0.6484210526315789 0.1444866920152091 0.010526315789473684 0.022813688212927757
0 0.6142105263157894 0.11311787072243346 0.009473684210526316 0.02091254752851711
0 0.6721052631578948 0.1112167300380228 0.011578947368421053 0.028517110266159697
0 0.6847368421052632 0.10741444866920152 0.009473684210526316 0.024714828897338403
0 0.7063157894736842 0.10741444866920152 0.010526315789473684 0.024714828897338403
0 0.5710526315789474 0.23859315589353614 0.022105263157894735 0.04752851711026616
0 0.611578947368421 0.23859315589353614 0.023157894736842106 0.04752851711026616
0 0.6647368421052632 0.17870722433460076 0.01368421052631579 0.034220532319391636
0 0.6963157894736842 0.17015209125475286 0.01368421052631579 0.03612167300380228
0 0.7136842105263158 0.17870722433460076 0.014736842105263158 0.03802281368821293
0 0.7242105263157895 0.14258555133079848 0.014736842105263158 0.030418250950570342
0 0.741578947368421 0.12927756653992395 0.011578947368421053 0.030418250950570342
0 0.7021052631578948 0.3127376425855513 0.02736842105263158 0.055133079847908745
0 0.6894736842105263 0.25285171102661597 0.018947368421052633 0.045627376425855515
0 0.6747368421052632 0.22813688212927757 0.016842105263157894 0.04182509505703422
0 0.7157894736842105 0.22813688212927757 0.018947368421052633 0.04182509505703422
0 0.7410526315789474 0.19961977186311788 0.016842105263157894 0.03802281368821293
0 0.728421052631579 0.1758555133079848 0.01263157894736842 0.03231939163498099
0 0.7647368421052632 0.12642585551330798 0.009473684210526316 0.028517110266159697
0 0.7757894736842105 0.13688212927756654 0.010526315789473684 0.026615969581749048
0 0.7857894736842105 0.15874524714828897 0.015789473684210527 0.028517110266159697
0 0.7978947368421052 0.12927756653992395 0.008421052631578947 0.022813688212927757
0 0.76 0.2338403041825095 0.021052631578947368 0.045627376425855515
0 0.7905263157894736 0.19866920152091255 0.016842105263157894 0.043726235741444866
0 0.7631578947368421 0.3431558935361217 0.02736842105263158 0.06273764258555133
0 0.7768421052631579 0.2813688212927757 0.021052631578947368 0.053231939163498096
0 0.8121052631578948 0.2813688212927757 0.017894736842105262 0.04182509505703422
0 0.8357894736842105 0.21482889733840305 0.014736842105263158 0.034220532319391636
0 0.8110526315789474 0.13212927756653992 0.009473684210526316 0.02091254752851711
0 0.8394736842105263 0.14923954372623574 0.011578947368421053 0.024714828897338403
0 0.8494736842105263 0.1435361216730038 0.008421052631578947 0.024714828897338403
0 0.8647368421052631 0.16920152091254753 0.01368421052631579 0.034220532319391636
0 0.8889473684210526 0.17015209125475286 0.01368421052631579 0.03231939163498099
0 0.9242105263157895 0.19866920152091255 0.014736842105263158 0.03231939163498099
0 0.9436842105263158 0.18346007604562736 0.011578947368421053 0.03231939163498099
0 0.9142105263157895 0.217680608365019 0.015789473684210527 0.03612167300380228
0 0.8963157894736842 0.21958174904942965 0.015789473684210527 0.03231939163498099
0 0.9289473684210526 0.25190114068441066 0.017894736842105262 0.039923954372623575
0 0.8768421052631579 0.23098859315589354 0.016842105263157894 0.043726235741444866
0 0.901578947368421 0.15114068441064638 0.011578947368421053 0.028517110266159697
0 0.8168421052631579 0.16539923954372623 0.016842105263157894 0.034220532319391636
0 0.901578947368421 0.36216730038022815 0.02631578947368421 0.058935361216730035