0 0.18694362017804153 0.443859649122807 0.04154302670623145 0.08070175438596491
0 0.3397626112759644 0.2482456140350877 0.020771513353115726 0.043859649122807015
0 0.38526211671612265 0.24649122807017543 0.024727992087042534 0.04035087719298246
0 0.4421364985163205 0.26052631578947366 0.017804154302670624 0.04035087719298246
0 0.4960435212660732 0.22456140350877193 0.02274975272007913 0.03508771929824561
0 0.4406528189910979 0.21842105263157896 0.016815034619188922 0.03333333333333333
0 0.39020771513353114 0.19473684210526315 0.016815034619188922 0.031578947368421054
0 0.3644906033630069 0.19298245614035087 0.01483679525222552 0.028070175438596492
0 0.42136498516320475 0.18333333333333332 0.01582591493570722 0.03333333333333333
0 0.46933728981206724 0.18596491228070175 0.018793273986152326 0.031578947368421054
0 0.4648862512363996 0.14385964912280702 0.013847675568743818 0.02456140350877193
0 0.49851632047477745 0.12982456140350876 0.011869436201780416 0.02456140350877193
0 0.5247279920870426 0.1307017543859649 0.010880316518298714 0.02280701754385965
0 0.5405539070227497 0.1307017543859649 0.012858555885262116 0.01929824561403509
0 0.5118694362017804 0.18859649122807018 0.016815034619188922 0.02982456140350877
0 0.536597428288823 0.19824561403508772 0.020771513353115726 0.031578947368421054
0 0.5850642927794263 0.17543859649122806 0.01483679525222552 0.031578947368421054
0 0.5776458951533135 0.12368421052631579 0.009891196834817012 0.02982456140350877
0 0.615727002967359 0.11228070175438597 0.010880316518298714 0.021052631578947368
0 0.619188921859545 0.1412280701754386 0.013847675568743818 0.02631578947368421
0 0.6350148367952523 0.25701754385964914 0.019782393669634024 0.043859649122807015
0 0.5840751730959446 0.24298245614035088 0.02274975272007913 0.04035087719298246
0 0.6275964391691394 0.21140350877192982 0.018793273986152326 0.03333333333333333
0 0.6547972304648862 0.1824561403508772 0.021760633036597428 0.03508771929824561
0 0.7457962413452027 0.17719298245614035 0.013847675568743818 0.028070175438596492
0 0.7309594460929772 0.15087719298245614 0.011869436201780416 0.02456140350877193
0 0.6978239366963402 0.17017543859649123 0.018793273986152326 0.02456140350877193
0 0.6963402571711177 0.20350877192982456 0.01582591493570722 0.03508771929824561
0 0.7156280909990109 0.22631578947368422 0.018793273986152326 0.0456140350877193
0 0.7596439169139466 0.26228070175438595 0.017804154302670624 0.03333333333333333
0 0.6661721068249258 0.27631578947368424 0.026706231454005934 0.04736842105263158
0 0.7720079129574678 0.3026315789473684 0.02274975272007913 0.05087719298245614
0 0.8006923837784372 0.30526315789473685 0.018793273986152326 0.0456140350877193
0 0.8343224530168151 0.3131578947368421 0.024727992087042534 0.05087719298245614
0 0.8635014836795252 0.28157894736842104 0.019782393669634024 0.04035087719298246
0 0.9099901088031652 0.3473684210526316 0.02373887240356083 0.05964912280701754
0 0.9258160237388724 0.312280701754386 0.017804154302670624 0.042105263157894736
0 0.9263105835806132 0.20175438596491227 0.016815034619188922 0.042105263157894736
0 0.9460929772502473 0.1780701754385965 0.010880316518298714 0.03333333333333333
0 0.8615232443125618 0.1912280701754386 0.013847675568743818 0.031578947368421054
0 0.8877349159248269 0.2307017543859649 0.018793273986152326 0.04035087719298246
0 0.8343224530168151 0.23333333333333334 0.016815034619188922 0.03508771929824561
0 0.8471810089020771 0.2043859649122807 0.016815034619188922 0.02982456140350877
0 0.8372898120672602 0.18596491228070175 0.016815034619188922 0.031578947368421054
0 0.9307616221562809 0.28596491228070176 0.01582591493570722 0.03859649122807018