0 0.33058305830583057 0.47297297297297297 0.0627062706270627 0.11969111969111969
0 0.28657865786578657 0.20945945945945946 0.0165016501650165 0.02895752895752896
0 0.3107810781078108 0.2249034749034749 0.014301430143014302 0.02895752895752896
0 0.32453245324532454 0.18436293436293436 0.0176017601760176 0.02895752895752896
0 0.3261826182618262 0.22104247104247104 0.009900990099009901 0.02895752895752896
0 0.33663366336633666 0.2277992277992278 0.0176017601760176 0.03474903474903475
0 0.3465346534653465 0.24034749034749034 0.022002200220022004 0.03667953667953668
0 0.38943894389438943 0.23552123552123552 0.0176017601760176 0.03474903474903475
0 0.36633663366336633 0.18436293436293436 0.015401540154015401 0.03667953667953668
0 0.44114411441144114 0.24227799227799227 0.0176017601760176 0.04054054054054054
0 0.3910891089108911 0.2084942084942085 0.0121012101210121 0.03474903474903475
0 0.4444444444444444 0.20656370656370657 0.015401540154015401 0.03861003861003861
0 0.3866886688668867 0.15733590733590733 0.0121012101210121 0.02895752895752896
0 0.3965896589658966 0.19884169884169883 0.0165016501650165 0.03088803088803089
0 0.4136413641364136 0.1833976833976834 0.013201320132013201 0.019305019305019305
0 0.4207920792079208 0.1554054054054054 0.009900990099009901 0.021235521235521235
0 0.4383938393839384 0.16216216216216217 0.0165016501650165 0.03088803088803089
0 0.4592959295929593 0.17857142857142858 0.0165016501650165 0.03667953667953668
0 0.47194719471947194 0.15637065637065636 0.0088008800880088 0.03474903474903475
0 0.49064906490649063 0.15926640926640925 0.011001100110011002 0.02895752895752896
0 0.4812981298129813 0.138996138996139 0.007700770077007701 0.03088803088803089
0 0.517051705170517 0.1303088803088803 0.011001100110011002 0.032818532818532815
0 0.5236523652365237 0.17567567567567569 0.015401540154015401 0.03474903474903475
0 0.5484048404840484 0.15444015444015444 0.0165016501650165 0.023166023166023165
0 0.5528052805280528 0.1833976833976834 0.014301430143014302 0.04633204633204633
0 0.5742574257425742 0.2171814671814672 0.022002200220022004 0.04054054054054054
0 0.5759075907590759 0.12837837837837837 0.014301430143014302 0.032818532818532815
0 0.5891089108910891 0.15637065637065636 0.014301430143014302 0.03088803088803089
0 0.5913091309130913 0.11583011583011583 0.0121012101210121 0.03088803088803089
0 0.647964796479648 0.11196911196911197 0.013201320132013201 0.03088803088803089
0 0.6144114411441144 0.12162162162162163 0.0121012101210121 0.019305019305019305
0 0.6243124312431243 0.138996138996139 0.0165016501650165 0.03861003861003861
0 0.6089108910891089 0.21235521235521235 0.020902090209020903 0.03861003861003861
0 0.6331133113311331 0.2306949806949807 0.0231023102310231 0.052123552123552123
0 0.6732673267326733 0.3233590733590734 0.026402640264026403 0.0637065637065637
0 0.687018701870187 0.2577220077220077 0.020902090209020903 0.04054054054054054
0 0.6749174917491749 0.2249034749034749 0.0231023102310231 0.04826254826254826
0 0.6562156215621562 0.17374517374517376 0.0165016501650165 0.03474903474903475
0 0.6424642464246425 0.15733590733590733 0.015401540154015401 0.02895752895752896
0 0.6754675467546755 0.11486486486486487 0.011001100110011002 0.02895752895752896
0 0.6958195819581958 0.111003861003861 0.0121012101210121 0.02895752895752896
0 0.7134213421342134 0.17277992277992277 0.0165016501650165 0.04054054054054054
0 0.7343234323432343 0.23166023166023167 0.0187018701870187 0.03861003861003861
0 0.7293729372937293 0.14671814671814673 0.015401540154015401 0.03861003861003861
0 0.7524752475247525 0.13320463320463322 0.013201320132013201 0.03088803088803089
0 0.7810781078107811 0.12065637065637065 0.011001100110011002 0.02895752895752896
0 0.7838283828382838 0.138996138996139 0.0121012101210121 0.023166023166023165
0 0.8008800880088008 0.13803088803088803 0.013201320132013201 0.025096525096525095
0 0.8327832783278328 0.138996138996139 0.013201320132013201 0.02702702702702703
0 0.8503850385038504 0.14864864864864866 0.013201320132013201 0.03088803088803089
0 0.9053905390539054 0.15154440154440155 0.013201320132013201 0.02895752895752896
0 0.7464246424642464 0.3416988416988417 0.025302530253025302 0.06177606177606178
0 0.742024202420242 0.19401544401544402 0.020902090209020903 0.032818532818532815
0 0.759075907590759 0.24034749034749034 0.022002200220022004 0.04826254826254826
0 0.7920792079207921 0.28378378378378377 0.022002200220022004 0.05405405405405406
0 0.9042904290429042 0.3532818532818533 0.0242024202420242 0.06563706563706563
0 0.7948294829482948 0.2055984555984556 0.0165016501650165 0.03667953667953668
0 0.8256325632563256 0.24806949806949807 0.020902090209020903 0.04826254826254826
0 0.8223322332233224 0.19401544401544402 0.014301430143014302 0.032818532818532815
0 0.8421342134213421 0.21621621621621623 0.0187018701870187 0.04247104247104247
0 0.8657865786578658 0.17567567567567569 0.015401540154015401 0.03474903474903475
0 0.9405940594059405 0.16891891891891891 0.013201320132013201 0.025096525096525095
0 0.907040704070407 0.1998069498069498 0.0121012101210121 0.03667953667953668
0 0.8932893289328933 0.23745173745173745 0.015401540154015401 0.03861003861003861
0 0.9427942794279428 0.25386100386100385 0.015401540154015401 0.03667953667953668
0 0.9345434543454345 0.2055984555984556 0.0121012101210121 0.025096525096525095
0 0.9323432343234324 0.23455598455598456 0.0121012101210121 0.032818532818532815
0 0.9108910891089109 0.17374517374517376 0.013201320132013201 0.02702702702702703
0 0.9367436743674368 0.1833976833976834 0.0121012101210121 0.02702702702702703
0 0.7953795379537953 0.16505791505791506 0.013201320132013201 0.02895752895752896
0 0.8217821782178217 0.16602316602316602 0.013201320132013201 0.023166023166023165
0 0.6793179317931793 0.12934362934362933 0.0121012101210121 0.03088803088803089
0 0.6127612761276128 0.11003861003861004 0.011001100110011002 0.019305019305019305
0 0.4730473047304731 0.19111969111969113 0.0176017601760176 0.02702702702702703
0 0.400990099009901 0.1776061776061776 0.014301430143014302 0.03088803088803089