0 0.10899315738025415 0.45726495726495725 0.06549364613880743 0.11452991452991453
0 0.1348973607038123 0.24017094017094018 0.021505376344086023 0.042735042735042736
0 0.1603128054740958 0.258974358974359 0.02346041055718475 0.05299145299145299
0 0.20967741935483872 0.21794871794871795 0.022482893450635387 0.04957264957264957
0 0.22971652003910067 0.2247863247863248 0.02541544477028348 0.04957264957264957
0 0.28396871945259045 0.2504273504273504 0.020527859237536656 0.03247863247863248
0 0.31867057673509286 0.26324786324786326 0.021505376344086023 0.041025641025641026
0 0.3465298142717498 0.2512820512820513 0.028347996089931573 0.044444444444444446
0 0.34017595307917886 0.21452991452991452 0.019550342130987292 0.035897435897435895
0 0.38220918866080156 0.24358974358974358 0.02346041055718475 0.04957264957264957
0 0.3831867057673509 0.19914529914529913 0.021505376344086023 0.039316239316239315
0 0.41055718475073316 0.20512820512820512 0.021505376344086023 0.037606837606837605
0 0.4173998044965787 0.16153846153846155 0.015640273704789834 0.03247863247863248
0 0.44086021505376344 0.16153846153846155 0.019550342130987292 0.03247863247863248
0 0.4506353861192571 0.20598290598290597 0.021505376344086023 0.042735042735042736
0 0.47458455522971654 0.18632478632478633 0.020527859237536656 0.044444444444444446
0 0.489247311827957 0.16153846153846155 0.01857282502443793 0.035897435897435895
0 0.4814271749755621 0.1452991452991453 0.01857282502443793 0.03418803418803419
0 0.530791788856305 0.15726495726495726 0.017595307917888565 0.03418803418803419
0 0.5562072336265884 0.1829059829059829 0.021505376344086023 0.041025641025641026
0 0.581622678396872 0.11538461538461539 0.015640273704789834 0.02905982905982906
0 0.6177908113391984 0.11367521367521367 0.013685239491691105 0.02905982905982906
0 0.6524926686217009 0.11538461538461539 0.016617790811339198 0.02905982905982906
0 0.5957966764418378 0.2299145299145299 0.022482893450635387 0.042735042735042736
0 0.626099706744868 0.2299145299145299 0.022482893450635387 0.039316239316239315
0 0.6637341153470185 0.2341880341880342 0.02737047898338221 0.04786324786324787
0 0.7174975562072337 0.23247863247863249 0.02346041055718475 0.0547008547008547
0 0.729227761485826 0.14871794871794872 0.019550342130987292 0.037606837606837605
0 0.8010752688172043 0.28205128205128205 0.028347996089931573 0.05811965811965812
0 0.896871945259042 0.30683760683760686 0.028347996089931573 0.06666666666666667
0 0.9154447702834799 0.28205128205128205 0.024437927663734114 0.0547008547008547
0 0.9266862170087976 0.24358974358974358 0.019550342130987292 0.039316239316239315
0 0.8885630498533724 0.23931623931623933 0.019550342130987292 0.05128205128205128
0 0.8993157380254154 0.20170940170940171 0.015640273704789834 0.041025641025641026
0 0.9330400782013685 0.20427350427350427 0.016617790811339198 0.039316239316239315
0 0.9511241446725318 0.17435897435897435 0.013685239491691105 0.03418803418803419