0 0.16755888650963596 0.4779693486590038 0.06531049250535331 0.12835249042145594
0 0.31049250535331907 0.23659003831417624 0.021413276231263382 0.044061302681992334
0 0.3431477516059957 0.19923371647509577 0.022483940042826552 0.05363984674329502
0 0.4138115631691649 0.20019157088122605 0.020342612419700215 0.04789272030651341
0 0.4100642398286938 0.16091954022988506 0.017130620985010708 0.038314176245210725
0 0.42987152034261245 0.1743295019157088 0.013918629550321198 0.034482758620689655
0 0.45021413276231265 0.19731800766283525 0.02462526766595289 0.04980842911877394
0 0.4801927194860814 0.22796934865900384 0.022483940042826552 0.04597701149425287
0 0.44914346895074947 0.14272030651340997 0.018201284796573874 0.03639846743295019
0 0.525695931477516 0.20402298850574713 0.02569593147751606 0.06321839080459771
0 0.566916488222698 0.2509578544061303 0.028907922912205567 0.05363984674329502
0 0.5583511777301927 0.1772030651340996 0.016059957173447537 0.03639846743295019
0 0.5085653104925053 0.13505747126436782 0.014989293361884369 0.028735632183908046
0 0.4657387580299786 0.15134099616858238 0.01284796573875803 0.03065134099616858
0 0.48982869379014987 0.1657088122605364 0.018201284796573874 0.032567049808429116
0 0.4689507494646681 0.1839080459770115 0.017130620985010708 0.034482758620689655
0 0.46948608137044967 0.13218390804597702 0.011777301927194861 0.02681992337164751
0 0.48822269807280516 0.1417624521072797 0.01284796573875803 0.02681992337164751
0 0.541220556745182 0.13697318007662834 0.013918629550321198 0.028735632183908046
0 0.5342612419700214 0.11877394636015326 0.01284796573875803 0.022988505747126436
0 0.5508565310492506 0.11973180076628352 0.013918629550321198 0.028735632183908046
0 0.5610278372591007 0.13697318007662834 0.014989293361884369 0.028735632183908046
0 0.5872591006423983 0.15517241379310345 0.020342612419700215 0.034482758620689655
0 0.6236616702355461 0.1388888888888889 0.016059957173447537 0.032567049808429116
0 0.6547109207708779 0.13697318007662834 0.016059957173447537 0.032567049808429116
0 0.6338329764453962 0.19444444444444445 0.019271948608137045 0.04789272030651341
0 0.6209850107066381 0.24042145593869732 0.02569593147751606 0.04789272030651341
0 0.6279443254817987 0.303639846743295 0.031049250535331904 0.06704980842911877
0 0.661134903640257 0.2777777777777778 0.022483940042826552 0.06130268199233716
0 0.6638115631691649 0.2222222222222222 0.023554603854389723 0.05363984674329502
0 0.6648822269807281 0.18199233716475097 0.021413276231263382 0.04597701149425287
0 0.699678800856531 0.15804597701149425 0.013918629550321198 0.040229885057471264
0 0.7168094218415417 0.23659003831417624 0.022483940042826552 0.05555555555555555
0 0.702355460385439 0.19540229885057472 0.019271948608137045 0.0421455938697318
0 0.734475374732334 0.1781609195402299 0.019271948608137045 0.0421455938697318
0 0.7537473233404711 0.1475095785440613 0.017130620985010708 0.0421455938697318
0 0.75 0.1206896551724138 0.018201284796573874 0.038314176245210725
0 0.778372591006424 0.12643678160919541 0.017130620985010708 0.038314176245210725
0 0.7714132762312634 0.17337164750957854 0.016059957173447537 0.03639846743295019
0 0.7971092077087795 0.1685823754789272 0.016059957173447537 0.034482758620689655
0 0.7858672376873662 0.2164750957854406 0.019271948608137045 0.04980842911877394
0 0.8302997858672377 0.16666666666666666 0.016059957173447537 0.0421455938697318
0 0.8078158458244111 0.19731800766283525 0.016059957173447537 0.0421455938697318
0 0.80406852248394 0.289272030651341 0.023554603854389723 0.06130268199233716
0 0.693254817987152 0.3496168582375479 0.031049250535331904 0.07471264367816093
0 0.8463597430406852 0.3448275862068966 0.02462526766595289 0.06513409961685823
0 0.867237687366167 0.2825670498084291 0.023554603854389723 0.06321839080459771
0 0.8501070663811563 0.21168582375478928 0.017130620985010708 0.044061302681992334
0 0.8142398286937902 0.26053639846743293 0.02462526766595289 0.05747126436781609
0 0.826017130620985 0.2231800766283525 0.018201284796573874 0.040229885057471264
0 0.8683083511777302 0.17337164750957854 0.014989293361884369 0.040229885057471264
0 0.8822269807280514 0.2231800766283525 0.019271948608137045 0.05938697318007663
0 0.8886509635974305 0.19348659003831417 0.017130620985010708 0.0421455938697318
0 0.9041755888650964 0.19348659003831417 0.018201284796573874 0.0421455938697318
0 0.9293361884368309 0.23467432950191572 0.023554603854389723 0.05555555555555555
0 0.9223768736616702 0.2940613026819923 0.02462526766595289 0.05938697318007663
0 0.9057815845824411 0.35823754789272033 0.029978586723768737 0.07662835249042145
0 0.9127408993576017 0.4454022988505747 0.033190578158458245 0.08237547892720307