0 0.20829450139794967 0.35903814262023215 0.049394221808014914 0.1011608623548922
0 0.2809878844361603 0.25787728026533996 0.0195712954333644 0.03814262023217247
0 0.3271202236719478 0.2769485903814262 0.01863932898415657 0.04311774461028192
0 0.34203168685927304 0.2669983416252073 0.01863932898415657 0.03648424543946932
0 0.35414725069897485 0.21475953565505804 0.016775396085740912 0.03814262023217247
0 0.3783783783783784 0.21061359867330018 0.02050326188257223 0.04311774461028192
0 0.418452935694315 0.21393034825870647 0.02050326188257223 0.03648424543946932
0 0.4384902143522833 0.23217247097844113 0.017707362534948742 0.03648424543946932
0 0.4254426840633737 0.28192371475953565 0.023299161230195712 0.04643449419568822
0 0.4217148182665424 0.175787728026534 0.017707362534948742 0.03316749585406302
0 0.43988816402609504 0.19071310116086235 0.016775396085740912 0.03648424543946932
0 0.46458527493010254 0.19651741293532338 0.017707362534948742 0.03150912106135987
0 0.4426840633737186 0.1558872305140962 0.014911463187325256 0.029850746268656716
0 0.4543336439888164 0.16417910447761194 0.0195712954333644 0.029850746268656716
0 0.4958061509785648 0.16749585406301823 0.016775396085740912 0.03648424543946932
0 0.48136067101584346 0.13432835820895522 0.013979496738117428 0.02321724709784411
0 0.5018639328984157 0.19817578772802655 0.0195712954333644 0.03150912106135987
0 0.5228331780055918 0.1932006633499171 0.01863932898415657 0.03482587064676617
0 0.5158434296365331 0.13764510779436154 0.017707362534948742 0.03316749585406302
0 0.532618825722274 0.1310116086235489 0.015843429636533086 0.026533996683250415
0 0.5517241379310345 0.15671641791044777 0.01863932898415657 0.03814262023217247
0 0.5521901211556384 0.11857379767827529 0.012115563839701771 0.024875621890547265
0 0.5694315004659832 0.15671641791044777 0.014911463187325256 0.028192371475953566
0 0.5880708294501398 0.1077943615257048 0.0130475302889096 0.029850746268656716
0 0.6076421248835042 0.12023217247097844 0.014911463187325256 0.03150912106135987
0 0.6840633737185461 0.1044776119402985 0.014911463187325256 0.03648424543946932
0 0.5535880708294502 0.2537313432835821 0.022367194780987885 0.04643449419568822
0 0.4771668219944082 0.33167495854063017 0.03168685927306617 0.06301824212271974
0 0.5396085740913327 0.3200663349917081 0.027958993476234855 0.05306799336650083
0 0.603448275862069 0.3208955223880597 0.02702702702702703 0.05472636815920398
0 0.6020503261882573 0.2504145936981758 0.022367194780987885 0.04975124378109453
0 0.6123019571295434 0.2023217247097844 0.02050326188257223 0.04311774461028192
0 0.6621621621621622 0.20149253731343283 0.021435228331780055 0.04477611940298507
0 0.6761416589002796 0.15920398009950248 0.0195712954333644 0.04311774461028192
0 0.6966449207828518 0.17412935323383086 0.0195712954333644 0.03980099502487562
0 0.7092264678471575 0.20066334991708126 0.024231127679403542 0.04975124378109453
0 0.7087604846225536 0.2769485903814262 0.028890959925442685 0.06301824212271974
0 0.6714818266542405 0.3175787728026534 0.028890959925442685 0.06135986733001658
0 0.6570363466915191 0.26119402985074625 0.024231127679403542 0.04477611940298507
0 0.7707362534948742 0.31592039800995025 0.024231127679403542 0.05804311774461028
0 0.7437092264678472 0.18407960199004975 0.022367194780987885 0.04975124378109453
0 0.7036346691519105 0.14013266998341625 0.014911463187325256 0.03150912106135987
0 0.7297297297297297 0.12686567164179105 0.014911463187325256 0.03482587064676617
0 0.7451071761416589 0.1451077943615257 0.015843429636533086 0.03150912106135987
0 0.7623485554520038 0.12686567164179105 0.01863932898415657 0.028192371475953566
0 0.7511649580615097 0.10862354892205639 0.0130475302889096 0.03150912106135987
0 0.7940354147250699 0.12686567164179105 0.014911463187325256 0.03150912106135987
0 0.8056849953401678 0.1252072968490879 0.013979496738117428 0.028192371475953566
0 0.7958993476234856 0.1824212271973466 0.01863932898415657 0.03980099502487562
0 0.8145386766076421 0.16749585406301823 0.016775396085740912 0.03316749585406302
0 0.8415657036346692 0.1890547263681592 0.02050326188257223 0.04643449419568822
0 0.8671947809878844 0.1285240464344942 0.013979496738117428 0.03482587064676617
0 0.880708294501398 0.1865671641791045 0.016775396085740912 0.03814262023217247
0 0.869990680335508 0.22719734660033167 0.017707362534948742 0.04975124378109453
0 0.9123951537744641 0.18407960199004975 0.02050326188257223 0.04643449419568822
0 0.9091332712022367 0.09867330016583747 0.017707362534948742 0.03150912106135987