0 0.3430286241920591 0.22959183673469388 0.030470914127423823 0.05782312925170068
0 0.40581717451523547 0.20238095238095238 0.02123730378578024 0.04081632653061224
0 0.5595567867036011 0.22959183673469388 0.024007386888273315 0.05102040816326531
0 0.6200369344413665 0.12670068027210885 0.013850415512465374 0.02891156462585034
0 0.6463527239150508 0.1360544217687075 0.01662049861495845 0.030612244897959183
0 0.644506001846722 0.10799319727891156 0.012927054478301015 0.025510204081632654
0 0.7534626038781164 0.12244897959183673 0.012927054478301015 0.027210884353741496
0 0.765466297322253 0.13690476190476192 0.014773776546629732 0.03231292517006803
0 0.8148661126500462 0.25255102040816324 0.017543859649122806 0.04931972789115646
0 0.8850415512465374 0.24744897959183673 0.017543859649122806 0.04591836734693878
0 0.8975069252077562 0.21683673469387754 0.012927054478301015 0.03231292517006803
0 0.9164358264081256 0.23979591836734693 0.01569713758079409 0.04081632653061224