0 0.3764568764568765 0.17295597484276728 0.016317016317016316 0.027253668763102725
0 0.41025641025641024 0.1719077568134172 0.016317016317016316 0.033542976939203356
0 0.4178321678321678 0.1509433962264151 0.01282051282051282 0.029350104821802937
0 0.4364801864801865 0.16561844863731656 0.015151515151515152 0.029350104821802937
0 0.45104895104895104 0.16666666666666666 0.013986013986013986 0.031446540880503145
0 0.458041958041958 0.14255765199161424 0.013986013986013986 0.025157232704402517
0 0.4726107226107226 0.1519916142557652 0.01282051282051282 0.031446540880503145
0 0.4807692307692308 0.1792452830188679 0.017482517482517484 0.03563941299790356
0 0.4825174825174825 0.14675052410901468 0.013986013986013986 0.033542976939203356
0 0.4959207459207459 0.12264150943396226 0.01282051282051282 0.027253668763102725
0 0.5064102564102564 0.13836477987421383 0.015151515151515152 0.025157232704402517
0 0.5198135198135199 0.12473794549266247 0.011655011655011656 0.027253668763102725
0 0.504079254079254 0.1792452830188679 0.017482517482517484 0.03563941299790356
0 0.5407925407925408 0.14570230607966456 0.013986013986013986 0.031446540880503145
0 0.5565268065268065 0.11320754716981132 0.01282051282051282 0.025157232704402517
0 0.5687645687645687 0.13941299790356393 0.016317016317016316 0.031446540880503145
0 0.5792540792540792 0.11006289308176101 0.011655011655011656 0.031446540880503145
0 0.5955710955710956 0.12159329140461216 0.016317016317016316 0.033542976939203356
0 0.5967365967365967 0.1540880503144654 0.013986013986013986 0.031446540880503145
0 0.6107226107226107 0.09748427672955975 0.011655011655011656 0.023060796645702306
0 0.6264568764568764 0.13417190775681342 0.015151515151515152 0.033542976939203356
0 0.6520979020979021 0.10167714884696016 0.01048951048951049 0.027253668763102725
0 0.655011655011655 0.12054507337526206 0.011655011655011656 0.023060796645702306
0 0.6695804195804196 0.1111111111111111 0.015151515151515152 0.029350104821802937
0 0.6194638694638694 0.2190775681341719 0.022144522144522144 0.0440251572327044
0 0.6824009324009324 0.31236897274633124 0.04079254079254079 0.09224318658280922
0 0.6713286713286714 0.22117400419287211 0.02097902097902098 0.0440251572327044
0 0.6777389277389277 0.19077568134171907 0.015151515151515152 0.041928721174004195
0 0.6917249417249417 0.17295597484276728 0.019813519813519812 0.0440251572327044
0 0.7086247086247086 0.1928721174004193 0.023310023310023312 0.05450733752620545
0 0.6975524475524476 0.2358490566037736 0.026806526806526808 0.06079664570230608
0 0.7307692307692307 0.1740041928721174 0.013986013986013986 0.033542976939203356
0 0.7266899766899767 0.14360587002096437 0.017482517482517484 0.027253668763102725
0 0.7255244755244755 0.08280922431865828 0.01282051282051282 0.03563941299790356
0 0.7051282051282052 0.12054507337526206 0.013986013986013986 0.027253668763102725
0 0.7511655011655012 0.1278825995807128 0.015151515151515152 0.03773584905660377
0 0.7651515151515151 0.1289308176100629 0.01282051282051282 0.031446540880503145
0 0.7686480186480187 0.18134171907756813 0.015151515151515152 0.03563941299790356
0 0.7750582750582751 0.1540880503144654 0.013986013986013986 0.031446540880503145
0 0.7954545454545454 0.16037735849056603 0.015151515151515152 0.03563941299790356
0 0.8059440559440559 0.149895178197065 0.017482517482517484 0.031446540880503145
0 0.8193473193473193 0.13522012578616352 0.013986013986013986 0.031446540880503145
0 0.8257575757575758 0.18238993710691823 0.015151515151515152 0.03773584905660377
0 0.7948717948717948 0.20125786163522014 0.02097902097902098 0.03773584905660377
0 0.872960372960373 0.26519916142557654 0.018648018648018648 0.05241090146750524
0 0.8974358974358975 0.20440251572327045 0.016317016317016316 0.03563941299790356
0 0.9102564102564102 0.1761006289308176 0.018648018648018648 0.041928721174004195
0 0.925990675990676 0.23060796645702306 0.019813519813519812 0.03773584905660377
0 0.9318181818181818 0.20964360587002095 0.017482517482517484 0.029350104821802937
0 0.9312354312354313 0.18238993710691823 0.011655011655011656 0.029350104821802937
0 0.958041958041958 0.12578616352201258 0.016317016317016316 0.033542976939203356