0 0.20243673851921273 0.3637873754152824 0.04311152764761012 0.08305647840531562
0 0.2582005623242737 0.28322259136212624 0.015932521087160263 0.02823920265780731
0 0.29990627928772257 0.2541528239202658 0.01499531396438613 0.029900332225913623
0 0.316776007497657 0.24916943521594684 0.016869728209934397 0.029900332225913623
0 0.31958762886597936 0.21843853820598005 0.013120899718837863 0.02823920265780731
0 0.34395501405810686 0.21760797342192692 0.01874414245548266 0.029900332225913623
0 0.3392689784442362 0.26578073089701 0.013120899718837863 0.026578073089700997
0 0.3336457357075914 0.23837209302325582 0.011246485473289597 0.02823920265780731
0 0.38003748828491096 0.2217607973421927 0.01780693533270853 0.03488372093023256
0 0.3683223992502343 0.24667774086378738 0.01874414245548266 0.024916943521594685
0 0.42221180880974696 0.26411960132890366 0.01780693533270853 0.029900332225913623
0 0.4217432052483599 0.22591362126245848 0.020618556701030927 0.03322259136212625
0 0.4564198687910028 0.22757475083056478 0.01874414245548266 0.029900332225913623
0 0.4775070290534208 0.2516611295681063 0.02155576382380506 0.02823920265780731
0 0.38612933458294285 0.1951827242524917 0.01874414245548266 0.02823920265780731
0 0.4208059981255858 0.17275747508305647 0.01874414245548266 0.026578073089700997
0 0.44329896907216493 0.1951827242524917 0.01499531396438613 0.03156146179401993
0 0.4620431115276476 0.19019933554817275 0.01874414245548266 0.02823920265780731
0 0.4536082474226804 0.17026578073089702 0.016869728209934397 0.02823920265780731
0 0.4765698219306467 0.1744186046511628 0.014058106841611996 0.029900332225913623
0 0.4709465791940019 0.1511627906976744 0.014058106841611996 0.026578073089700997
0 0.49531396438612935 0.2059800664451827 0.014058106841611996 0.029900332225913623
0 0.5009372071227741 0.18438538205980065 0.014058106841611996 0.026578073089700997
0 0.5262417994376757 0.21511627906976744 0.01780693533270853 0.03488372093023256
0 0.5243673851921274 0.18687707641196014 0.014058106841611996 0.024916943521594685
0 0.5182755388940956 0.15282392026578073 0.01499531396438613 0.029900332225913623
0 0.5004686035613871 0.14700996677740863 0.011246485473289597 0.024916943521594685
0 0.5412371134020618 0.16528239202657807 0.014058106841611996 0.03156146179401993
0 0.57029053420806 0.18438538205980065 0.02155576382380506 0.029900332225913623
0 0.5726335520149953 0.23588039867109634 0.016869728209934397 0.036544850498338874
0 0.4971883786316776 0.28322259136212624 0.02530459231490159 0.04152823920265781
0 0.5328022492970946 0.34634551495016613 0.029053420805998126 0.044850498338870434
0 0.6012183692596064 0.34136212624584716 0.02530459231490159 0.05149501661129568
0 0.542642924086223 0.14119601328903655 0.011246485473289597 0.016611295681063124
0 0.5328022492970946 0.13205980066445183 0.01218369259606373 0.024916943521594685
0 0.5684161199625117 0.15282392026578073 0.014058106841611996 0.026578073089700997
0 0.6012183692596064 0.15614617940199335 0.01780693533270853 0.03322259136212625
0 0.5899718837863168 0.12541528239202657 0.014058106841611996 0.024916943521594685
0 0.6044985941893158 0.1004983388704319 0.011246485473289597 0.024916943521594685
0 0.6710402999062793 0.11960132890365449 0.011246485473289597 0.026578073089700997
0 0.7099343955014058 0.10132890365448505 0.01218369259606373 0.029900332225913623
0 0.6218369259606373 0.09053156146179402 0.014058106841611996 0.024916943521594685
0 0.6251171508903468 0.07641196013289037 0.016869728209934397 0.026578073089700997
0 0.6077788191190253 0.2666112956810631 0.02155576382380506 0.03820598006644518
0 0.6298031865042174 0.20016611295681064 0.01874414245548266 0.03820598006644518
0 0.6607310215557638 0.20681063122923588 0.01874414245548266 0.03156146179401993
0 0.6499531396438613 0.1893687707641196 0.014058106841611996 0.023255813953488372
0 0.6874414245548266 0.20681063122923588 0.01780693533270853 0.03488372093023256
0 0.6597938144329897 0.2931893687707641 0.020618556701030927 0.03488372093023256
0 0.6757263355201499 0.3446843853820598 0.026241799437675725 0.05149501661129568
0 0.717900656044986 0.292358803986711 0.02436738519212746 0.053156146179401995
0 0.7806935332708529 0.30398671096345514 0.02436738519212746 0.053156146179401995
0 0.7652296157450796 0.2217607973421927 0.019681349578256794 0.04817275747508306
0 0.7460168697282099 0.19601328903654486 0.01499531396438613 0.03322259136212625
0 0.7511715089034676 0.17524916943521596 0.01218369259606373 0.02823920265780731
0 0.7436738519212746 0.14451827242524917 0.015932521087160263 0.029900332225913623
0 0.7202436738519212 0.1686046511627907 0.019681349578256794 0.03488372093023256
0 0.725398313027179 0.1403654485049834 0.01499531396438613 0.02823920265780731
0 0.7460168697282099 0.10465116279069768 0.013120899718837863 0.026578073089700997
0 0.7680412371134021 0.13122923588039867 0.01218369259606373 0.026578073089700997
0 0.7802249297094658 0.12209302325581395 0.01218369259606373 0.02823920265780731
0 0.7970946579194002 0.13704318936877077 0.01218369259606373 0.02823920265780731
0 0.8111527647610122 0.1270764119601329 0.010309278350515464 0.02159468438538206
0 0.7942830365510778 0.18272425249169436 0.015932521087160263 0.029900332225913623
0 0.9245548266166823 0.2799003322259136 0.01780693533270853 0.04152823920265781
0 0.8683223992502344 0.2292358803986711 0.019681349578256794 0.036544850498338874
0 0.8472352389878163 0.19933554817275748 0.011246485473289597 0.03322259136212625
0 0.872539831302718 0.1893687707641196 0.01499531396438613 0.03322259136212625
0 0.8462980318650422 0.16279069767441862 0.01499531396438613 0.029900332225913623
0 0.8289597000937207 0.143687707641196 0.014058106841611996 0.03156146179401993
0 0.8626991565135895 0.14285714285714285 0.014058106841611996 0.029900332225913623
0 0.8978444236176195 0.1686046511627907 0.016869728209934397 0.03156146179401993
0 0.895032802249297 0.1303986710963455 0.013120899718837863 0.03156146179401993
0 0.9208059981255857 0.10132890365448505 0.014058106841611996 0.029900332225913623
0 0.9325210871602624 0.19684385382059802 0.016869728209934397 0.03488372093023256