0 0.0192 0.4002808988764045 0.0256 0.05337078651685393
0 0.2344 0.3265449438202247 0.0192 0.037921348314606744
0 0.2612 0.3356741573033708 0.0216 0.0449438202247191
0 0.2848 0.351123595505618 0.0208 0.047752808988764044
0 0.2812 0.2984550561797753 0.0184 0.037921348314606744
0 0.3352 0.34831460674157305 0.0224 0.047752808988764044
0 0.3736 0.3377808988764045 0.0192 0.037921348314606744
0 0.3688 0.3103932584269663 0.0176 0.033707865168539325
0 0.3528 0.28230337078651685 0.0176 0.03651685393258427
0 0.4012 0.32865168539325845 0.0216 0.03651685393258427
0 0.4424 0.33146067415730335 0.0224 0.03932584269662921
0 0.4052 0.2893258426966292 0.0168 0.03089887640449438
0 0.3964 0.2717696629213483 0.0152 0.026685393258426966
0 0.3932 0.24508426966292135 0.0136 0.026685393258426966
0 0.4244 0.2717696629213483 0.0168 0.032303370786516857
0 0.4212 0.25280898876404495 0.012 0.025280898876404494
0 0.4504 0.23665730337078653 0.0128 0.026685393258426966
0 0.4632 0.2324438202247191 0.0128 0.026685393258426966
0 0.466 0.2633426966292135 0.0184 0.032303370786516857
0 0.464 0.29985955056179775 0.0176 0.02949438202247191
0 0.4404 0.29775280898876405 0.02 0.033707865168539325
0 0.494 0.2563202247191011 0.0168 0.02949438202247191
0 0.5128 0.30407303370786515 0.0192 0.0351123595505618
0 0.5404 0.27668539325842695 0.02 0.042134831460674156
0 0.51 0.238061797752809 0.0152 0.02949438202247191
0 0.542 0.2169943820224719 0.0136 0.023876404494382022
0 0.5264 0.2577247191011236 0.016 0.02949438202247191
0 0.5612 0.23384831460674158 0.0152 0.026685393258426966
0 0.5496 0.24929775280898878 0.0176 0.02949438202247191
0 0.5616 0.21418539325842698 0.0144 0.023876404494382022
0 0.5836 0.2226123595505618 0.0152 0.026685393258426966
0 0.5876 0.24087078651685392 0.0136 0.026685393258426966
0 0.5992 0.19803370786516855 0.0128 0.03089887640449438
0 0.6152 0.2071629213483146 0.0128 0.026685393258426966
0 0.6276 0.21769662921348315 0.0152 0.028089887640449437
0 0.6272 0.24859550561797752 0.0144 0.03089887640449438
0 0.6412 0.20646067415730338 0.012 0.019662921348314606
0 0.6612 0.2226123595505618 0.0168 0.032303370786516857
0 0.6728 0.21980337078651685 0.0112 0.02949438202247191
0 0.6868 0.24648876404494383 0.0152 0.0351123595505618
0 0.6684 0.2563202247191011 0.0168 0.032303370786516857
0 0.6252 0.28651685393258425 0.02 0.03932584269662921
0 0.582 0.32092696629213485 0.0184 0.04353932584269663
0 0.5336 0.39325842696629215 0.0272 0.05337078651685393
0 0.5308 0.351123595505618 0.0248 0.05056179775280899
0 0.4924 0.38553370786516855 0.0264 0.06320224719101124
0 0.6024 0.4199438202247191 0.032 0.0702247191011236
0 0.5984 0.3651685393258427 0.0256 0.05337078651685393
0 0.6368 0.324438202247191 0.0208 0.047752808988764044
0 0.6804 0.3433988764044944 0.0232 0.05196629213483146
0 0.6524 0.37359550561797755 0.0264 0.06179775280898876
0 0.652 0.4353932584269663 0.0352 0.0702247191011236
0 0.7004 0.4964887640449438 0.0408 0.08567415730337079
0 0.7084 0.28230337078651685 0.0152 0.03932584269662921
0 0.7324 0.2598314606741573 0.0152 0.033707865168539325
0 0.7268 0.21348314606741572 0.0152 0.03089887640449438
0 0.7432 0.24157303370786518 0.0144 0.025280898876404494
0 0.7668 0.22401685393258428 0.0152 0.037921348314606744
0 0.7468 0.2731741573033708 0.0184 0.0351123595505618
0 0.794 0.2893258426966292 0.0152 0.03932584269662921
0 0.7924 0.23384831460674158 0.0136 0.026685393258426966
0 0.758 0.2542134831460674 0.0136 0.033707865168539325
0 0.7216 0.38553370786516855 0.0256 0.054775280898876406
0 0.7548 0.398876404494382 0.0264 0.056179775280898875
0 0.7924 0.35674157303370785 0.0232 0.05056179775280899
0 0.8256 0.44592696629213485 0.0352 0.06882022471910113
0 0.8156 0.5154494382022472 0.0392 0.0702247191011236
0 0.8908 0.45786516853932585 0.0328 0.0702247191011236
0 0.8984 0.38974719101123595 0.0272 0.05196629213483146
0 0.9076 0.34480337078651685 0.0184 0.037921348314606744
0 0.8536 0.3574438202247191 0.024 0.046348314606741575
0 0.836 0.40098314606741575 0.024 0.04353932584269663
0 0.8296 0.2970505617977528 0.0176 0.037921348314606744
0 0.8384 0.2731741573033708 0.0144 0.02949438202247191
0 0.8272 0.24648876404494383 0.016 0.032303370786516857
0 0.858 0.2478932584269663 0.0136 0.032303370786516857
0 0.874 0.27598314606741575 0.0168 0.037921348314606744
0 0.8524 0.31109550561797755 0.0168 0.037921348314606744
0 0.9052 0.3089887640449438 0.0136 0.033707865168539325
0 0.9136 0.2851123595505618 0.0112 0.025280898876404494
0 0.9136 0.2675561797752809 0.016 0.032303370786516857