0 0.34009661835748795 0.20689655172413793 0.01932367149758454 0.034482758620689655
0 0.4077294685990338 0.22844827586206898 0.021256038647342997 0.039655172413793106
0 0.41932367149758454 0.21637931034482757 0.015458937198067632 0.032758620689655175
0 0.43719806763285024 0.21724137931034482 0.018357487922705314 0.04482758620689655
0 0.4859903381642512 0.2103448275862069 0.021256038647342997 0.04827586206896552
0 0.4980676328502415 0.1853448275862069 0.020289855072463767 0.039655172413793106
0 0.5014492753623189 0.13275862068965516 0.01352657004830918 0.034482758620689655
0 0.5314009661835749 0.19310344827586207 0.02318840579710145 0.04482758620689655
0 0.5811594202898551 0.1706896551724138 0.018357487922705314 0.041379310344827586
0 0.618840579710145 0.13275862068965516 0.018357487922705314 0.03793103448275862
0 0.6367149758454106 0.2525862068965517 0.025120772946859903 0.056896551724137934
0 0.6603864734299517 0.19051724137931034 0.020289855072463767 0.04655172413793104
0 0.6980676328502415 0.30517241379310345 0.028019323671497585 0.06206896551724138
0 0.7188405797101449 0.18275862068965518 0.021256038647342997 0.03793103448275862
0 0.759903381642512 0.25517241379310346 0.022222222222222223 0.04482758620689655
0 0.8429951690821256 0.3336206896551724 0.024154589371980676 0.0603448275862069
0 0.8647342995169082 0.28706896551724137 0.025120772946859903 0.0603448275862069
0 0.8294685990338164 0.2267241379310345 0.022222222222222223 0.05
0 0.8391304347826087 0.19741379310344828 0.018357487922705314 0.04310344827586207
0 0.8874396135265701 0.22241379310344828 0.018357487922705314 0.041379310344827586
0 0.9231884057971015 0.20689655172413793 0.01642512077294686 0.04482758620689655
0 0.9280193236714975 0.28620689655172415 0.022222222222222223 0.04482758620689655