0 0.041601255886970175 0.5812937062937062 0.04395604395604396 0.11363636363636363
0 0.21114599686028257 0.3006993006993007 0.018838304552590265 0.045454545454545456
0 0.27237048665620095 0.25874125874125875 0.015698587127158554 0.04895104895104895
0 0.3226059654631083 0.2465034965034965 0.01726844583987441 0.038461538461538464
0 0.32888540031397173 0.2159090909090909 0.023547880690737835 0.0472027972027972
0 0.34379905808477235 0.2403846153846154 0.015698587127158554 0.0472027972027972
0 0.3649921507064364 0.21678321678321677 0.012558869701726845 0.03146853146853147
0 0.3649921507064364 0.20017482517482518 0.012558869701726845 0.033216783216783216
0 0.38108320251177397 0.2840909090909091 0.02119309262166405 0.050699300699300696
0 0.4042386185243328 0.19755244755244755 0.015698587127158554 0.04195804195804196
0 0.41051805337519626 0.2491258741258741 0.018838304552590265 0.0472027972027972
0 0.44623233908948196 0.3146853146853147 0.02119309262166405 0.05944055944055944
0 0.4466248037676609 0.19667832167832167 0.015698587127158554 0.04020979020979021
0 0.4811616954474097 0.26486013986013984 0.023547880690737835 0.06118881118881119
0 0.4870486656200942 0.17744755244755245 0.016483516483516484 0.050699300699300696
0 0.5066718995290423 0.1590909090909091 0.01805337519623234 0.03496503496503497
0 0.5058869701726845 0.21241258741258742 0.019623233908948195 0.050699300699300696
0 0.46664050235478804 0.17307692307692307 0.016483516483516484 0.045454545454545456
0 0.542386185243328 0.16783216783216784 0.01726844583987441 0.03496503496503497
0 0.5612244897959183 0.23513986013986013 0.02040816326530612 0.043706293706293704
0 0.565149136577708 0.1486013986013986 0.023547880690737835 0.045454545454545456
0 0.5572998430141287 0.1660839160839161 0.0141287284144427 0.038461538461538464
0 0.5863422291993721 0.13986013986013987 0.015698587127158554 0.04195804195804196
0 0.5835949764521193 0.2097902097902098 0.01805337519623234 0.038461538461538464
0 0.5937990580847724 0.16695804195804195 0.011773940345368918 0.050699300699300696
0 0.6024332810047096 0.1354895104895105 0.014913657770800628 0.04020979020979021
0 0.6401098901098901 0.12937062937062938 0.014913657770800628 0.038461538461538464
0 0.6354003139717426 0.21153846153846154 0.02119309262166405 0.04195804195804196
0 0.67425431711146 0.13286713286713286 0.01726844583987441 0.045454545454545456
0 0.6656200941915228 0.18706293706293706 0.015698587127158554 0.04195804195804196
0 0.6997645211930926 0.13898601398601398 0.02119309262166405 0.04020979020979021
0 0.6927001569858713 0.16083916083916083 0.016483516483516484 0.038461538461538464
0 0.7205651491365777 0.15821678321678323 0.01726844583987441 0.0472027972027972
0 0.6212715855572999 0.3006993006993007 0.02119309262166405 0.06293706293706294
0 0.5643642072213501 0.361013986013986 0.02511773940345369 0.050699300699300696
0 0.6177394034536892 0.3784965034965035 0.023547880690737835 0.057692307692307696
0 0.6640502354788069 0.4195804195804196 0.026687598116169546 0.055944055944055944
0 0.6656200941915228 0.26486013986013984 0.02511773940345369 0.05419580419580419
0 0.7182103610675039 0.22552447552447552 0.02040816326530612 0.045454545454545456
0 0.716640502354788 0.30157342657342656 0.018838304552590265 0.0472027972027972
0 0.7468602825745683 0.21066433566433568 0.014913657770800628 0.05419580419580419
0 0.7849293563579278 0.17832167832167833 0.015698587127158554 0.045454545454545456
0 0.8131868131868132 0.19755244755244755 0.015698587127158554 0.038461538461538464
0 0.7841444270015698 0.22115384615384615 0.018838304552590265 0.03671328671328671
0 0.771585557299843 0.2937062937062937 0.02040816326530612 0.05244755244755245
0 0.7350863422291993 0.40297202797202797 0.027472527472527472 0.05419580419580419
0 0.804945054945055 0.4624125874125874 0.027472527472527472 0.08216783216783216
0 0.8186813186813187 0.3094405594405594 0.01726844583987441 0.05944055944055944
0 0.8292778649921507 0.22727272727272727 0.016483516483516484 0.04895104895104895
0 0.8748037676609105 0.24475524475524477 0.016483516483516484 0.04895104895104895
0 0.8649921507064364 0.354020979020979 0.023547880690737835 0.06468531468531469
0 0.8944270015698587 0.4344405594405594 0.016483516483516484 0.06118881118881119
0 0.8622448979591837 0.5358391608391608 0.036891679748822605 0.10314685314685315
0 0.9077708006279435 0.24825174825174826 0.013343799058084773 0.04195804195804196
0 0.8932496075353218 0.2875874125874126 0.015698587127158554 0.050699300699300696
0 0.9222919937205651 0.33916083916083917 0.0141287284144427 0.045454545454545456
0 0.9364207221350078 0.27797202797202797 0.0141287284144427 0.04195804195804196
0 0.9513343799058085 0.2674825174825175 0.01726844583987441 0.04195804195804196
0 0.9846938775510204 0.2701048951048951 0.019623233908948195 0.0472027972027972
0 0.9752747252747253 0.3155594405594406 0.013343799058084773 0.04020979020979021
0 0.9642857142857143 0.3916083916083916 0.022762951334379906 0.05944055944055944
0 0.957221350078493 0.4554195804195804 0.02433281004709576 0.05419580419580419
0 0.7578492935635793 0.24213286713286714 0.027472527472527472 0.057692307692307696
0 0.792386185243328 0.2631118881118881 0.01805337519623234 0.03671328671328671
0 0.6153846153846154 0.1861888111888112 0.0141287284144427 0.0472027972027972
0 0.6263736263736264 0.16258741258741258 0.02040816326530612 0.038461538461538464
0 0.4258241758241758 0.18444055944055945 0.014913657770800628 0.033216783216783216