0 0.2087912087912088 0.3574007220216607 0.04795204795204795 0.07942238267148015
0 0.3241758241758242 0.1976534296028881 0.016983016983016984 0.03790613718411552
0 0.32017982017982016 0.2355595667870036 0.01898101898101898 0.03790613718411552
0 0.35864135864135865 0.20216606498194944 0.015984015984015984 0.036101083032490974
0 0.7582417582417582 0.12454873646209386 0.013986013986013986 0.02888086642599278
0 0.7862137862137862 0.13537906137184116 0.013986013986013986 0.032490974729241874
0 0.6923076923076923 0.1164259927797834 0.013986013986013986 0.023465703971119134
0 0.8351648351648352 0.15433212996389892 0.017982017982017984 0.030685920577617327
0 0.6428571428571429 0.1092057761732852 0.014985014985014986 0.03429602888086643
0 0.6293706293706294 0.09747292418772563 0.011988011988011988 0.02527075812274368
0 0.5824175824175825 0.09927797833935018 0.00999000999000999 0.021660649819494584
0 0.42807192807192807 0.17328519855595667 0.01898101898101898 0.039711191335740074
0 0.8761238761238761 0.16064981949458484 0.013986013986013986 0.036101083032490974
0 0.9085914085914086 0.16425992779783394 0.01898101898101898 0.032490974729241874
0 0.9470529470529471 0.17779783393501805 0.017982017982017984 0.030685920577617327
0 0.46553446553446554 0.13898916967509026 0.011988011988011988 0.036101083032490974
0 0.499000999000999 0.11913357400722022 0.01098901098901099 0.021660649819494584
0 0.542957042957043 0.12003610108303249 0.014985014985014986 0.03429602888086643
0 0.44755244755244755 0.21931407942238268 0.017982017982017984 0.03429602888086643
0 0.4020979020979021 0.21028880866425992 0.016983016983016984 0.030685920577617327
0 0.5034965034965035 0.20848375451263537 0.01998001998001998 0.03429602888086643
0 0.5984015984015985 0.13808664259927797 0.015984015984015984 0.030685920577617327
0 0.5629370629370629 0.15162454873646208 0.014985014985014986 0.036101083032490974
0 0.5424575424575424 0.18682310469314078 0.01998001998001998 0.04151624548736462
0 0.5144855144855145 0.148014440433213 0.015984015984015984 0.02888086642599278
0 0.49100899100899104 0.17328519855595667 0.014985014985014986 0.02527075812274368
0 0.45754245754245754 0.17328519855595667 0.017982017982017984 0.036101083032490974
0 0.7217782217782218 0.13808664259927797 0.016983016983016984 0.03429602888086643
0 0.7687312687312687 0.1832129963898917 0.014985014985014986 0.03790613718411552
0 0.7027972027972028 0.16064981949458484 0.014985014985014986 0.039711191335740074
0 0.6433566433566433 0.14891696750902528 0.015984015984015984 0.03429602888086643
0 0.6643356643356644 0.12093862815884476 0.015984015984015984 0.036101083032490974
0 0.6743256743256744 0.10830324909747292 0.017982017982017984 0.02888086642599278
0 0.6408591408591409 0.19945848375451264 0.02097902097902098 0.04151624548736462
0 0.531968031968032 0.2770758122743682 0.022977022977022976 0.048736462093862815
0 0.5834165834165834 0.2788808664259928 0.023976023976023976 0.04512635379061372
0 0.5889110889110889 0.2427797833935018 0.024975024975024976 0.05595667870036101
0 0.6258741258741258 0.2951263537906137 0.024975024975024976 0.05956678700361011
0 0.6673326673326674 0.22653429602888087 0.02197802197802198 0.052346570397111915
0 0.6663336663336663 0.16967509025270758 0.017982017982017984 0.04693140794223827
0 0.6743256743256744 0.2888086642599278 0.023976023976023976 0.04332129963898917
0 0.6878121878121878 0.33393501805054154 0.030969030969030968 0.07220216606498195
0 0.7522477522477522 0.41425992779783394 0.03196803196803197 0.0631768953068592
0 0.7372627372627373 0.22292418772563177 0.017982017982017984 0.048736462093862815
0 0.7472527472527473 0.16696750902527077 0.013986013986013986 0.03429602888086643
0 0.8066933066933067 0.18592057761732853 0.01898101898101898 0.05415162454873646
0 0.7897102897102897 0.27617328519855594 0.022977022977022976 0.05415162454873646
0 0.8306693306693307 0.36101083032490977 0.026973026973026972 0.06859205776173286
0 0.8191808191808192 0.2536101083032491 0.02197802197802198 0.05595667870036101
0 0.8336663336663337 0.21209386281588447 0.022977022977022976 0.05956678700361011
0 0.8646353646353646 0.16787003610108303 0.014985014985014986 0.039711191335740074
0 0.8716283716283716 0.21209386281588447 0.01898101898101898 0.048736462093862815
0 0.8721278721278721 0.2644404332129964 0.01998001998001998 0.05956678700361011
0 0.8861138861138861 0.2157039711191336 0.013986013986013986 0.048736462093862815
0 0.903096903096903 0.3167870036101083 0.01998001998001998 0.052346570397111915
0 0.935064935064935 0.2842960288808664 0.025974025974025976 0.05956678700361011
0 0.44405594405594406 0.13989169675090252 0.01098901098901099 0.023465703971119134
0 0.6053946053946054 0.10469314079422383 0.013986013986013986 0.02888086642599278
0 0.5929070929070929 0.17148014440433212 0.01898101898101898 0.036101083032490974
0 0.7022977022977023 0.20848375451263537 0.023976023976023976 0.04151624548736462
0 0.8911088911088911 0.17870036101083034 0.017982017982017984 0.036101083032490974
0 0.7592407592407593 0.14530685920577618 0.013986013986013986 0.03429602888086643
0 0.7952047952047953 0.1624548736462094 0.017982017982017984 0.04332129963898917
0 0.9405594405594405 0.20306859205776173 0.016983016983016984 0.04151624548736462
0 0.8501498501498501 0.19043321299638988 0.017982017982017984 0.048736462093862815
0 0.48801198801198803 0.14350180505415164 0.014985014985014986 0.02707581227436823
0 0.5374625374625375 0.15252707581227437 0.01998001998001998 0.03429602888086643
0 0.9330669330669331 0.2509025270758123 0.023976023976023976 0.04693140794223827