0 0.20058708414872797 0.43257443082311736 0.0410958904109589 0.08056042031523643
0 0.29549902152641877 0.23117338003502627 0.023483365949119372 0.03852889667250438
0 0.30968688845401177 0.22942206654991243 0.022504892367906065 0.03502626970227671
0 0.40998043052837574 0.24430823117338005 0.019569471624266144 0.043782837127845885
0 0.4246575342465753 0.15761821366024517 0.021526418786692758 0.03852889667250438
0 0.47211350293542076 0.15499124343257442 0.016634050880626222 0.040280210157618214
0 0.49853228962818 0.14973730297723292 0.016634050880626222 0.03677758318739054
0 0.4882583170254403 0.17600700525394045 0.019569471624266144 0.03327495621716287
0 0.6971624266144814 0.06567425569176882 0.014677103718199608 0.0297723292469352
0 0.5567514677103719 0.18914185639229422 0.019569471624266144 0.03852889667250438
0 0.6360078277886497 0.2618213660245184 0.0273972602739726 0.050788091068301226
0 0.7343444227005871 0.23117338003502627 0.018590998043052837 0.05253940455341506
0 0.9050880626223092 0.19964973730297722 0.01761252446183953 0.03502626970227671
0 0.9422700587084148 0.2075306479859895 0.01761252446183953 0.03677758318739054
0 0.8987279843444227 0.23204903677758318 0.022504892367906065 0.040280210157618214
0 0.9305283757338552 0.2574430823117338 0.019569471624266144 0.04553415061295972
0 0.4295499021526419 0.15674255691768826 0.015655577299412915 0.03327495621716287