0 0.1715 0.398576512455516 0.053 0.12455516014234876
0 0.339 0.4884341637010676 0.064 0.12633451957295375
0 0.367 0.22953736654804271 0.022 0.046263345195729534
0 0.4105 0.199288256227758 0.017 0.03914590747330961
0 0.429 0.2215302491103203 0.016 0.037366548042704624
0 0.4455 0.2526690391459075 0.023 0.042704626334519574
0 0.4695 0.2313167259786477 0.021 0.03558718861209965
0 0.479 0.19395017793594305 0.02 0.042704626334519574
0 0.588 0.10231316725978648 0.012 0.026690391459074734
0 0.604 0.10409252669039146 0.012 0.019572953736654804
0 0.6395 0.11387900355871886 0.013 0.028469750889679714
0 0.668 0.10765124555160142 0.016 0.026690391459074734
0 0.599 0.21619217081850534 0.022 0.04448398576512456
0 0.6405 0.23576512455516013 0.023 0.051601423487544484