0 0.23456175298804782 0.4095744680851064 0.06274900398406374 0.1347517730496454
0 0.3700199203187251 0.46365248226950356 0.07071713147410359 0.13652482269503546
0 0.24452191235059761 0.16312056737588654 0.022908366533864542 0.0425531914893617
0 0.4048804780876494 0.1976950354609929 0.022908366533864542 0.044326241134751775
0 0.43276892430278885 0.1976950354609929 0.018924302788844622 0.040780141843971635
0 0.4407370517928287 0.25443262411347517 0.02091633466135458 0.047872340425531915
0 0.4636454183266932 0.2198581560283688 0.022908366533864542 0.04609929078014184
0 0.48754980079681276 0.20656028368794327 0.022908366533864542 0.044326241134751775
0 0.5612549800796812 0.18173758865248227 0.026892430278884463 0.05851063829787234
0 0.6384462151394422 0.225177304964539 0.025896414342629483 0.05673758865248227
0 0.5901394422310757 0.10106382978723404 0.014940239043824702 0.031914893617021274
0 0.6100597609561753 0.09219858156028368 0.014940239043824702 0.028368794326241134
0 0.6334661354581673 0.11347517730496454 0.01593625498007968 0.031914893617021274
0 0.6593625498007968 0.10726950354609929 0.01195219123505976 0.030141843971631204