0 0.21415004748338082 0.44191919191919193 0.052231718898385564 0.09595959595959595
0 0.24738841405508072 0.37373737373737376 0.042735042735042736 0.09427609427609428
0 0.29772079772079774 0.2398989898989899 0.023741690408357077 0.045454545454545456
0 0.3409306742640076 0.27946127946127947 0.022792022792022793 0.04713804713804714
0 0.3561253561253561 0.25673400673400676 0.017094017094017096 0.03535353535353535
0 0.3912630579297246 0.18602693602693604 0.020892687559354226 0.04208754208754209
0 0.41927825261158597 0.12457912457912458 0.014245014245014245 0.026936026936026935
0 0.44871794871794873 0.1835016835016835 0.018043684710351376 0.04040404040404041
0 0.4301994301994302 0.21296296296296297 0.020892687559354226 0.03872053872053872
0 0.449667616334283 0.21717171717171718 0.02184235517568851 0.037037037037037035
0 0.43637226970560306 0.2803030303030303 0.02184235517568851 0.04882154882154882
0 0.48480531813865146 0.3148148148148148 0.027540360873694207 0.05387205387205387
0 0.47388414055080724 0.19696969696969696 0.017094017094017096 0.037037037037037035
0 0.456315289648623 0.14225589225589225 0.014245014245014245 0.03198653198653199
0 0.4829059829059829 0.16245791245791247 0.016144349477682812 0.03198653198653199
0 0.4890788224121557 0.12794612794612795 0.013295346628679962 0.02356902356902357
0 0.5137701804368471 0.16835016835016836 0.017094017094017096 0.03367003367003367
0 0.5261158594491928 0.2053872053872054 0.01899335232668566 0.037037037037037035
0 0.5365622032288699 0.13636363636363635 0.015194681861348529 0.04040404040404041
0 0.5565052231718899 0.14225589225589225 0.013295346628679962 0.03198653198653199
0 0.5679012345679012 0.10774410774410774 0.011396011396011397 0.02356902356902357
0 0.5830959164292497 0.15404040404040403 0.017094017094017096 0.03535353535353535
0 0.5982905982905983 0.09006734006734007 0.015194681861348529 0.03535353535353535
0 0.6134852801519468 0.2398989898989899 0.020892687559354226 0.04208754208754209
0 0.6638176638176638 0.25673400673400676 0.022792022792022793 0.05218855218855219
0 0.7217473884140551 0.2769360269360269 0.026590693257359924 0.05555555555555555
0 0.7777777777777778 0.3047138047138047 0.024691358024691357 0.05387205387205387
0 0.688034188034188 0.15151515151515152 0.016144349477682812 0.04040404040404041
0 0.6994301994301995 0.09090909090909091 0.016144349477682812 0.037037037037037035
0 0.7098765432098766 0.17592592592592593 0.018043684710351376 0.03535353535353535
0 0.7150997150997151 0.14393939393939395 0.017094017094017096 0.03872053872053872
0 0.731718898385565 0.16582491582491582 0.014245014245014245 0.02861952861952862
0 0.7488129154795822 0.14225589225589225 0.012345679012345678 0.03198653198653199
0 0.7611585944919278 0.16414141414141414 0.014245014245014245 0.03535353535353535
0 0.7545109211775879 0.10858585858585859 0.010446343779677113 0.025252525252525252
0 0.8152896486229819 0.12626262626262627 0.012345679012345678 0.026936026936026935
0 0.801994301994302 0.17845117845117844 0.016144349477682812 0.04040404040404041
0 0.8547008547008547 0.19107744107744107 0.017094017094017096 0.03872053872053872
0 0.8770180436847104 0.22138047138047137 0.019943019943019943 0.03535353535353535