0 0.07764995891536565 0.5631313131313131 0.051766639276910435 0.1127946127946128
0 0.2029580936729663 0.26851851851851855 0.021364009860312245 0.03872053872053872
0 0.21199671322925226 0.2937710437710438 0.021364009860312245 0.04208754208754209
0 0.26047658175842237 0.24074074074074073 0.018077239112571898 0.04040404040404041
0 0.27608874281018897 0.24831649831649832 0.018077239112571898 0.04882154882154882
0 0.2912900575184881 0.21885521885521886 0.020542317173377157 0.04713804713804714
0 0.32046014790468363 0.23484848484848486 0.01972062448644207 0.05555555555555555
0 0.3319638455217749 0.21885521885521886 0.018077239112571898 0.050505050505050504
0 0.3492193919474117 0.2037037037037037 0.018077239112571898 0.04040404040404041
0 0.35209531635168445 0.27104377104377103 0.02218570254724733 0.05387205387205387
0 0.3820870994248151 0.2558922558922559 0.018077239112571898 0.04377104377104377
0 0.37387017255546423 0.19696969696969696 0.016433853738701727 0.04040404040404041
0 0.41577649958915364 0.1978114478114478 0.016433853738701727 0.03872053872053872
0 0.4264585045193098 0.3021885521885522 0.023007395234182416 0.05218855218855219
0 0.45850451930977815 0.2542087542087542 0.021364009860312245 0.04377104377104377
0 0.4285127362366475 0.17003367003367004 0.01725554642563681 0.04040404040404041
0 0.44124897288414133 0.16666666666666666 0.014790468364831553 0.02356902356902357
0 0.46672144617912903 0.1776094276094276 0.021364009860312245 0.04208754208754209
0 0.4786359901396878 0.1574074074074074 0.015612161051766639 0.03872053872053872
0 0.4847986852917009 0.20875420875420875 0.01972062448644207 0.037037037037037035
0 0.5073952341824157 0.17592592592592593 0.01725554642563681 0.03872053872053872
0 0.5164338537387018 0.16498316498316498 0.015612161051766639 0.037037037037037035
0 0.5373870172555464 0.23232323232323232 0.01972062448644207 0.04713804713804714
0 0.5562859490550535 0.21296296296296297 0.016433853738701727 0.04208754208754209
0 0.5542317173377157 0.1632996632996633 0.018898931799506986 0.04377104377104377
0 0.5435497124075596 0.1414141414141414 0.015612161051766639 0.03367003367003367
0 0.571076417419885 0.1388888888888889 0.014790468364831553 0.03535353535353535
0 0.5875102711585867 0.12962962962962962 0.014790468364831553 0.037037037037037035
0 0.5747740345110929 0.1776094276094276 0.018898931799506986 0.04208754208754209
0 0.5949055053410025 0.15824915824915825 0.014790468364831553 0.030303030303030304
0 0.6035332785538209 0.18097643097643099 0.013968775677896467 0.03535353535353535
0 0.6133935907970419 0.20202020202020202 0.01725554642563681 0.04713804713804714
0 0.6039441248972884 0.2996632996632997 0.024650780608052588 0.05723905723905724
0 0.5669679539852095 0.34175084175084175 0.024650780608052588 0.050505050505050504
0 0.5965488907148726 0.382996632996633 0.027937551355792935 0.06565656565656566
0 0.6224322103533279 0.13552188552188552 0.013968775677896467 0.03872053872053872
0 0.6446179129005751 0.14898989898989898 0.015612161051766639 0.03535353535353535
0 0.6487263763352507 0.18602693602693604 0.015612161051766639 0.03872053872053872
0 0.6594083812654067 0.13468013468013468 0.013968775677896467 0.03367003367003367
0 0.6848808545603944 0.14393939393939395 0.013968775677896467 0.03198653198653199
0 0.6787181594083813 0.16245791245791247 0.014790468364831553 0.04208754208754209
0 0.7058340180772391 0.1574074074074074 0.014790468364831553 0.03535353535353535
0 0.6910435497124076 0.21885521885521886 0.018077239112571898 0.04377104377104377
0 0.6557107641741988 0.25841750841750843 0.02629416598192276 0.05555555555555555
0 0.7198027937551356 0.26515151515151514 0.023007395234182416 0.04208754208754209
0 0.7345932621199671 0.234006734006734 0.01972062448644207 0.04040404040404041
0 0.738290879211175 0.1994949494949495 0.01725554642563681 0.03872053872053872
0 0.7666392769104355 0.1893939393939394 0.018077239112571898 0.04208754208754209
0 0.7744453574363188 0.2079124579124579 0.01725554642563681 0.045454545454545456
0 0.6552999178307313 0.4031986531986532 0.03204601479046836 0.05555555555555555
0 0.7189811010682005 0.4132996632996633 0.03451109285127362 0.06565656565656566
0 0.7469186524239935 0.2878787878787879 0.024650780608052588 0.04713804713804714
0 0.804847986852917 0.19612794612794612 0.018898931799506986 0.03535353535353535
0 0.8159408381265407 0.23063973063973064 0.018077239112571898 0.04040404040404041
0 0.790468364831553 0.26262626262626265 0.021364009860312245 0.05387205387205387
0 0.8114215283483976 0.30303030303030304 0.018898931799506986 0.05723905723905724
0 0.7945768282662284 0.4393939393939394 0.029580936729663106 0.07744107744107744
0 0.8664749383730485 0.48737373737373735 0.030402629416598194 0.07912457912457913
0 0.8566146261298274 0.3771043771043771 0.0238290879211175 0.06060606060606061
0 0.8385373870172556 0.2222222222222222 0.01725554642563681 0.04040404040404041
0 0.8664749383730485 0.2382154882154882 0.01725554642563681 0.03535353535353535
0 0.8763352506162695 0.2281144781144781 0.015612161051766639 0.03872053872053872
0 0.8981101068200493 0.2601010101010101 0.014790468364831553 0.04208754208754209
0 0.9050944946589975 0.23905723905723905 0.013968775677896467 0.03367003367003367
0 0.8660640920295809 0.3164983164983165 0.01972062448644207 0.050505050505050504
0 0.885784716516023 0.2988215488215488 0.016433853738701727 0.04208754208754209
0 0.9252259654889071 0.335016835016835 0.016433853738701727 0.050505050505050504
0 0.8886606409202958 0.3956228956228956 0.0238290879211175 0.05387205387205387
0 0.9453574363188167 0.3888888888888889 0.020542317173377157 0.05723905723905724
0 0.9593262119967132 0.44612794612794615 0.025472473294987676 0.07744107744107744
0 0.9732949876746096 0.3720538720538721 0.018898931799506986 0.04713804713804714
0 0.9732949876746096 0.3425925925925926 0.015612161051766639 0.045454545454545456
0 0.9737058340180772 0.3148148148148148 0.016433853738701727 0.04040404040404041
0 0.9276910435497124 0.27525252525252525 0.014790468364831553 0.04208754208754209
0 0.9531635168447001 0.255050505050505 0.01314708299096138 0.04208754208754209
0 0.9860312243221035 0.2617845117845118 0.01314708299096138 0.03872053872053872