0 0.9167437557816837 0.29194078947368424 0.018501387604070305 0.054276315789473686
0 0.8570767807585569 0.22450657894736842 0.013876040703052728 0.04111842105263158
0 0.8769657724329325 0.19490131578947367 0.014801110083256245 0.03782894736842105
0 0.913968547641073 0.20230263157894737 0.014801110083256245 0.039473684210526314
0 0.8852913968547641 0.16447368421052633 0.011100832562442183 0.023026315789473683
0 0.8880666049953746 0.13651315789473684 0.009250693802035153 0.02631578947368421
0 0.9172062904717854 0.15542763157894737 0.008325624421831638 0.02138157894736842
0 0.9195189639222942 0.17763157894736842 0.012950971322849213 0.029605263157894735
0 0.8570767807585569 0.1455592105263158 0.013876040703052728 0.03782894736842105
0 0.8432007400555042 0.15542763157894737 0.013876040703052728 0.04111842105263158
0 0.8404255319148937 0.18667763157894737 0.01572617946345976 0.03782894736842105
0 0.8260869565217391 0.14144736842105263 0.012950971322849213 0.03618421052631579
0 0.7932469935245143 0.13240131578947367 0.012025901942645698 0.027960526315789474
0 0.8038852913968547 0.13157894736842105 0.011100832562442183 0.02631578947368421
0 0.807123034227567 0.17269736842105263 0.012025901942645698 0.03289473684210526
0 0.7950971322849214 0.18009868421052633 0.01572617946345976 0.04111842105263158
0 0.8112858464384829 0.25164473684210525 0.016651248843663275 0.05263157894736842
0 0.7742830712303422 0.29523026315789475 0.020351526364477335 0.05756578947368421
0 0.7469935245143385 0.22697368421052633 0.01942645698427382 0.046052631578947366
0 0.7224791859389454 0.3125 0.024051803885291396 0.05592105263157895
0 0.6702127659574468 0.3569078947368421 0.02497687326549491 0.05921052631578947
0 0.6586493987049029 0.2680921052631579 0.018501387604070305 0.05263157894736842
0 0.6938020351526365 0.22697368421052633 0.018501387604070305 0.04276315789473684
0 0.6961147086031453 0.18338815789473684 0.013876040703052728 0.03453947368421053
0 0.7567067530064755 0.13075657894736842 0.011100832562442183 0.03125
0 0.77104532839963 0.12417763157894737 0.010175763182238668 0.03125
0 0.742368177613321 0.109375 0.010175763182238668 0.027960526315789474
0 0.7220166512488436 0.12417763157894737 0.012025901942645698 0.024671052631578948
0 0.7030527289546716 0.14638157894736842 0.012950971322849213 0.029605263157894735
0 0.7506938020351527 0.18421052631578946 0.01757631822386679 0.029605263157894735
0 0.6743755781683626 0.16036184210526316 0.016651248843663275 0.03782894736842105
0 0.6563367252543941 0.203125 0.01572617946345976 0.044407894736842105
0 0.7266419981498612 0.20559210526315788 0.013876040703052728 0.03289473684210526
0 0.6600370027752082 0.1225328947368421 0.008325624421831638 0.027960526315789474
0 0.6808510638297872 0.11266447368421052 0.009250693802035153 0.027960526315789474
0 0.5938945420906568 0.10032894736842106 0.009250693802035153 0.01644736842105263
0 0.620259019426457 0.10032894736842106 0.008325624421831638 0.01644736842105263
0 0.6364477335800185 0.10361842105263158 0.011100832562442183 0.019736842105263157
0 0.6304347826086957 0.1225328947368421 0.010175763182238668 0.02138157894736842
0 0.606845513413506 0.1225328947368421 0.011100832562442183 0.02138157894736842
0 0.6137835337650324 0.14226973684210525 0.013876040703052728 0.03125
0 0.6433857539315448 0.17105263157894737 0.01572617946345976 0.02631578947368421
0 0.597132284921369 0.22039473684210525 0.01757631822386679 0.03289473684210526
0 0.5814061054579094 0.12582236842105263 0.010175763182238668 0.02138157894736842
0 0.5730804810360777 0.15213815789473684 0.013876040703052728 0.027960526315789474
0 0.6091581868640148 0.2590460526315789 0.01942645698427382 0.047697368421052634
0 0.5703052728954672 0.2450657894736842 0.01757631822386679 0.04276315789473684
0 0.5550416281221091 0.11677631578947369 0.009250693802035153 0.019736842105263157
0 0.5619796484736356 0.17598684210526316 0.012025901942645698 0.03618421052631579
0 0.5374653098982424 0.13240131578947367 0.011100832562442183 0.02138157894736842
0 0.543940795559667 0.16447368421052633 0.012950971322849213 0.03289473684210526
0 0.5259019426456985 0.20476973684210525 0.01572617946345976 0.03453947368421053
0 0.5189639222941721 0.16776315789473684 0.012950971322849213 0.029605263157894735
0 0.503700277520814 0.19325657894736842 0.012025901942645698 0.027960526315789474
0 0.5069380203515264 0.1513157894736842 0.011100832562442183 0.02631578947368421
0 0.486586493987049 0.13404605263157895 0.0074005550416281225 0.018092105263157895
0 0.4787234042553192 0.22203947368421054 0.01572617946345976 0.039473684210526314
0 0.45050878815911194 0.14638157894736842 0.009250693802035153 0.01644736842105263
0 0.44495837187789083 0.19407894736842105 0.011100832562442183 0.029605263157894735
0 0.4421831637372803 0.24013157894736842 0.016651248843663275 0.039473684210526314
0 0.4759481961147086 0.3125 0.01942645698427382 0.049342105263157895
0 0.532377428307123 0.3182565789473684 0.02497687326549491 0.06085526315789474
0 0.4574468085106383 0.17434210526315788 0.008325624421831638 0.02631578947368421
0 0.47409805735430155 0.18667763157894737 0.010175763182238668 0.027960526315789474
0 0.4824236817761332 0.17023026315789475 0.013876040703052728 0.03453947368421053
0 0.46438482886216464 0.15625 0.011100832562442183 0.023026315789473683
0 0.38575393154486587 0.20230263157894737 0.014801110083256245 0.03289473684210526
0 0.41350601295097134 0.22697368421052633 0.014801110083256245 0.03618421052631579
0 0.38251618871415355 0.23355263157894737 0.01572617946345976 0.029605263157894735
0 0.3515263644773358 0.23190789473684212 0.014801110083256245 0.03289473684210526
0 0.34366327474560593 0.2722039473684211 0.01572617946345976 0.03782894736842105
0 0.3071230342275671 0.23848684210526316 0.011100832562442183 0.02631578947368421
0 0.2567067530064755 0.2837171052631579 0.013876040703052728 0.027960526315789474
0 0.28908418131359853 0.26726973684210525 0.01572617946345976 0.03782894736842105
0 0.2978723404255319 0.26398026315789475 0.018501387604070305 0.04111842105263158
0 0.3265494912118409 0.2623355263157895 0.014801110083256245 0.03453947368421053
0 0.5957446808510638 0.3363486842105263 0.024051803885291396 0.054276315789473686
0 0.4213691026827012 0.2730263157894737 0.02127659574468085 0.046052631578947366
0 0.2030527289546716 0.36348684210526316 0.041628122109158186 0.08881578947368421