0 0.4184981684981685 0.21497584541062803 0.020146520146520148 0.040257648953301126
0 0.6277472527472527 0.14170692431561996 0.015567765567765568 0.02576489533011272
0 0.6460622710622711 0.14251207729468598 0.015567765567765568 0.027375201288244767
0 0.6575091575091575 0.12399355877616747 0.01282051282051282 0.02576489533011272
0 0.7541208791208791 0.1457326892109501 0.013736263736263736 0.030595813204508857
0 0.7706043956043956 0.1497584541062802 0.013736263736263736 0.0322061191626409
0 0.8264652014652014 0.2584541062801932 0.019230769230769232 0.05314009661835749
0 0.8717948717948718 0.19484702093397746 0.01282051282051282 0.03864734299516908
0 0.8946886446886447 0.21980676328502416 0.014652014652014652 0.037037037037037035
0 0.8928571428571429 0.25120772946859904 0.016483516483516484 0.03864734299516908
0 0.9212454212454212 0.25442834138486314 0.018315018315018316 0.04508856682769726