0 0.0319567354965585 0.292894280762565 0.018682399213372666 0.03466204506065858
0 0.22713864306784662 0.1655112651646447 0.017699115044247787 0.03986135181975736
0 0.28171091445427726 0.2244367417677643 0.02064896755162242 0.043327556325823226
0 0.3387413962635202 0.20537261698440207 0.018682399213372666 0.043327556325823226
0 0.36430678466076694 0.2244367417677643 0.02261553588987217 0.03986135181975736
0 0.3834808259587021 0.2027729636048527 0.017699115044247787 0.0415944540727903
0 0.4016715830875123 0.2296360485268631 0.02261553588987217 0.03986135181975736
0 0.436086529006883 0.21057192374350087 0.02261553588987217 0.05025996533795494
0 0.46804326450344147 0.18804159445407279 0.015732546705998034 0.03292894280762565
0 0.41543756145526056 0.14731369150779897 0.014749262536873156 0.03119584055459272
0 0.4444444444444444 0.13951473136915077 0.01376597836774828 0.029462738301559793
0 0.4631268436578171 0.15077989601386482 0.01966568338249754 0.038128249566724434
0 0.4896755162241888 0.15944540727902945 0.017699115044247787 0.03466204506065858
0 0.4823008849557522 0.13084922010398614 0.018682399213372666 0.03292894280762565
0 0.5540806293018682 0.17590987868284227 0.02064896755162242 0.04679376083188908
0 0.5816125860373648 0.04419410745233969 0.01671583087512291 0.029462738301559793
0 0.6057030481809242 0.12045060658578856 0.017699115044247787 0.03986135181975736
0 0.6145526057030481 0.1048526863084922 0.01376597836774828 0.025996533795493933
0 0.6411012782694199 0.1022530329289428 0.01376597836774828 0.02772963604852686
0 0.6548672566371682 0.10138648180242635 0.011799410029498525 0.029462738301559793
0 0.595378564405113 0.22876949740034663 0.024582104228121928 0.045060658578856154
0 0.6229105211406096 0.23050259965337955 0.02654867256637168 0.058925476603119586
0 0.6588003933136677 0.231369150779896 0.02753195673549656 0.04679376083188908
0 0.6956735496558505 0.1637781629116118 0.02064896755162242 0.03986135181975736
0 0.732055063913471 0.15944540727902945 0.02064896755162242 0.0415944540727903
0 0.7325467059980334 0.14211438474870017 0.01376597836774828 0.03119584055459272
0 0.7271386430678466 0.22530329289428075 0.024582104228121928 0.04852686308492201
0 0.7905604719764012 0.30849220103986136 0.029498525073746312 0.06932409012131716
0 0.9075712881022615 0.3466204506065858 0.02753195673549656 0.06932409012131716
0 0.8544739429695182 0.2019064124783362 0.015732546705998034 0.043327556325823226
0 0.8869223205506391 0.23483535528596186 0.021632251720747297 0.04679376083188908
0 0.887905604719764 0.20363951473136915 0.015732546705998034 0.03292894280762565
0 0.8716814159292036 0.16464471403812825 0.012782694198623401 0.038128249566724434
0 0.8987217305801377 0.17937608318890816 0.01376597836774828 0.03986135181975736
0 0.9213372664700098 0.2365684575389948 0.025565388397246803 0.04679376083188908
0 0.9139626352015733 0.2989601386481802 0.024582104228121928 0.053726169844020795
0 0.9267453294001966 0.20103986135181975 0.018682399213372666 0.038128249566724434
0 0.9355948869223205 0.2001733102253033 0.012782694198623401 0.029462738301559793
0 0.9434611602753196 0.11265164644714037 0.014749262536873156 0.038128249566724434