0 0.26383526383526384 0.2585812356979405 0.015444015444015444 0.032036613272311214
0 0.2734877734877735 0.2517162471395881 0.01673101673101673 0.036613272311212815
0 0.29214929214929214 0.2608695652173913 0.018018018018018018 0.032036613272311214
0 0.36036036036036034 0.1945080091533181 0.018018018018018018 0.036613272311212815
0 0.38288288288288286 0.2345537757437071 0.02445302445302445 0.04805491990846682
0 0.38996138996138996 0.19221967963386727 0.018018018018018018 0.036613272311212815
0 0.435006435006435 0.2219679633867277 0.018018018018018018 0.041189931350114416
0 0.46332046332046334 0.2242562929061785 0.023166023166023165 0.04576659038901602
0 0.4453024453024453 0.18306636155606407 0.01287001287001287 0.032036613272311214
0 0.4163449163449163 0.16018306636155608 0.014157014157014158 0.02745995423340961
0 0.4189189189189189 0.09954233409610984 0.011583011583011582 0.02517162471395881
0 0.48455598455598453 0.18878718535469108 0.01673101673101673 0.038901601830663615
0 0.47554697554697556 0.17620137299771166 0.014157014157014158 0.032036613272311214
0 0.46396396396396394 0.15675057208237986 0.014157014157014158 0.029748283752860413
0 0.5064350064350064 0.12128146453089245 0.01673101673101673 0.036613272311212815
0 0.5392535392535392 0.11670480549199085 0.015444015444015444 0.032036613272311214
0 0.5553410553410554 0.10640732265446225 0.009009009009009009 0.020594965675057208
0 0.5585585585585585 0.12929061784897025 0.01287001287001287 0.02517162471395881
0 0.5688545688545689 0.14073226544622425 0.018018018018018018 0.029748283752860413
0 0.5656370656370656 0.16933638443935928 0.01673101673101673 0.041189931350114416
0 0.5193050193050193 0.16819221967963388 0.011583011583011582 0.02517162471395881
0 0.5173745173745173 0.19794050343249428 0.018018018018018018 0.038901601830663615
0 0.5366795366795367 0.17963386727688788 0.015444015444015444 0.029748283752860413
0 0.49356499356499356 0.2974828375286041 0.02702702702702703 0.05491990846681922
0 0.5283140283140283 0.32494279176201374 0.029601029601029602 0.05034324942791762
0 0.5984555984555985 0.15102974828375287 0.015444015444015444 0.036613272311212815
0 0.6068211068211068 0.12585812356979406 0.009009009009009009 0.02288329519450801
0 0.5785070785070785 0.11556064073226545 0.011583011583011582 0.02517162471395881
0 0.5926640926640927 0.09954233409610984 0.011583011583011582 0.029748283752860413
0 0.611969111969112 0.09610983981693363 0.014157014157014158 0.02745995423340961
0 0.6364221364221364 0.09496567505720824 0.014157014157014158 0.029748283752860413
0 0.6338481338481339 0.12128146453089245 0.014157014157014158 0.032036613272311214
0 0.6377091377091377 0.13386727688787187 0.01673101673101673 0.029748283752860413
0 0.6685971685971686 0.10297482837528604 0.011583011583011582 0.02288329519450801
0 0.6962676962676962 0.09839816933638444 0.01287001287001287 0.032036613272311214
0 0.6628056628056628 0.16704805491990846 0.02059202059202059 0.04576659038901602
0 0.6518661518661518 0.2036613272311213 0.02445302445302445 0.05034324942791762
0 0.6235521235521235 0.2414187643020595 0.02702702702702703 0.043478260869565216
0 0.6113256113256114 0.20251716247139587 0.018018018018018018 0.04805491990846682
0 0.555984555984556 0.2505720823798627 0.02059202059202059 0.038901601830663615
0 0.6016731016731016 0.3123569794050343 0.032175032175032175 0.05263157894736842
0 0.6917631917631918 0.3123569794050343 0.03474903474903475 0.07093821510297482
0 0.7007722007722008 0.22654462242562928 0.021879021879021878 0.05491990846681922
0 0.6879021879021879 0.17848970251716248 0.019305019305019305 0.05034324942791762
0 0.6743886743886743 0.15102974828375287 0.015444015444015444 0.036613272311212815
0 0.7252252252252253 0.17963386727688788 0.021879021879021878 0.05263157894736842
0 0.7207207207207207 0.2471395881006865 0.028314028314028315 0.05034324942791762
0 0.7625482625482626 0.2734553775743707 0.032175032175032175 0.07551487414187644
0 0.7458172458172458 0.32837528604118993 0.03474903474903475 0.06636155606407322
0 0.7606177606177607 0.20709382151029748 0.02059202059202059 0.043478260869565216
0 0.7786357786357786 0.20137299771167047 0.018018018018018018 0.036613272311212815
0 0.7715572715572716 0.15903890160183065 0.01673101673101673 0.043478260869565216
0 0.7554697554697555 0.12356979405034325 0.015444015444015444 0.032036613272311214
0 0.8133848133848134 0.15217391304347827 0.018018018018018018 0.034324942791762014
0 0.8211068211068211 0.13844393592677345 0.01287001287001287 0.029748283752860413
0 0.8307593307593307 0.12585812356979406 0.01673101673101673 0.036613272311212815
0 0.8423423423423423 0.14645308924485126 0.01673101673101673 0.036613272311212815
0 0.8500643500643501 0.13729977116704806 0.014157014157014158 0.032036613272311214
0 0.859073359073359 0.12242562929061784 0.014157014157014158 0.02517162471395881
0 0.8803088803088803 0.16590389016018306 0.018018018018018018 0.038901601830663615
0 0.8867438867438867 0.13157894736842105 0.010296010296010296 0.02517162471395881
0 0.9208494208494209 0.15217391304347827 0.014157014157014158 0.029748283752860413
0 0.868082368082368 0.20709382151029748 0.021879021879021878 0.04805491990846682
0 0.8178893178893178 0.2139588100686499 0.02702702702702703 0.04805491990846682
0 0.8018018018018018 0.2448512585812357 0.023166023166023165 0.059496567505720827
0 0.8294723294723295 0.3100686498855835 0.02445302445302445 0.06178489702517163
0 0.7857142857142857 0.39473684210526316 0.03474903474903475 0.08009153318077804
0 0.8963963963963963 0.40160183066361554 0.03732303732303732 0.07551487414187644
0 0.9066924066924067 0.2951945080091533 0.02445302445302445 0.05491990846681922
0 0.9054054054054054 0.2482837528604119 0.019305019305019305 0.038901601830663615
0 0.9157014157014157 0.2151029748283753 0.01673101673101673 0.036613272311212815