0 0.3046948356807512 0.17627677100494235 0.01784037558685446 0.042833607907743
0 0.3629107981220657 0.19439868204283361 0.01596244131455399 0.036243822075782535
0 0.3910798122065728 0.18369028006589785 0.01784037558685446 0.03459637561779242
0 0.40938967136150234 0.18945634266886327 0.015023474178403756 0.036243822075782535
0 0.4014084507042254 0.21746293245469522 0.01596244131455399 0.029654036243822075
0 0.39248826291079814 0.2883031301482702 0.022535211267605635 0.04612850082372323
0 0.35492957746478876 0.30477759472817134 0.024413145539906103 0.039538714991762765
0 0.4469483568075117 0.18204283360790774 0.016901408450704224 0.03789126853377265
0 0.4572769953051643 0.20345963756177923 0.020657276995305163 0.03459637561779242
0 0.4751173708920188 0.18780889621087316 0.016901408450704224 0.036243822075782535
0 0.4896713615023474 0.19934102141680396 0.01784037558685446 0.039538714991762765
0 0.4568075117370892 0.23064250411861614 0.01971830985915493 0.039538714991762765
0 0.4849765258215962 0.23311367380560133 0.0215962441314554 0.03789126853377265
0 0.5741784037558686 0.13920922570016475 0.01596244131455399 0.03130148270181219
0 0.4892018779342723 0.30230642504118616 0.03004694835680751 0.047775947281713346
0 0.612206572769953 0.24299835255354202 0.022535211267605635 0.047775947281713346
0 0.7103286384976526 0.18945634266886327 0.0215962441314554 0.04612850082372323
0 0.7591549295774648 0.20840197693574958 0.0215962441314554 0.047775947281713346
0 0.9652582159624413 0.10790774299835255 0.015023474178403756 0.03459637561779242