0 0.09786641929499072 0.4406354515050167 0.03432282003710575 0.07859531772575251
0 0.1567717996289425 0.39214046822742477 0.029684601113172542 0.061872909698996656
0 0.18692022263450836 0.49581939799331104 0.04730983302411874 0.09531772575250837
0 0.1345083487940631 0.32525083612040134 0.025974025974025976 0.051839464882943144
0 0.09044526901669758 0.3302675585284281 0.01948051948051948 0.038461538461538464
0 0.10250463821892393 0.32274247491638797 0.021335807050092765 0.046822742474916385
0 0.3450834879406308 0.17892976588628762 0.01855287569573284 0.03678929765886288
0 0.4294990723562152 0.16220735785953178 0.022263450834879406 0.043478260869565216
0 0.5125231910946196 0.06270903010033445 0.013914656771799629 0.028428093645484948
0 0.6521335807050093 0.26505016722408026 0.055658627087198514 0.1020066889632107
0 0.6646567717996289 0.10535117056856187 0.017625231910946195 0.046822742474916385
0 0.7453617810760668 0.12290969899665552 0.023191094619666047 0.0451505016722408
0 0.7935992578849722 0.24832775919732442 0.041743970315398886 0.08862876254180602