0 0.3517305893358279 0.3082644628099174 0.018709073900841908 0.03471074380165289
0 0.3910196445275959 0.2884297520661157 0.026192703461178673 0.047933884297520664
0 0.48877455565949485 0.30082644628099175 0.025257249766136577 0.049586776859504134
0 0.33956969130028064 0.2140495867768595 0.01683816651075772 0.03140495867768595
0 0.3652946679139383 0.1884297520661157 0.01216089803554724 0.019834710743801654
0 0.36810102899906455 0.21570247933884298 0.015902712815715623 0.02809917355371901
0 0.39663236669784846 0.22479338842975208 0.013096351730589336 0.02975206611570248
0 0.4532273152478952 0.22727272727272727 0.01777362020579981 0.03801652892561983
0 0.40177736202058 0.19421487603305784 0.01403180542563143 0.024793388429752067
0 0.470533208606174 0.22644628099173553 0.018709073900841908 0.03636363636363636
0 0.45884003741814783 0.19421487603305784 0.015902712815715623 0.03801652892561983
0 0.48877455565949485 0.19917355371900827 0.01216089803554724 0.03140495867768595
0 0.5444340505144996 0.13140495867768595 0.0205799812909261 0.04132231404958678
0 0.5743685687558466 0.13388429752066117 0.011225444340505144 0.026446280991735537
0 0.6304957904583723 0.2545454545454545 0.02245088868101029 0.04628099173553719
0 0.7104770813844715 0.1884297520661157 0.01777362020579981 0.03636363636363636
0 0.7544434050514499 0.24049586776859505 0.021515434985968196 0.047933884297520664
0 0.764265668849392 0.16446280991735537 0.01683816651075772 0.03471074380165289
0 0.9368568755846586 0.24380165289256198 0.019644527595884004 0.04132231404958678
0 0.4747427502338634 0.18016528925619835 0.01777362020579981 0.03636363636363636
0 0.4008419083255379 0.17851239669421487 0.01403180542563143 0.03636363636363636
0 0.44574368568755846 0.19090909090909092 0.015902712815715623 0.04132231404958678