0 0.9117043121149897 0.16941391941391942 0.012320328542094456 0.0347985347985348
0 0.938911704312115 0.17032967032967034 0.013347022587268994 0.03296703296703297
0 0.8839835728952772 0.1565934065934066 0.012320328542094456 0.031135531135531136
0 0.893223819301848 0.17857142857142858 0.014373716632443531 0.0347985347985348
0 0.9399383983572895 0.19963369963369965 0.013347022587268994 0.03296703296703297
0 0.9327515400410678 0.23351648351648352 0.015400410677618069 0.038461538461538464
0 0.9337782340862423 0.2509157509157509 0.015400410677618069 0.040293040293040296
0 0.9286447638603696 0.2793040293040293 0.015400410677618069 0.04212454212454213
0 0.9276180698151951 0.3333333333333333 0.019507186858316223 0.054945054945054944
0 0.8521560574948666 0.29945054945054944 0.02053388090349076 0.056776556776556776
0 0.8331622176591376 0.35622710622710624 0.023613963039014373 0.07142857142857142
0 0.8696098562628337 0.2857142857142857 0.02053388090349076 0.047619047619047616
0 0.8762833675564682 0.24084249084249085 0.017453798767967144 0.04212454212454213
0 0.8783367556468172 0.20695970695970695 0.019507186858316223 0.040293040293040296
0 0.8732032854209446 0.16575091575091574 0.013347022587268994 0.0347985347985348
0 0.8660164271047228 0.17307692307692307 0.013347022587268994 0.0347985347985348
0 0.8439425051334702 0.14835164835164835 0.014373716632443531 0.029304029304029304
0 0.830082135523614 0.16391941391941392 0.013347022587268994 0.0347985347985348
0 0.8403490759753593 0.2097069597069597 0.017453798767967144 0.04212454212454213
0 0.795687885010267 0.1987179487179487 0.014373716632443531 0.0347985347985348
0 0.7828542094455853 0.1382783882783883 0.011293634496919919 0.031135531135531136
0 0.7725872689938398 0.184981684981685 0.015400410677618069 0.040293040293040296
0 0.8116016427104723 0.27014652014652013 0.017453798767967144 0.04945054945054945
0 0.8449691991786448 0.19413919413919414 0.014373716632443531 0.040293040293040296
0 0.7566735112936345 0.12545787545787546 0.014373716632443531 0.031135531135531136
0 0.7587268993839835 0.14560439560439561 0.014373716632443531 0.038461538461538464
0 0.7417864476386037 0.16758241758241757 0.013347022587268994 0.038461538461538464
0 0.7782340862422998 0.26373626373626374 0.024640657084188913 0.05128205128205128
0 0.8141683778234087 0.19963369963369965 0.01642710472279261 0.040293040293040296
0 0.75564681724846 0.336996336996337 0.026694045174537988 0.07326007326007326
0 0.6786447638603696 0.3324175824175824 0.030800821355236138 0.0641025641025641
0 0.721252566735113 0.23717948717948717 0.017453798767967144 0.045787545787545784
0 0.7258726899383984 0.1401098901098901 0.014373716632443531 0.038461538461538464
0 0.7104722792607803 0.16025641025641027 0.01642710472279261 0.0347985347985348
0 0.6267967145790554 0.29304029304029305 0.02566735112936345 0.06227106227106227
0 0.635523613963039 0.24358974358974358 0.018480492813141684 0.04395604395604396
0 0.643223819301848 0.19597069597069597 0.017453798767967144 0.04395604395604396
0 0.675564681724846 0.2087912087912088 0.018480492813141684 0.05128205128205128
0 0.6694045174537988 0.25824175824175827 0.02053388090349076 0.054945054945054944
0 0.660164271047228 0.1749084249084249 0.018480492813141684 0.04212454212454213
0 0.6545174537987679 0.13644688644688643 0.013347022587268994 0.027472527472527472
0 0.688911704312115 0.1227106227106227 0.012320328542094456 0.029304029304029304
0 0.7068788501026694 0.1227106227106227 0.009240246406570842 0.02564102564102564
0 0.6504106776180698 0.10531135531135531 0.009240246406570842 0.031135531135531136
0 0.6637577002053389 0.1108058608058608 0.009240246406570842 0.023809523809523808
0 0.6760780287474333 0.11904761904761904 0.009240246406570842 0.02564102564102564
0 0.6129363449691991 0.10256410256410256 0.012320328542094456 0.029304029304029304
0 0.6288501026694046 0.11996336996336997 0.011293634496919919 0.023809523809523808
0 0.6267967145790554 0.1510989010989011 0.013347022587268994 0.0347985347985348
0 0.5903490759753593 0.10805860805860806 0.01026694045174538 0.02564102564102564
0 0.5990759753593429 0.1391941391941392 0.015400410677618069 0.03296703296703297
0 0.587782340862423 0.163003663003663 0.013347022587268994 0.03663003663003663
0 0.5934291581108829 0.24816849816849818 0.022587268993839837 0.056776556776556776
0 0.5852156057494866 0.2774725274725275 0.026694045174537988 0.05311355311355311
0 0.5292607802874744 0.26556776556776557 0.023613963039014373 0.05860805860805861
0 0.5549281314168378 0.17857142857142858 0.013347022587268994 0.0347985347985348
0 0.5626283367556468 0.15934065934065933 0.014373716632443531 0.040293040293040296
0 0.5508213552361396 0.12087912087912088 0.013347022587268994 0.02564102564102564
0 0.5369609856262834 0.1510989010989011 0.012320328542094456 0.0347985347985348
0 0.5349075975359343 0.13553113553113552 0.012320328542094456 0.03296703296703297
0 0.50564681724846 0.14285714285714285 0.013347022587268994 0.03296703296703297
0 0.5195071868583162 0.12545787545787546 0.01026694045174538 0.027472527472527472
0 0.526694045174538 0.12637362637362637 0.01026694045174538 0.029304029304029304
0 0.49332648870636553 0.14194139194139194 0.011293634496919919 0.031135531135531136
0 0.4938398357289528 0.21245421245421245 0.018480492813141684 0.04395604395604396
0 0.5241273100616016 0.15934065934065933 0.011293634496919919 0.03663003663003663
0 0.4414784394250513 0.15293040293040294 0.012320328542094456 0.027472527472527472
0 0.46560574948665295 0.17032967032967034 0.015400410677618069 0.03663003663003663
0 0.47638603696098564 0.18772893772893773 0.01642710472279261 0.038461538461538464
0 0.4486652977412731 0.20604395604395603 0.02053388090349076 0.04945054945054945
0 0.41170431211498976 0.1987179487179487 0.01642710472279261 0.038461538461538464
0 0.3326488706365503 0.1813186813186813 0.012320328542094456 0.03296703296703297
0 0.3495893223819302 0.20054945054945056 0.015400410677618069 0.0347985347985348
0 0.31519507186858314 0.22527472527472528 0.01642710472279261 0.040293040293040296
0 0.10985626283367557 0.4413919413919414 0.045174537987679675 0.10256410256410256
0 0.6986652977412731 0.21153846153846154 0.017453798767967144 0.038461538461538464