0 0.03210649960845732 0.39633286318758815 0.023492560689115115 0.045133991537376586
0 0.23727486296006264 0.33497884344146683 0.015661707126076743 0.03244005641748942
0 0.2552858261550509 0.3469675599435825 0.020360219263899765 0.039492242595204514
0 0.28151918559122946 0.304654442877292 0.01644479248238058 0.031029619181946404
0 0.2846515270164448 0.35895627644569816 0.01957713390759593 0.04090267983074753
0 0.32341425215348474 0.36459802538787023 0.02192638997650744 0.04372355430183357
0 0.346123727486296 0.3215796897038082 0.017227877838684416 0.03385049365303244
0 0.3484729835552075 0.2947813822284908 0.015661707126076743 0.031029619181946404
0 0.3739232576350822 0.3314527503526093 0.014878621769772905 0.028208744710860368
0 0.398981989036805 0.33638928067700985 0.018010963194988253 0.03244005641748942
0 0.39937353171495693 0.2997179125528914 0.014095536413469069 0.02679830747531735
0 0.3790133124510572 0.2616361071932299 0.012529365700861394 0.03244005641748942
0 0.3997650743931088 0.2616361071932299 0.011746280344557557 0.02679830747531735
0 0.4267815191855912 0.3011283497884344 0.014095536413469069 0.03244005641748942
0 0.4283476898981989 0.2651622002820874 0.014095536413469069 0.031029619181946404
0 0.41386061080657793 0.2531734837799718 0.011746280344557557 0.029619181946403384
0 0.41738449490994517 0.27009873060648804 0.009397024275646046 0.023977433004231313
0 0.45653876272513705 0.307475317348378 0.015661707126076743 0.031029619181946404
0 0.4169929522317933 0.3032440056417489 0.010180109631949883 0.028208744710860368
0 0.4534064212999217 0.23272214386459802 0.012529365700861394 0.022566995768688293
0 0.43970242756460454 0.2524682651622003 0.010180109631949883 0.02538787023977433
0 0.4960845732184808 0.2693935119887165 0.014878621769772905 0.028208744710860368
0 0.490211433046202 0.2531734837799718 0.01096319498825372 0.02679830747531735
0 0.4976507439310885 0.24400564174894218 0.01331245105716523 0.028208744710860368
0 0.519185591229444 0.24964739069111425 0.015661707126076743 0.03385049365303244
0 0.5469851213782302 0.22143864598025387 0.011746280344557557 0.022566995768688293
0 0.5552075176194206 0.20380818053596614 0.014095536413469069 0.029619181946403384
0 0.5559906029757243 0.25740479548660083 0.012529365700861394 0.029619181946403384
0 0.5599060297572436 0.2778561354019746 0.015661707126076743 0.031029619181946404
0 0.5105716523101018 0.29689703808180534 0.017227877838684416 0.03244005641748942
0 0.4890368050117463 0.31875881523272215 0.018010963194988253 0.039492242595204514
0 0.4839467501957713 0.3906911142454161 0.025058731401722788 0.05077574047954866
0 0.5262333594361785 0.40691114245416077 0.023492560689115115 0.05218617771509168
0 0.5187940485512921 0.36530324400564174 0.02427564604541895 0.05077574047954866
0 0.5787000783085356 0.32087447108603667 0.020360219263899765 0.04372355430183357
0 0.5880971025841817 0.35895627644569816 0.020360219263899765 0.04372355430183357
0 0.5884886452623336 0.4287729196050776 0.028974158183241974 0.06488011283497884
0 0.6495693030540329 0.44358251057827924 0.0274079874706343 0.06629055007052186
0 0.6366483946750195 0.3702397743300423 0.028191072826938137 0.05500705218617771
0 0.6264682850430697 0.3314527503526093 0.017227877838684416 0.036671368124118475
0 0.6139389193422083 0.29619181946403383 0.018794048551292093 0.04231311706629055
0 0.5853563038371182 0.24188998589562766 0.01331245105716523 0.023977433004231313
0 0.5884886452623336 0.22143864598025387 0.010180109631949883 0.022566995768688293
0 0.5927956147220047 0.2073342736248237 0.01096319498825372 0.022566995768688293
0 0.6072826938136257 0.21297602256699577 0.011746280344557557 0.02538787023977433
0 0.6158966327329679 0.22919605077574048 0.011746280344557557 0.02679830747531735
0 0.6221613155833986 0.24400564174894218 0.010180109631949883 0.02538787023977433
0 0.63469068128426 0.21720733427362482 0.011746280344557557 0.02538787023977433
0 0.6444792482380579 0.22919605077574048 0.01096319498825372 0.02679830747531735
0 0.6566170712607674 0.22778561354019747 0.011746280344557557 0.03526093088857546
0 0.6781519185591229 0.24753173483779972 0.015661707126076743 0.03526093088857546
0 0.6527016444792483 0.2679830747531735 0.014878621769772905 0.03385049365303244
0 0.6761942051683634 0.28984485190409026 0.01957713390759593 0.04372355430183357
0 0.6989036805011746 0.2856135401974612 0.018010963194988253 0.03244005641748942
0 0.7036021926389977 0.25881523272214385 0.01644479248238058 0.03526093088857546
0 0.7200469851213782 0.24823695345557123 0.01331245105716523 0.022566995768688293
0 0.7184808144087705 0.22355430183356842 0.01331245105716523 0.02679830747531735
0 0.7521534847298356 0.24188998589562766 0.01644479248238058 0.029619181946403384
0 0.7470634299138607 0.2623413258110014 0.014095536413469069 0.028208744710860368
0 0.7384494909945184 0.28772919605077574 0.014095536413469069 0.031029619181946404
0 0.6667971808927173 0.3519040902679831 0.01957713390759593 0.05218617771509168
0 0.706734534064213 0.39492242595204513 0.025841816758026624 0.047954866008462625
0 0.6906812842599843 0.47320169252468264 0.03288958496476116 0.07475317348377997
0 0.764682850430697 0.4090267983074753 0.0274079874706343 0.0535966149506347
0 0.788175411119812 0.5126939351198871 0.03210649960845732 0.06346967559943582
0 0.8116679718089271 0.43653032440056416 0.028974158183241974 0.06346967559943582
0 0.7799530148786218 0.35754583921015515 0.018794048551292093 0.05218617771509168
0 0.7850430696945967 0.3004231311706629 0.018010963194988253 0.036671368124118475
0 0.7854346123727486 0.27997179125528915 0.015661707126076743 0.02679830747531735
0 0.7791699295223179 0.25035260930888575 0.017227877838684416 0.03526093088857546
0 0.8057948316366484 0.25952045133991536 0.012529365700861394 0.03385049365303244
0 0.822239624119029 0.26586741889985893 0.012529365700861394 0.03244005641748942
0 0.826938136256852 0.28913963328631875 0.014095536413469069 0.031029619181946404
0 0.8402505873140172 0.2566995768688293 0.012529365700861394 0.028208744710860368
0 0.8128425998433829 0.31170662905500707 0.018794048551292093 0.03385049365303244
0 0.8034455755677369 0.33497884344146683 0.017227877838684416 0.0380818053596615
0 0.8277212216131559 0.3702397743300423 0.023492560689115115 0.05218617771509168
0 0.8375097885669538 0.34062059238363895 0.01644479248238058 0.04372355430183357
0 0.8555207517619421 0.32016925246826516 0.014878621769772905 0.036671368124118475
0 0.8613938919342208 0.27926657263751764 0.014095536413469069 0.03385049365303244
0 0.8954581049334377 0.28984485190409026 0.018010963194988253 0.029619181946403384
0 0.8786217697729053 0.3166431593794076 0.015661707126076743 0.03244005641748942
0 0.8860610806577917 0.34978843441466856 0.01644479248238058 0.039492242595204514
0 0.8739232576350823 0.38928067700987307 0.020360219263899765 0.045133991537376586
0 0.8774471417384495 0.4407616361071932 0.030540328895849646 0.06346967559943582