0 0.07238193018480493 0.30510018214936246 0.021560574948665298 0.04553734061930783
0 0.32186858316221767 0.2331511839708561 0.015400410677618069 0.03278688524590164
0 0.33880903490759756 0.20036429872495445 0.01642710472279261 0.029143897996357013
0 0.3547227926078029 0.2058287795992714 0.015400410677618069 0.029143897996357013
0 0.4224845995893224 0.20218579234972678 0.017453798767967144 0.03278688524590164
0 0.4337782340862423 0.15209471766848817 0.013347022587268994 0.023679417122040074
0 0.42761806981519507 0.18032786885245902 0.013347022587268994 0.02185792349726776
0 0.45123203285420943 0.16393442622950818 0.013347022587268994 0.025500910746812388
0 0.4517453798767967 0.21584699453551912 0.01642710472279261 0.03460837887067395
0 0.48459958932238195 0.22404371584699453 0.01642710472279261 0.03642987249544627
0 0.48254620123203285 0.18123861566484517 0.01642710472279261 0.030965391621129327
0 0.4887063655030801 0.15482695810564662 0.012320328542094456 0.02185792349726776
0 0.49691991786447637 0.16302367941712204 0.012320328542094456 0.023679417122040074
0 0.4784394250513347 0.1366120218579235 0.012320328542094456 0.02185792349726776
0 0.5143737166324436 0.1284153005464481 0.012320328542094456 0.020036429872495445
0 0.5123203285420944 0.15209471766848817 0.014373716632443531 0.0273224043715847
0 0.5328542094455853 0.1657559198542805 0.014373716632443531 0.025500910746812388
0 0.5472279260780287 0.1766848816029144 0.01642710472279261 0.03278688524590164
0 0.5446611909650924 0.1912568306010929 0.015400410677618069 0.025500910746812388
0 0.5333675564681725 0.1320582877959927 0.011293634496919919 0.023679417122040074
0 0.5472279260780287 0.13570127504553733 0.012320328542094456 0.023679417122040074
0 0.5698151950718686 0.15209471766848817 0.014373716632443531 0.0273224043715847
0 0.5574948665297741 0.1429872495446266 0.012320328542094456 0.020036429872495445
0 0.5862422997946611 0.12750455373406194 0.014373716632443531 0.025500910746812388
0 0.6031827515400411 0.1448087431693989 0.013347022587268994 0.023679417122040074
0 0.5965092402464066 0.16666666666666666 0.014373716632443531 0.023679417122040074
0 0.608829568788501 0.13114754098360656 0.01026694045174538 0.014571948998178506
0 0.6139630390143738 0.1111111111111111 0.012320328542094456 0.025500910746812388
0 0.6339835728952772 0.12386156648451731 0.011293634496919919 0.02185792349726776
0 0.6442505133470225 0.11293260473588343 0.011293634496919919 0.025500910746812388
0 0.6617043121149897 0.11839708561020036 0.009240246406570842 0.018214936247723135
0 0.6658110882956879 0.13114754098360656 0.009240246406570842 0.018214936247723135
0 0.6827515400410678 0.1320582877959927 0.012320328542094456 0.0273224043715847
0 0.6925051334702259 0.12932604735883424 0.009240246406570842 0.018214936247723135
0 0.6452772073921971 0.15300546448087432 0.013347022587268994 0.025500910746812388
0 0.7551334702258727 0.1302367941712204 0.013347022587268994 0.0273224043715847
0 0.7643737166324436 0.14207650273224043 0.013347022587268994 0.025500910746812388
0 0.7571868583162218 0.15938069216757741 0.013347022587268994 0.0273224043715847
0 0.7828542094455853 0.14389799635701275 0.013347022587268994 0.029143897996357013
0 0.7125256673511293 0.16939890710382513 0.014373716632443531 0.029143897996357013
0 0.7084188911704312 0.20309653916211293 0.01642710472279261 0.03460837887067395
0 0.7171457905544147 0.23497267759562843 0.021560574948665298 0.04007285974499089
0 0.7433264887063655 0.18579234972677597 0.01642710472279261 0.03278688524590164
0 0.6652977412731006 0.19216757741347906 0.01642710472279261 0.030965391621129327
0 0.6673511293634496 0.21766848816029144 0.01642710472279261 0.03460837887067395
0 0.6760780287474333 0.2668488160291439 0.015400410677618069 0.03460837887067395
0 0.6930184804928131 0.3233151183970856 0.028747433264887063 0.06375227686703097
0 0.6185831622176592 0.3005464480874317 0.023613963039014373 0.0546448087431694
0 0.589835728952772 0.2795992714025501 0.023613963039014373 0.04918032786885246
0 0.5826488706365504 0.25136612021857924 0.023613963039014373 0.03642987249544627
0 0.6339835728952772 0.21493624772313297 0.021560574948665298 0.04007285974499089
0 0.528747433264887 0.28233151183970856 0.024640657084188913 0.04371584699453552
0 0.7433264887063655 0.3670309653916211 0.026694045174537988 0.060109289617486336
0 0.8208418891170431 0.36429872495446264 0.029774127310061602 0.061930783242258654
0 0.9117043121149897 0.3998178506375228 0.030800821355236138 0.060109289617486336
0 0.9086242299794661 0.3743169398907104 0.026694045174537988 0.04918032786885246
0 0.8603696098562629 0.31602914389799636 0.022587268993839837 0.03825136612021858
0 0.8732032854209446 0.2978142076502732 0.017453798767967144 0.0273224043715847
0 0.8090349075975359 0.29326047358834245 0.024640657084188913 0.04371584699453552
0 0.8116016427104723 0.2650273224043716 0.017453798767967144 0.03460837887067395
0 0.8372689938398358 0.23497267759562843 0.019507186858316223 0.04007285974499089
0 0.7936344969199178 0.22404371584699453 0.02053388090349076 0.04007285974499089
0 0.8074948665297741 0.19854280510018216 0.017453798767967144 0.03278688524590164
0 0.797741273100616 0.18214936247723132 0.01642710472279261 0.029143897996357013
0 0.7859342915811088 0.1930783242258652 0.015400410677618069 0.03642987249544627
0 0.8305954825462012 0.18032786885245902 0.01642710472279261 0.03278688524590164
0 0.8439425051334702 0.15846994535519127 0.01642710472279261 0.025500910746812388
0 0.8485626283367557 0.20127504553734063 0.017453798767967144 0.03825136612021858
0 0.8685831622176592 0.1894353369763206 0.014373716632443531 0.029143897996357013
0 0.8814168377823408 0.16302367941712204 0.015400410677618069 0.0273224043715847
0 0.9075975359342916 0.1766848816029144 0.012320328542094456 0.03278688524590164
0 0.9142710472279261 0.1785063752276867 0.011293634496919919 0.025500910746812388
0 0.9358316221765913 0.17486338797814208 0.011293634496919919 0.029143897996357013
0 0.9358316221765913 0.20036429872495445 0.015400410677618069 0.03278688524590164
0 0.9312114989733059 0.2331511839708561 0.018480492813141684 0.03642987249544627
0 0.9296714579055442 0.28233151183970856 0.019507186858316223 0.04735883424408015
0 0.891170431211499 0.23770491803278687 0.018480492813141684 0.04189435336976321
0 0.8880903490759754 0.20765027322404372 0.01642710472279261 0.029143897996357013