0 0.06803355079217148 0.4161073825503356 0.04100652376514446 0.08053691275167785
0 0.25862068965517243 0.27936241610738255 0.021435228331780055 0.04530201342281879
0 0.28191985088536814 0.2676174496644295 0.021435228331780055 0.03859060402684564
0 0.2982292637465051 0.2575503355704698 0.022367194780987885 0.03859060402684564
0 0.31873252562907733 0.2181208053691275 0.02050326188257223 0.03691275167785235
0 0.3429636533084809 0.21224832214765102 0.016775396085740912 0.03859060402684564
0 0.3383038210624418 0.27936241610738255 0.01863932898415657 0.03523489932885906
0 0.3471575023299161 0.25 0.015843429636533086 0.03355704697986577
0 0.3699906803355079 0.22651006711409397 0.024231127679403542 0.040268456375838924
0 0.38164026095060577 0.19966442953020133 0.0195712954333644 0.03691275167785235
0 0.4175209692451072 0.2181208053691275 0.01863932898415657 0.03691275167785235
0 0.44175209692451073 0.2214765100671141 0.022367194780987885 0.0436241610738255
0 0.4338303821062442 0.2676174496644295 0.02516309412861137 0.04865771812080537
0 0.4869524697110904 0.2936241610738255 0.02702702702702703 0.06040268456375839
0 0.4962721342031687 0.2256711409395973 0.023299161230195712 0.04530201342281879
0 0.4082013047530289 0.1669463087248322 0.0130475302889096 0.03523489932885906
0 0.4254426840633737 0.17869127516778524 0.015843429636533086 0.03859060402684564
0 0.4636533084808947 0.19798657718120805 0.023299161230195712 0.03691275167785235
0 0.4506057781919851 0.17030201342281878 0.015843429636533086 0.028523489932885907
0 0.45200372786579684 0.14261744966442952 0.01863932898415657 0.030201342281879196
0 0.47157502329916123 0.14261744966442952 0.014911463187325256 0.030201342281879196
0 0.4771668219944082 0.16275167785234898 0.016775396085740912 0.03355704697986577
0 0.5032618825722274 0.1669463087248322 0.016775396085740912 0.04194630872483222
0 0.5153774464119292 0.18540268456375839 0.01863932898415657 0.03523489932885906
0 0.5456663560111836 0.18959731543624161 0.021435228331780055 0.040268456375838924
0 0.5456663560111836 0.15604026845637584 0.017707362534948742 0.03355704697986577
0 0.5517241379310345 0.1342281879194631 0.01863932898415657 0.03691275167785235
0 0.5256290773532153 0.12835570469798657 0.01863932898415657 0.03859060402684564
0 0.48881640260950604 0.12919463087248323 0.015843429636533086 0.030201342281879196
0 0.5834109972041006 0.15268456375838926 0.02050326188257223 0.03691275167785235
0 0.5708294501397949 0.1040268456375839 0.012115563839701771 0.026845637583892617
0 0.6206896551724138 0.13842281879194632 0.016775396085740912 0.031879194630872486
0 0.6290773532152842 0.12248322147651007 0.0130475302889096 0.02348993288590604
0 0.6393289841565704 0.10067114093959731 0.014911463187325256 0.030201342281879196
0 0.6146318732525629 0.0964765100671141 0.012115563839701771 0.025167785234899327
0 0.5936626281453867 0.11073825503355705 0.0130475302889096 0.030201342281879196
0 0.6882572227399814 0.09395973154362416 0.017707362534948742 0.030201342281879196
0 0.6696178937558248 0.11828859060402684 0.017707362534948742 0.031879194630872486
0 0.7050326188257223 0.12919463087248323 0.017707362534948742 0.03355704697986577
0 0.6863932898415657 0.1325503355704698 0.013979496738117428 0.03355704697986577
0 0.6495806150978565 0.17114093959731544 0.02050326188257223 0.0436241610738255
0 0.6081081081081081 0.21644295302013422 0.021435228331780055 0.05704697986577181
0 0.603448275862069 0.2709731543624161 0.03075489282385834 0.05536912751677853
0 0.5568499534016775 0.2902684563758389 0.028890959925442685 0.06040268456375839
0 0.5610438024231128 0.2525167785234899 0.03168685927306617 0.06208053691275168
0 0.5992544268406338 0.33808724832214765 0.02982292637465051 0.06543624161073826
0 0.6668219944082013 0.3414429530201342 0.034482758620689655 0.07550335570469799
0 0.6756756756756757 0.23657718120805368 0.0260950605778192 0.05704697986577181
0 0.6491146318732526 0.22231543624161074 0.028890959925442685 0.05536912751677853
0 0.6882572227399814 0.174496644295302 0.0195712954333644 0.03691275167785235
0 0.6999068033550793 0.20973154362416108 0.027958993476234855 0.053691275167785234
0 0.7068965517241379 0.2860738255033557 0.02516309412861137 0.0587248322147651
0 0.7781919850885368 0.2827181208053691 0.033550792171481825 0.06543624161073826
0 0.7483690587138863 0.23573825503355705 0.022367194780987885 0.05201342281879195
0 0.7427772600186393 0.1837248322147651 0.01863932898415657 0.04865771812080537
0 0.7311276794035415 0.1552013422818792 0.023299161230195712 0.04865771812080537
0 0.7460391425908667 0.13842281879194632 0.017707362534948742 0.03523489932885906
0 0.7604846225535881 0.16359060402684564 0.01863932898415657 0.04530201342281879
0 0.7348555452003728 0.10738255033557047 0.017707362534948742 0.040268456375838924
0 0.7558247903075489 0.12164429530201343 0.0130475302889096 0.028523489932885907
0 0.7562907735321528 0.10067114093959731 0.017707362534948742 0.03355704697986577
0 0.7875116495806151 0.11661073825503356 0.014911463187325256 0.03859060402684564
0 0.7945013979496738 0.12919463087248323 0.013979496738117428 0.03691275167785235
0 0.8089468779123952 0.1518456375838926 0.016775396085740912 0.031879194630872486
0 0.8084808946877913 0.12080536912751678 0.012115563839701771 0.03355704697986577
0 0.8238583410997204 0.1325503355704698 0.014911463187325256 0.0436241610738255
0 0.7968313140726934 0.18036912751677853 0.02050326188257223 0.04530201342281879
0 0.8452935694315005 0.19379194630872484 0.01863932898415657 0.05536912751677853
0 0.8466915191053123 0.1476510067114094 0.015843429636533086 0.03355704697986577
0 0.8630009319664492 0.14429530201342283 0.016775396085740912 0.040268456375838924
0 0.8634669151910531 0.11828859060402684 0.013979496738117428 0.03523489932885906
0 0.8657968313140727 0.21476510067114093 0.022367194780987885 0.0436241610738255
0 0.8723205964585274 0.19630872483221476 0.02050326188257223 0.0436241610738255
0 0.8890959925442684 0.17030201342281878 0.014911463187325256 0.03523489932885906
0 0.8918918918918919 0.11996644295302013 0.016775396085740912 0.03859060402684564
0 0.9282385834109972 0.16275167785234898 0.01863932898415657 0.040268456375838924
0 0.9259086672879776 0.27181208053691275 0.028890959925442685 0.06040268456375839