0 0.20218579234972678 0.4936102236421725 0.04918032786885246 0.10862619808306709
0 0.28233151183970856 0.4840255591054313 0.052823315118397086 0.10223642172523961
0 0.3087431693989071 0.23003194888178913 0.020036429872495445 0.038338658146964855
0 0.33469945355191255 0.1869009584664537 0.020947176684881604 0.04792332268370607
0 0.43214936247723135 0.17092651757188498 0.017304189435336976 0.03194888178913738
0 0.4367030965391621 0.1413738019169329 0.011839708561020037 0.023961661341853034
0 0.4913479052823315 0.15495207667731628 0.01366120218579235 0.03194888178913738
0 0.5132058287795993 0.1597444089456869 0.017304189435336976 0.02875399361022364
0 0.5359744990892532 0.1621405750798722 0.015482695810564663 0.03035143769968051
0 0.5683060109289617 0.1621405750798722 0.01639344262295082 0.03035143769968051
0 0.73224043715847 0.12380191693290735 0.01639344262295082 0.027156549520766772
0 0.5027322404371585 0.08067092651757188 0.01092896174863388 0.023961661341853034