0 0.13898163606010017 0.5619596541786743 0.045909849749582635 0.08645533141210375
0 0.23497495826377296 0.3393371757925072 0.017529215358931552 0.03314121037463977
0 0.2646076794657763 0.3451008645533141 0.021702838063439065 0.04178674351585014
0 0.2892320534223706 0.37175792507204614 0.022537562604340568 0.04610951008645533
0 0.2934056761268781 0.3069164265129683 0.019198664440734557 0.037463976945244955
0 0.33681135225375625 0.37103746397694526 0.024207011686143573 0.04755043227665706
0 0.3580968280467446 0.3256484149855908 0.018363939899833055 0.037463976945244955
0 0.3614357262103506 0.29394812680115273 0.01669449081803005 0.03170028818443804
0 0.3935726210350584 0.3371757925072046 0.022537562604340568 0.043227665706051875
0 0.417779632721202 0.33429394812680113 0.022537562604340568 0.040345821325648415
0 0.41402337228714525 0.29755043227665706 0.018363939899833055 0.03314121037463977
0 0.40609348914858096 0.2622478386167147 0.015859766277128547 0.037463976945244955
0 0.44323873121869783 0.3061959654178674 0.01669449081803005 0.03602305475504323
0 0.4557595993322204 0.3357348703170029 0.01669449081803005 0.040345821325648415
0 0.4791318864774624 0.3076368876080692 0.021702838063439065 0.04178674351585014
0 0.4403171953255426 0.2744956772334294 0.015859766277128547 0.03025936599423631
0 0.43113522537562604 0.260806916426513 0.017529215358931552 0.037463976945244955
0 0.46786310517529217 0.2507204610951009 0.017529215358931552 0.03170028818443804
0 0.47621035058430716 0.23703170028818443 0.014190317195325543 0.024495677233429394
0 0.48163606010016696 0.265850144092219 0.015025041736227046 0.03025936599423631
0 0.4991652754590985 0.26296829971181557 0.015025041736227046 0.03025936599423631
0 0.5154424040066778 0.2600864553314121 0.015859766277128547 0.03314121037463977
0 0.5300500834724541 0.27593659942363113 0.018363939899833055 0.03314121037463977
0 0.5300500834724541 0.2442363112391931 0.01335559265442404 0.03025936599423631
0 0.5500834724540902 0.24927953890489912 0.015025041736227046 0.0345821325648415
0 0.5638564273789649 0.28674351585014407 0.017529215358931552 0.0345821325648415
0 0.5843071786310517 0.2600864553314121 0.015025041736227046 0.03314121037463977
0 0.577212020033389 0.2211815561959654 0.012520868113522538 0.021613832853025938
0 0.593906510851419 0.23919308357348704 0.012520868113522538 0.023054755043227664
0 0.6076794657762938 0.25 0.01669449081803005 0.03314121037463977
0 0.6135225375626043 0.22046109510086456 0.01335559265442404 0.025936599423631124
0 0.6218697829716193 0.20317002881844382 0.011686143572621035 0.023054755043227664
0 0.6331385642737897 0.21685878962536023 0.012520868113522538 0.024495677233429394
0 0.6494156928213689 0.22478386167146974 0.01335559265442404 0.023054755043227664
0 0.6527545909849749 0.24855907780979827 0.015025041736227046 0.03025936599423631
0 0.6857262103505843 0.23198847262247838 0.014190317195325543 0.02881844380403458
0 0.6965776293823038 0.22478386167146974 0.015859766277128547 0.03170028818443804
0 0.6773789649415692 0.207492795389049 0.014190317195325543 0.02881844380403458
0 0.49791318864774625 0.3854466858789625 0.030884808013355594 0.059077809798270896
0 0.5129382303839732 0.3249279538904899 0.02587646076794658 0.04178674351585014
0 0.5404841402337228 0.3580691642651297 0.02921535893155259 0.059077809798270896
0 0.5584307178631052 0.40778097982708933 0.03171953255425709 0.05475504322766571
0 0.5997495826377296 0.37896253602305474 0.02921535893155259 0.06340057636887608
0 0.6110183639398998 0.3314121037463977 0.02671118530884808 0.04899135446685879
0 0.6502504173622704 0.30331412103746397 0.02003338898163606 0.03890489913544669
0 0.6581803005008348 0.34293948126801155 0.027545909849749584 0.04610951008645533
0 0.6448247078464107 0.46902017291066284 0.037562604340567615 0.07348703170028818
0 0.5993322203672788 0.4531700288184438 0.03171953255425709 0.07636887608069164
0 0.7132721202003339 0.5518731988472623 0.045909849749582635 0.07492795389048991
0 0.6752921535893155 0.38328530259365995 0.028380634390651086 0.06051873198847262
0 0.7020033388981636 0.3695965417867435 0.02337228714524207 0.053314121037463975
0 0.7395659432387313 0.4085014409221902 0.035058430717863104 0.056195965417867436
0 0.7057595993322203 0.3011527377521614 0.020868113522537562 0.040345821325648415
0 0.6773789649415692 0.276657060518732 0.019198664440734557 0.037463976945244955
0 0.7182804674457429 0.25288184438040345 0.015859766277128547 0.03602305475504323
0 0.7182804674457429 0.2989913544668588 0.017529215358931552 0.03890489913544669
0 0.7412353923205343 0.25720461095100866 0.015025041736227046 0.03890489913544669
0 0.7487479131886478 0.23919308357348704 0.011686143572621035 0.02881844380403458
0 0.760016694490818 0.23126801152737753 0.014190317195325543 0.03314121037463977
0 0.7838063439065108 0.2744956772334294 0.018363939899833055 0.03314121037463977
0 0.7946577629382304 0.24063400576368876 0.018363939899833055 0.0345821325648415
0 0.8234557595993323 0.24639769452449567 0.014190317195325543 0.03170028818443804
0 0.8276293823038398 0.2723342939481268 0.012520868113522538 0.02881844380403458
0 0.8259599332220368 0.3076368876080692 0.019198664440734557 0.03890489913544669
0 0.8213689482470785 0.3580691642651297 0.025041736227045076 0.053314121037463975
0 0.8009181969949917 0.42939481268011526 0.030884808013355594 0.06340057636887608
0 0.8451585976627712 0.5122478386167147 0.037562604340567615 0.0792507204610951
0 0.8593489148580968 0.4538904899135447 0.034223706176961605 0.07492795389048991
0 0.9403171953255426 0.47406340057636887 0.03923205342237062 0.07492795389048991
0 0.92779632721202 0.3976945244956772 0.022537562604340568 0.04899135446685879
0 0.8735392320534223 0.37752161383285304 0.024207011686143573 0.05763688760806916
0 0.8831385642737897 0.34221902017291067 0.02003338898163606 0.053314121037463975
0 0.8593489148580968 0.3134005763688761 0.022537562604340568 0.04755043227665706
0 0.8614357262103506 0.2730547550432277 0.01335559265442404 0.03314121037463977
0 0.8580968280467446 0.25504322766570603 0.015025041736227046 0.02881844380403458
0 0.8893989983305509 0.25720461095100866 0.015859766277128547 0.03314121037463977
0 0.8706176961602671 0.2744956772334294 0.01335559265442404 0.03602305475504323
0 0.9081803005008348 0.27521613832853026 0.015025041736227046 0.0345821325648415
0 0.9031719532554258 0.32060518731988474 0.02003338898163606 0.0446685878962536
0 0.9240400667779632 0.3047550432276657 0.01669449081803005 0.03314121037463977
0 0.9449081803005008 0.35662824207492794 0.018363939899833055 0.04178674351585014
0 0.9474123539232053 0.30835734870317005 0.01669449081803005 0.03170028818443804
0 0.9553422370617696 0.27593659942363113 0.015859766277128547 0.03314121037463977