0 0.3414985590778098 0.2158703071672355 0.020172910662824207 0.03924914675767918
0 0.34341978866474543 0.2645051194539249 0.025936599423631124 0.06825938566552901
0 0.4010566762728146 0.2525597269624573 0.025936599423631124 0.04436860068259386
0 0.4164265129682997 0.22866894197952217 0.01825168107588857 0.030716723549488054
0 0.4409221902017291 0.22440273037542663 0.023054755043227664 0.04607508532423208
0 0.4899135446685879 0.2226962457337884 0.01729106628242075 0.04607508532423208
0 0.4817483189241114 0.12798634812286688 0.01440922190201729 0.023890784982935155
0 0.5076849183477425 0.12798634812286688 0.012487992315081652 0.023890784982935155
0 0.521613832853026 0.13822525597269625 0.01536983669548511 0.034129692832764506
0 0.5124879923150817 0.17491467576791808 0.01825168107588857 0.03924914675767918
0 0.5417867435158501 0.2098976109215017 0.01921229586935639 0.03754266211604096
0 0.5869356388088377 0.17491467576791808 0.021133525456292025 0.032423208191126277
0 0.579250720461095 0.12286689419795221 0.013448607108549471 0.023890784982935155
0 0.6047070124879923 0.13054607508532423 0.01633045148895293 0.032423208191126277
0 0.6277617675312199 0.14249146757679182 0.01440922190201729 0.032423208191126277
0 0.5787704130643612 0.25170648464163825 0.020172910662824207 0.052901023890784986
0 0.6431316042267051 0.25 0.024015369836695485 0.042662116040955635
0 0.6368876080691642 0.23208191126279865 0.021133525456292025 0.040955631399317405
0 0.6738712776176753 0.2815699658703072 0.024015369836695485 0.04436860068259386
0 0.7315081652257445 0.29436860068259385 0.025936599423631124 0.06313993174061433
0 0.6738712776176753 0.19283276450511946 0.01825168107588857 0.03754266211604096
0 0.696445725264169 0.18430034129692832 0.01729106628242075 0.034129692832764506
0 0.7348703170028819 0.18515358361774745 0.01921229586935639 0.032423208191126277
0 0.7319884726224783 0.07593856655290103 0.01536983669548511 0.032423208191126277
0 0.7420749279538905 0.07593856655290103 0.01440922190201729 0.025597269624573378
0 0.7632084534101825 0.27047781569965873 0.025936599423631124 0.04607508532423208
0 0.8112391930835735 0.28071672354948807 0.024015369836695485 0.059726962457337884
0 0.8501440922190202 0.19368600682593856 0.01729106628242075 0.02901023890784983
0 0.8429394812680115 0.23464163822525597 0.01633045148895293 0.04607508532423208
0 0.8688760806916427 0.28754266211604096 0.022094140249759846 0.04948805460750853
0 0.8559077809798271 0.3216723549488055 0.026897214217098942 0.052901023890784986
0 0.920268972142171 0.3583617747440273 0.021133525456292025 0.06825938566552901
0 0.9370797310278578 0.2790102389078498 0.01825168107588857 0.052901023890784986
0 0.93611911623439 0.2431740614334471 0.01440922190201729 0.03583617747440273
0 0.8909702209414025 0.22013651877133106 0.020172910662824207 0.040955631399317405