0 0.20080645161290323 0.421015514809591 0.043548387096774194 0.08603667136812412
0 0.2854838709677419 0.25740479548660083 0.016129032258064516 0.03244005641748942
0 0.2991935483870968 0.24118476727785615 0.017741935483870968 0.04231311706629055
0 0.33064516129032256 0.2616361071932299 0.02258064516129032 0.0380818053596615
0 0.32379032258064516 0.21086036671368125 0.013709677419354839 0.03244005641748942
0 0.33588709677419354 0.21297602256699577 0.01532258064516129 0.036671368124118475
0 0.4032258064516129 0.25105782792665726 0.01935483870967742 0.04231311706629055
0 0.40080645161290324 0.229901269393512 0.01935483870967742 0.04231311706629055
0 0.43185483870967745 0.24400564174894218 0.020161290322580645 0.039492242595204514
0 0.4274193548387097 0.25952045133991536 0.02258064516129032 0.05077574047954866
0 0.41411290322580646 0.18406205923836388 0.01532258064516129 0.029619181946403384
0 0.4306451612903226 0.17842031029619182 0.014516129032258065 0.03244005641748942
0 0.41008064516129034 0.16713681241184766 0.013709677419354839 0.03244005641748942
0 0.4290322580645161 0.15655853314527504 0.014516129032258065 0.03385049365303244
0 0.4689516129032258 0.1368124118476728 0.012096774193548387 0.028208744710860368
0 0.47258064516129034 0.14809590973201692 0.012903225806451613 0.031029619181946404
0 0.4814516129032258 0.18406205923836388 0.016129032258064516 0.04090267983074753
0 0.47943548387096774 0.22073342736248236 0.016935483870967744 0.0465444287729196
0 0.5298387096774193 0.18899858956276447 0.017741935483870968 0.04231311706629055
0 0.5149193548387097 0.1770098730606488 0.01532258064516129 0.03526093088857546
0 0.4899193548387097 0.1311706629055007 0.010483870967741936 0.02538787023977433
0 0.49798387096774194 0.11918194640338504 0.008870967741935484 0.023977433004231313
0 0.521774193548387 0.12200282087447109 0.012903225806451613 0.029619181946403384
0 0.5375 0.1311706629055007 0.01532258064516129 0.031029619181946404
0 0.5620967741935484 0.1530324400564175 0.014516129032258065 0.03526093088857546
0 0.5665322580645161 0.1311706629055007 0.013709677419354839 0.028208744710860368
0 0.47096774193548385 0.31946403385049366 0.02258064516129032 0.05218617771509168
0 0.5459677419354839 0.2947813822284908 0.03387096774193549 0.0535966149506347
0 0.5907258064516129 0.23201692524682652 0.018548387096774192 0.0465444287729196
0 0.5995967741935484 0.15726375176304655 0.01532258064516129 0.03244005641748942
0 0.5935483870967742 0.13328631875881522 0.012903225806451613 0.029619181946403384
0 0.5899193548387097 0.09943582510578279 0.013709677419354839 0.023977433004231313
0 0.6004032258064517 0.10225669957686882 0.012096774193548387 0.029619181946403384
0 0.6161290322580645 0.1375176304654443 0.012903225806451613 0.03244005641748942
0 0.6141129032258065 0.11706629055007052 0.010483870967741936 0.02538787023977433
0 0.6274193548387097 0.12482369534555712 0.01129032258064516 0.029619181946403384
0 0.6608870967741935 0.10507757404795487 0.013709677419354839 0.023977433004231313
0 0.6782258064516129 0.10578279266572638 0.01129032258064516 0.028208744710860368
0 0.6564516129032258 0.1607898448519041 0.016129032258064516 0.045133991537376586
0 0.6201612903225806 0.19887165021156558 0.017741935483870968 0.039492242595204514
0 0.6423387096774194 0.2306064880112835 0.02338709677419355 0.0465444287729196
0 0.6584677419354839 0.2566995768688293 0.020161290322580645 0.045133991537376586
0 0.6693548387096774 0.29760225669957685 0.03064516129032258 0.06488011283497884
0 0.6612903225806451 0.20310296191819463 0.02258064516129032 0.047954866008462625
0 0.6842741935483871 0.14950634696755993 0.01532258064516129 0.031029619181946404
0 0.7129032258064516 0.17136812411847674 0.014516129032258065 0.03244005641748942
0 0.7245967741935484 0.153737658674189 0.013709677419354839 0.031029619181946404
0 0.7411290322580645 0.1847672778561354 0.01935483870967742 0.04231311706629055
0 0.7193548387096774 0.21015514809590974 0.02258064516129032 0.039492242595204514
0 0.7286290322580645 0.25881523272214385 0.02661290322580645 0.05782792665726375
0 0.7693548387096775 0.3229901269393512 0.03225806451612903 0.05923836389280677
0 0.7657258064516129 0.21297602256699577 0.020161290322580645 0.039492242595204514
0 0.769758064516129 0.16854724964739068 0.01532258064516129 0.0380818053596615
0 0.7649193548387097 0.14033850493653033 0.01532258064516129 0.03244005641748942
0 0.7806451612903226 0.12552891396332863 0.014516129032258065 0.036671368124118475
0 0.8096774193548387 0.1234132581100141 0.014516129032258065 0.04090267983074753
0 0.7935483870967742 0.15867418899858957 0.012903225806451613 0.03244005641748942
0 0.8040322580645162 0.19534555712270804 0.017741935483870968 0.04090267983074753
0 0.8181451612903226 0.16643159379407615 0.016935483870967744 0.047954866008462625
0 0.8338709677419355 0.152327221438646 0.014516129032258065 0.031029619181946404
0 0.8439516129032258 0.12693935119887165 0.012096774193548387 0.031029619181946404
0 0.8758064516129033 0.13610719322990128 0.012903225806451613 0.03244005641748942
0 0.8560483870967742 0.1763046544428773 0.013709677419354839 0.031029619181946404
0 0.85 0.2009873060648801 0.016129032258064516 0.0380818053596615
0 0.8354838709677419 0.21861777150916784 0.02258064516129032 0.045133991537376586
0 0.8028225806451613 0.27080394922425954 0.025 0.056417489421720736
0 0.8637096774193549 0.28067700987306066 0.024193548387096774 0.0535966149506347
0 0.8959677419354839 0.20239774330042312 0.016129032258064516 0.04090267983074753
0 0.9221774193548387 0.25176304654442877 0.020161290322580645 0.05218617771509168
0 0.894758064516129 0.18335684062059238 0.013709677419354839 0.03385049365303244