0 0.12094017094017094 0.5340236686390533 0.0452991452991453 0.08579881656804733
0 0.21837606837606838 0.3380177514792899 0.01623931623931624 0.034023668639053255
0 0.2482905982905983 0.35872781065088755 0.021367521367521368 0.04585798816568047
0 0.27393162393162396 0.3779585798816568 0.023076923076923078 0.04881656804733728
0 0.27393162393162396 0.3150887573964497 0.017948717948717947 0.03254437869822485
0 0.33076923076923076 0.35502958579881655 0.023931623931623933 0.04437869822485207
0 0.3491452991452991 0.3328402366863905 0.01623931623931624 0.03550295857988166
0 0.347008547008547 0.29659763313609466 0.017094017094017096 0.034023668639053255
0 0.4047008547008547 0.3328402366863905 0.021367521367521368 0.04437869822485207
0 0.3858974358974359 0.2588757396449704 0.017948717948717947 0.03550295857988166
0 0.4076923076923077 0.2692307692307692 0.015384615384615385 0.029585798816568046
0 0.4247863247863248 0.2581360946745562 0.013675213675213675 0.02514792899408284
0 0.441025641025641 0.2655325443786982 0.015384615384615385 0.03698224852071006
0 0.4444444444444444 0.33949704142011833 0.022222222222222223 0.051775147928994084
0 0.4025641025641026 0.30029585798816566 0.020512820512820513 0.029585798816568046
0 0.46623931623931625 0.3158284023668639 0.019658119658119658 0.03698224852071006
0 0.46452991452991454 0.2655325443786982 0.01623931623931624 0.028106508875739646
0 0.4675213675213675 0.23742603550295857 0.017094017094017096 0.034023668639053255
0 0.5081196581196581 0.261094674556213 0.01452991452991453 0.02514792899408284
0 0.5021367521367521 0.3328402366863905 0.023076923076923078 0.04437869822485207
0 0.5260683760683761 0.2744082840236686 0.01623931623931624 0.03698224852071006
0 0.5482905982905983 0.253698224852071 0.01452991452991453 0.03698224852071006
0 0.5333333333333333 0.2522189349112426 0.015384615384615385 0.03698224852071006
0 0.5547008547008547 0.27884615384615385 0.020512820512820513 0.03698224852071006
0 0.520940170940171 0.246301775147929 0.01452991452991453 0.03106508875739645
0 0.5606837606837607 0.21893491124260356 0.013675213675213675 0.029585798816568046
0 0.573076923076923 0.21671597633136094 0.01623931623931624 0.03106508875739645
0 0.6068376068376068 0.20710059171597633 0.013675213675213675 0.029585798816568046
0 0.6098290598290599 0.22189349112426035 0.011111111111111112 0.029585798816568046
0 0.6316239316239316 0.21597633136094674 0.013675213675213675 0.026627218934911243
0 0.6444444444444445 0.22189349112426035 0.013675213675213675 0.029585798816568046
0 0.6393162393162393 0.2485207100591716 0.015384615384615385 0.026627218934911243
0 0.6059829059829059 0.25 0.015384615384615385 0.026627218934911243
0 0.5820512820512821 0.2588757396449704 0.015384615384615385 0.03254437869822485
0 0.5747863247863247 0.24186390532544377 0.01282051282051282 0.03106508875739645
0 0.6076923076923076 0.3261834319526627 0.022222222222222223 0.05473372781065089
0 0.6807692307692308 0.20710059171597633 0.01452991452991453 0.029585798816568046
0 0.6927350427350427 0.21819526627218935 0.01452991452991453 0.034023668639053255
0 0.6833333333333333 0.23298816568047337 0.01452991452991453 0.03106508875739645
0 0.6777777777777778 0.2729289940828402 0.017094017094017096 0.03698224852071006
0 0.6393162393162393 0.2995562130177515 0.020512820512820513 0.03994082840236687
0 0.6858974358974359 0.3113905325443787 0.019658119658119658 0.04585798816568047
0 0.7115384615384616 0.3010355029585799 0.019658119658119658 0.042899408284023666
0 0.7153846153846154 0.24778106508875739 0.015384615384615385 0.034023668639053255
0 0.7474358974358974 0.2507396449704142 0.01452991452991453 0.03994082840236687
0 0.7538461538461538 0.2359467455621302 0.017094017094017096 0.034023668639053255
0 0.7931623931623931 0.23298816568047337 0.015384615384615385 0.03106508875739645
0 0.7867521367521367 0.2588757396449704 0.01452991452991453 0.026627218934911243
0 0.7957264957264957 0.2618343195266272 0.015384615384615385 0.04142011834319527
0 0.7846153846153846 0.28476331360946744 0.018803418803418803 0.03698224852071006
0 0.8252136752136752 0.29659763313609466 0.017948717948717947 0.03994082840236687
0 0.8226495726495726 0.2455621301775148 0.01623931623931624 0.03254437869822485
0 0.8337606837606838 0.27366863905325445 0.01623931623931624 0.038461538461538464
0 0.8594017094017095 0.2566568047337278 0.011111111111111112 0.03106508875739645
0 0.8692307692307693 0.26331360946745563 0.011965811965811967 0.03254437869822485
0 0.8747863247863248 0.2744082840236686 0.01623931623931624 0.03698224852071006
0 0.8952991452991453 0.2551775147928994 0.01282051282051282 0.03994082840236687
0 0.9132478632478632 0.2988165680473373 0.01282051282051282 0.029585798816568046
0 0.9568376068376069 0.28254437869822485 0.01623931623931624 0.029585798816568046
0 0.9504273504273504 0.3069526627218935 0.011965811965811967 0.03106508875739645
0 0.947008547008547 0.34245562130177515 0.020512820512820513 0.03994082840236687
0 0.9047008547008547 0.3217455621301775 0.01623931623931624 0.034023668639053255
0 0.8576923076923076 0.3276627218934911 0.01452991452991453 0.03994082840236687
0 0.885042735042735 0.33727810650887574 0.017948717948717947 0.04437869822485207
0 0.9495726495726495 0.4068047337278107 0.020512820512820513 0.047337278106508875
0 0.9243589743589744 0.4526627218934911 0.024786324786324785 0.05917159763313609
0 0.8662393162393163 0.41050295857988167 0.021367521367521368 0.05473372781065089
0 0.8247863247863247 0.3609467455621302 0.020512820512820513 0.05325443786982249
0 0.8320512820512821 0.33210059171597633 0.01623931623931624 0.042899408284023666
0 0.852991452991453 0.47411242603550297 0.023931623931623933 0.060650887573964495
0 0.7782051282051282 0.4356508875739645 0.029914529914529916 0.06360946745562131
0 0.7299145299145299 0.40162721893491127 0.02564102564102564 0.051775147928994084
0 0.7008547008547008 0.3631656804733728 0.022222222222222223 0.051775147928994084
0 0.6542735042735043 0.34467455621301774 0.021367521367521368 0.047337278106508875
0 0.6649572649572649 0.3624260355029586 0.02564102564102564 0.05029585798816568
0 0.6166666666666667 0.375 0.028205128205128206 0.05473372781065089
0 0.5405982905982906 0.35872781065088755 0.023076923076923078 0.05473372781065089
0 0.47863247863247865 0.40902366863905326 0.02564102564102564 0.06360946745562131
0 0.5205128205128206 0.4467455621301775 0.03418803418803419 0.0621301775147929
0 0.591025641025641 0.45636094674556216 0.029914529914529916 0.06656804733727811
0 0.6401709401709401 0.47115384615384615 0.037606837606837605 0.06656804733727811
0 0.7098290598290599 0.5488165680473372 0.03675213675213675 0.08579881656804733
0 0.8196581196581196 0.5931952662721893 0.035897435897435895 0.07692307692307693