0 0.12870448772226925 0.5372191011235955 0.03725656223539373 0.06882022471910113
0 0.22988992379339543 0.3258426966292135 0.01947502116850127 0.03089887640449438
0 0.26037256562235395 0.3321629213483146 0.01947502116850127 0.037921348314606744
0 0.28619813717188824 0.35603932584269665 0.018628281117696866 0.04353932584269663
0 0.28831498729889926 0.29775280898876405 0.017781541066892465 0.033707865168539325
0 0.3640982218458933 0.33075842696629215 0.02201524132091448 0.04073033707865169
0 0.3569009314140559 0.2830056179775281 0.016088060965283656 0.026685393258426966
0 0.3895004233700254 0.32162921348314605 0.018628281117696866 0.03932584269662921
0 0.4123624047417443 0.3181179775280899 0.018628281117696866 0.032303370786516857
0 0.4005080440304826 0.2478932584269663 0.015241320914479255 0.032303370786516857
0 0.4123624047417443 0.26474719101123595 0.015241320914479255 0.02949438202247191
0 0.4136325148179509 0.288623595505618 0.017781541066892465 0.02949438202247191
0 0.4415749364944962 0.29985955056179775 0.01947502116850127 0.032303370786516857
0 0.45469940728196445 0.3188202247191011 0.02032176121930567 0.03651685393258427
0 0.48052497883149875 0.29353932584269665 0.01947502116850127 0.033707865168539325
0 0.43141405588484333 0.24648876404494383 0.014394580863674851 0.02949438202247191
0 0.45088907705334463 0.25140449438202245 0.014394580863674851 0.033707865168539325
0 0.46613039796782385 0.23595505617977527 0.016088060965283656 0.03089887640449438
0 0.47502116850127013 0.22542134831460675 0.011854360711261643 0.023876404494382022
0 0.48010160880609654 0.2542134831460674 0.015241320914479255 0.03089887640449438
0 0.4970364098221846 0.2535112359550562 0.015241320914479255 0.02949438202247191
0 0.5122777307366638 0.2478932584269663 0.011854360711261643 0.026685393258426966
0 0.5275190516511431 0.23103932584269662 0.015241320914479255 0.023876404494382022
0 0.5296359017781541 0.26474719101123595 0.016088060965283656 0.02949438202247191
0 0.5118543607112617 0.31320224719101125 0.01947502116850127 0.033707865168539325
0 0.5495342929720576 0.2401685393258427 0.01693480101608806 0.033707865168539325
0 0.5622353937341237 0.2717696629213483 0.01693480101608806 0.0351123595505618
0 0.5791701947502117 0.2577247191011236 0.015241320914479255 0.032303370786516857
0 0.5766299745977985 0.2071629213483146 0.011854360711261643 0.021067415730337078
0 0.5791701947502117 0.22191011235955055 0.013547840812870448 0.028089887640449437
0 0.5939881456392887 0.22963483146067415 0.016088060965283656 0.02949438202247191
0 0.6058425063505504 0.2443820224719101 0.016088060965283656 0.03089887640449438
0 0.61346316680779 0.2127808988764045 0.012701100762066046 0.026685393258426966
0 0.61346316680779 0.19803370786516855 0.014394580863674851 0.025280898876404494
0 0.6380186282811177 0.20646067415730338 0.016088060965283656 0.033707865168539325
0 0.6511430990685859 0.21207865168539325 0.01693480101608806 0.028089887640449437
0 0.6541066892464014 0.23384831460674158 0.016088060965283656 0.02949438202247191
0 0.682895850973751 0.20154494382022473 0.012701100762066046 0.02949438202247191
0 0.6879762912785775 0.21980337078651685 0.012701100762066046 0.023876404494382022
0 0.7006773920406435 0.21558988764044945 0.014394580863674851 0.02949438202247191
0 0.6824724809483489 0.26474719101123595 0.015241320914479255 0.032303370786516857
0 0.720575783234547 0.23876404494382023 0.015241320914479255 0.03089887640449438
0 0.6443691786621507 0.2907303370786517 0.02201524132091448 0.042134831460674156
0 0.6583403895004234 0.3237359550561798 0.021168501270110076 0.0351123595505618
0 0.609229466553768 0.3167134831460674 0.02286198137171888 0.04073033707865169
0 0.6020321761219306 0.3693820224719101 0.027095681625740897 0.056179775280898875
0 0.6219305673158341 0.41924157303370785 0.0279424216765453 0.06320224719101124
0 0.6447925486875529 0.45435393258426965 0.03471634208298052 0.06601123595505617
0 0.5558848433530906 0.38764044943820225 0.029635901778154106 0.05056179775280899
0 0.5376799322607959 0.34480337078651685 0.02201524132091448 0.046348314606741575
0 0.4983065198983912 0.3771067415730337 0.03132938187976291 0.054775280898876406
0 0.676545300592718 0.3693820224719101 0.02540220152413209 0.056179775280898875
0 0.6994072819644369 0.34620786516853935 0.02201524132091448 0.04915730337078652
0 0.7408975444538527 0.3925561797752809 0.03048264182895851 0.046348314606741575
0 0.7163420829805249 0.5259831460674157 0.04233700254022015 0.06601123595505617
0 0.844623200677392 0.48314606741573035 0.03302286198137172 0.0702247191011236
0 0.8031329381879763 0.4122191011235955 0.03132938187976291 0.05196629213483146
0 0.8645215918712955 0.43469101123595505 0.03386960203217612 0.05758426966292135
0 0.9432684165961049 0.45224719101123595 0.03386960203217612 0.056179775280898875
0 0.9352243861134631 0.38202247191011235 0.021168501270110076 0.0449438202247191
0 0.8797629127857748 0.36235955056179775 0.02201524132091448 0.056179775280898875
0 0.8247248094834886 0.3419943820224719 0.02032176121930567 0.046348314606741575
0 0.7074513124470787 0.29353932584269665 0.017781541066892465 0.033707865168539325
0 0.7218458933107536 0.29213483146067415 0.01947502116850127 0.033707865168539325
0 0.745977984758679 0.24367977528089887 0.015241320914479255 0.032303370786516857
0 0.7629127857747672 0.22191011235955055 0.013547840812870448 0.028089887640449437
0 0.7502116850127011 0.22963483146067415 0.011854360711261643 0.026685393258426966
0 0.792125317527519 0.2521067415730337 0.016088060965283656 0.026685393258426966
0 0.7955122777307366 0.2816011235955056 0.021168501270110076 0.0351123595505618
0 0.7701100762066045 0.2556179775280899 0.017781541066892465 0.033707865168539325
0 0.7967823878069432 0.22893258426966293 0.015241320914479255 0.03089887640449438
0 0.8281117696867062 0.2345505617977528 0.013547840812870448 0.03089887640449438
0 0.8310753598645216 0.2598314606741573 0.014394580863674851 0.028089887640449437
0 0.8323454699407282 0.29002808988764045 0.015241320914479255 0.04073033707865169
0 0.8632514817950889 0.29985955056179775 0.017781541066892465 0.0351123595505618
0 0.867485182049111 0.261938202247191 0.017781541066892465 0.037921348314606744
0 0.8607112616426758 0.24508426966292135 0.014394580863674851 0.02949438202247191
0 0.8776460626587638 0.25842696629213485 0.012701100762066046 0.03089887640449438
0 0.8933107535986452 0.24929775280898878 0.013547840812870448 0.0351123595505618
0 0.9136325148179509 0.25912921348314605 0.01693480101608806 0.032303370786516857
0 0.9068585944115156 0.3061797752808989 0.015241320914479255 0.03932584269662921
0 0.8873835732430144 0.32092696629213485 0.018628281117696866 0.046348314606741575
0 0.9513124470787468 0.3433988764044944 0.01947502116850127 0.04073033707865169
0 0.9292972057578324 0.2907303370786517 0.017781541066892465 0.03932584269662921
0 0.9525825571549534 0.29564606741573035 0.015241320914479255 0.02949438202247191
0 0.9593564775613886 0.261938202247191 0.015241320914479255 0.0351123595505618