0 0.08861386138613861 0.28125 0.020792079207920793 0.04861111111111111
0 0.27821782178217824 0.2361111111111111 0.015841584158415842 0.03125
0 0.29306930693069305 0.2326388888888889 0.013861386138613862 0.027777777777777776
0 0.3306930693069307 0.22395833333333334 0.015841584158415842 0.03125
0 0.35 0.1831597222222222 0.01485148514851485 0.029513888888888888
0 0.35445544554455444 0.1996527777777778 0.015841584158415842 0.027777777777777776
0 0.35 0.22916666666666666 0.01881188118811881 0.03125
0 0.3782178217821782 0.2404513888888889 0.01782178217821782 0.03298611111111111
0 0.3787128712871287 0.2065972222222222 0.01485148514851485 0.027777777777777776
0 0.3915841584158416 0.21354166666666666 0.01881188118811881 0.03819444444444445
0 0.41138613861386136 0.23958333333333334 0.020792079207920793 0.03819444444444445
0 0.4054455445544555 0.1753472222222222 0.01485148514851485 0.027777777777777776
0 0.4024752475247525 0.1657986111111111 0.01287128712871287 0.022569444444444444
0 0.4267326732673267 0.16666666666666666 0.011881188118811881 0.017361111111111112
0 0.42376237623762375 0.19270833333333334 0.013861386138613862 0.024305555555555556
0 0.4292079207920792 0.2074652777777778 0.01485148514851485 0.029513888888888888
0 0.44702970297029704 0.2013888888888889 0.01485148514851485 0.024305555555555556
0 0.4608910891089109 0.21614583333333334 0.01881188118811881 0.03298611111111111
0 0.44554455445544555 0.2552083333333333 0.02178217821782178 0.03819444444444445
0 0.4504950495049505 0.1623263888888889 0.015841584158415842 0.029513888888888888
0 0.4891089108910891 0.15625 0.011881188118811881 0.024305555555555556
0 0.5 0.15885416666666666 0.013861386138613862 0.026041666666666668
0 0.5054455445544555 0.1345486111111111 0.01089108910891089 0.019097222222222224
0 0.5331683168316832 0.13802083333333334 0.01485148514851485 0.029513888888888888
0 0.5277227722772277 0.1875 0.015841584158415842 0.027777777777777776
0 0.5079207920792079 0.19010416666666666 0.013861386138613862 0.029513888888888888
0 0.5396039603960396 0.1657986111111111 0.013861386138613862 0.029513888888888888
0 0.552970297029703 0.1328125 0.01287128712871287 0.026041666666666668
0 0.556930693069307 0.1449652777777778 0.01485148514851485 0.029513888888888888
0 0.560891089108911 0.1892361111111111 0.01485148514851485 0.034722222222222224
0 0.5712871287128712 0.16927083333333334 0.013861386138613862 0.03298611111111111
0 0.5787128712871287 0.14756944444444445 0.01287128712871287 0.027777777777777776
0 0.597029702970297 0.08159722222222222 0.011881188118811881 0.020833333333333332
0 0.6198019801980198 0.10850694444444445 0.009900990099009901 0.019097222222222224
0 0.6188118811881188 0.1267361111111111 0.011881188118811881 0.020833333333333332
0 0.5985148514851485 0.1501736111111111 0.01287128712871287 0.026041666666666668
0 0.6094059405940594 0.1684027777777778 0.01287128712871287 0.027777777777777776
0 0.6287128712871287 0.1467013888888889 0.011881188118811881 0.026041666666666668
0 0.6445544554455446 0.12586805555555555 0.013861386138613862 0.026041666666666668
0 0.6633663366336634 0.1154513888888889 0.011881188118811881 0.022569444444444444
0 0.6663366336633664 0.1284722222222222 0.011881188118811881 0.020833333333333332
0 0.6465346534653466 0.16145833333333334 0.011881188118811881 0.024305555555555556
0 0.6841584158415842 0.140625 0.013861386138613862 0.027777777777777776
0 0.6896039603960396 0.11805555555555555 0.01089108910891089 0.020833333333333332
0 0.7118811881188118 0.1232638888888889 0.013861386138613862 0.024305555555555556
0 0.598019801980198 0.23350694444444445 0.019801980198019802 0.036458333333333336
0 0.6425742574257426 0.2595486111111111 0.02574257425742574 0.03993055555555555
0 0.6737623762376238 0.19010416666666666 0.016831683168316833 0.03298611111111111
0 0.6871287128712872 0.22743055555555555 0.01782178217821782 0.03819444444444445
0 0.692079207920792 0.2743055555555556 0.01782178217821782 0.041666666666666664
0 0.7019801980198019 0.3185763888888889 0.02574257425742574 0.06076388888888889
0 0.7198019801980198 0.19270833333333334 0.015841584158415842 0.03125
0 0.7054455445544554 0.18663194444444445 0.01881188118811881 0.03298611111111111
0 0.7386138613861386 0.15625 0.013861386138613862 0.027777777777777776
0 0.7425742574257426 0.1762152777777778 0.01782178217821782 0.03298611111111111
0 0.7594059405940594 0.20399305555555555 0.01782178217821782 0.03298611111111111
0 0.7396039603960396 0.23958333333333334 0.01782178217821782 0.03819444444444445
0 0.7737623762376238 0.2508680555555556 0.01881188118811881 0.046875
0 0.7995049504950495 0.2951388888888889 0.024752475247524754 0.04513888888888889
0 0.806930693069307 0.2204861111111111 0.01782178217821782 0.034722222222222224
0 0.8277227722772277 0.2699652777777778 0.02178217821782178 0.046875
0 0.847029702970297 0.2265625 0.016831683168316833 0.036458333333333336
0 0.9168316831683169 0.3585069444444444 0.02574257425742574 0.05381944444444445
0 0.9287128712871288 0.2638888888888889 0.01782178217821782 0.03819444444444445
0 0.950990099009901 0.22569444444444445 0.01485148514851485 0.03125
0 0.941089108910891 0.2144097222222222 0.01485148514851485 0.03298611111111111
0 0.9579207920792079 0.20052083333333334 0.01287128712871287 0.029513888888888888
0 0.950990099009901 0.1935763888888889 0.01089108910891089 0.022569444444444444
0 0.9178217821782179 0.1623263888888889 0.013861386138613862 0.022569444444444444
0 0.9128712871287129 0.18663194444444445 0.013861386138613862 0.03298611111111111
0 0.9064356435643565 0.19010416666666666 0.01287128712871287 0.03298611111111111
0 0.8995049504950495 0.21788194444444445 0.01287128712871287 0.03993055555555555
0 0.8861386138613861 0.24479166666666666 0.019801980198019802 0.041666666666666664
0 0.8762376237623762 0.18836805555555555 0.015841584158415842 0.029513888888888888
0 0.8806930693069307 0.16666666666666666 0.01287128712871287 0.024305555555555556
0 0.8608910891089109 0.1623263888888889 0.01089108910891089 0.026041666666666668
0 0.845049504950495 0.17100694444444445 0.01485148514851485 0.029513888888888888
0 0.8366336633663366 0.1857638888888889 0.011881188118811881 0.024305555555555556
0 0.8227722772277227 0.2152777777777778 0.015841584158415842 0.024305555555555556
0 0.8004950495049505 0.1762152777777778 0.01287128712871287 0.022569444444444444
0 0.8084158415841585 0.14149305555555555 0.01089108910891089 0.022569444444444444
0 0.8405940594059406 0.1449652777777778 0.009900990099009901 0.022569444444444444
0 0.7900990099009901 0.15711805555555555 0.011881188118811881 0.026041666666666668
0 0.7777227722772277 0.15364583333333334 0.01287128712871287 0.022569444444444444
0 0.7851485148514852 0.1388888888888889 0.011881188118811881 0.020833333333333332
0 0.7638613861386139 0.14322916666666666 0.01287128712871287 0.029513888888888888
0 0.751980198019802 0.3871527777777778 0.030693069306930693 0.0625