0 0.18418514946962392 0.33420593368237345 0.04628736740597879 0.0924956369982548
0 0.37753134040501446 0.19720767888307156 0.01832208293153327 0.041884816753926704
0 0.3809064609450338 0.17277486910994763 0.019286403085824494 0.031413612565445025
0 0.4146576663452266 0.21378708551483422 0.021215043394406944 0.04363001745200698
0 0.38910318225650914 0.2705061082024433 0.026036644165863067 0.04537521815008726
0 0.422854387656702 0.18324607329842932 0.024108003857280617 0.034904013961605584
0 0.4802314368370299 0.18150087260034903 0.02700096432015429 0.04537521815008726
0 0.4783027965284474 0.1544502617801047 0.017357762777242044 0.03664921465968586
0 0.4561234329797493 0.22600349040139617 0.021215043394406944 0.04013961605584642
0 0.5163934426229508 0.19546247818499127 0.024108003857280617 0.05235602094240838
0 0.5366441658630665 0.19546247818499127 0.020250723240115717 0.041884816753926704
0 0.5525554484088717 0.06893542757417102 0.013500482160077145 0.029668411867364748
0 0.5776277724204436 0.12478184991273997 0.015429122468659595 0.03315881326352531
0 0.6215043394406943 0.1518324607329843 0.024108003857280617 0.04886561954624782
0 0.6051108968177434 0.24520069808027922 0.022179363548698167 0.04712041884816754
0 0.6364513018322083 0.24520069808027922 0.02892960462873674 0.06108202443280977
0 0.6253616200578592 0.3080279232111693 0.033751205400192864 0.06806282722513089
0 0.7328833172613307 0.2914485165794066 0.03085824493731919 0.06631762652705062
0 0.6846673095467696 0.17975567190226877 0.017357762777242044 0.038394415357766144
0 0.7097396335583414 0.15881326352530542 0.019286403085824494 0.038394415357766144
0 0.7107039537126326 0.2006980802792321 0.017357762777242044 0.041884816753926704
0 0.7434908389585342 0.16841186736474695 0.019286403085824494 0.03315881326352531
0 0.7545805207328833 0.1457242582897033 0.01639344262295082 0.03315881326352531
0 0.781099324975892 0.1431064572425829 0.019286403085824494 0.038394415357766144
0 0.7685631629701061 0.1736474694589878 0.017357762777242044 0.03664921465968586
0 0.7830279652844745 0.18324607329842932 0.015429122468659595 0.031413612565445025
0 0.8008678881388621 0.1719022687609075 0.01253616200578592 0.03664921465968586
0 0.8052073288331726 0.2181500872600349 0.02507232401157184 0.04886561954624782
0 0.7536162005785921 0.20506108202443282 0.020250723240115717 0.04363001745200698
0 0.837029893924783 0.27399650959860383 0.02507232401157184 0.05235602094240838
0 0.8746383799421408 0.2870855148342059 0.02892960462873674 0.05759162303664921
0 0.914175506268081 0.28970331588132636 0.02507232401157184 0.05235602094240838
0 0.9175506268081003 0.2164048865619546 0.01832208293153327 0.041884816753926704
0 0.940212150433944 0.23909249563699825 0.019286403085824494 0.041884816753926704
0 0.9455159112825458 0.21029668411867364 0.01639344262295082 0.03315881326352531