0 0.10659694288012872 0.5163120567375886 0.04907481898632341 0.09361702127659574
0 0.23169750603378922 0.34609929078014184 0.02091713596138375 0.031205673758865248
0 0.2932421560740145 0.34397163120567376 0.015285599356395816 0.04397163120567376
0 0.29766693483507645 0.3680851063829787 0.017699115044247787 0.04113475177304964
0 0.335076427996782 0.3524822695035461 0.02333065164923572 0.04397163120567376
0 0.28921962992759453 0.30354609929078014 0.016894609814963796 0.031205673758865248
0 0.3584070796460177 0.32907801418439714 0.016894609814963796 0.03404255319148936
0 0.3608205953338697 0.2929078014184397 0.01850362027353178 0.03546099290780142
0 0.3817377312952534 0.33404255319148934 0.01850362027353178 0.03829787234042553
0 0.416331456154465 0.3354609929078014 0.02011263073209976 0.03546099290780142
0 0.39662107803700725 0.2531914893617021 0.016090104585679808 0.032624113475177303
0 0.42115848753016893 0.25957446808510637 0.013676588897827836 0.031205673758865248
0 0.4090909090909091 0.3049645390070922 0.01850362027353178 0.031205673758865248
0 0.43885760257441675 0.3049645390070922 0.02172164119066774 0.03687943262411347
0 0.4493161705551086 0.3382978723404255 0.0249396621078037 0.03829787234042553
0 0.4682220434432824 0.3049645390070922 0.019308125502815767 0.03404255319148936
0 0.4460981496379727 0.2680851063829787 0.016894609814963796 0.03404255319148936
0 0.4549477071600965 0.2524822695035461 0.013676588897827836 0.028368794326241134
0 0.4690265486725664 0.2680851063829787 0.014481094127111826 0.031205673758865248
0 0.4662107803700724 0.23546099290780143 0.012067578439259855 0.019858156028368795
0 0.49477071600965405 0.2624113475177305 0.016090104585679808 0.028368794326241134
0 0.5378117457763475 0.25177304964539005 0.015285599356395816 0.03546099290780142
0 0.5144810941271118 0.24964539007092199 0.012067578439259855 0.02553191489361702
0 0.5176991150442478 0.2574468085106383 0.015285599356395816 0.029787234042553193
0 0.5100563153660499 0.3141843971631206 0.019308125502815767 0.04397163120567376
0 0.5164923572003218 0.2929078014184397 0.014481094127111826 0.032624113475177303
0 0.5518905872888173 0.2851063829787234 0.019308125502815767 0.03687943262411347
0 0.5482703137570394 0.22695035460992907 0.016894609814963796 0.028368794326241134
0 0.5651649235720032 0.26595744680851063 0.01850362027353178 0.04113475177304964
0 0.5728077232502011 0.2425531914893617 0.012872083668543845 0.028368794326241134
0 0.5707964601769911 0.22056737588652484 0.013676588897827836 0.02695035460992908
0 0.5953338696701529 0.24893617021276596 0.012872083668543845 0.02695035460992908
0 0.5997586484312148 0.225531914893617 0.012067578439259855 0.02269503546099291
0 0.6090104585679806 0.20638297872340425 0.012872083668543845 0.029787234042553193
0 0.6234915526950925 0.21134751773049645 0.014481094127111826 0.02553191489361702
0 0.6311343523732904 0.22624113475177304 0.013676588897827836 0.032624113475177303
0 0.6387771520514883 0.24397163120567375 0.017699115044247787 0.028368794326241134
0 0.6588897827835881 0.21773049645390072 0.012872083668543845 0.024113475177304965
0 0.668543845534996 0.22907801418439716 0.011263073209975865 0.032624113475177303
0 0.6786001609010458 0.2297872340425532 0.012067578439259855 0.02553191489361702
0 0.672164119066774 0.2652482269503546 0.015285599356395816 0.03404255319148936
0 0.6299275945293644 0.2900709219858156 0.017699115044247787 0.03829787234042553
0 0.6468222043443282 0.32978723404255317 0.02091713596138375 0.03829787234042553
0 0.5933226065969429 0.32056737588652484 0.02172164119066774 0.03971631205673759
0 0.6041834271922768 0.37163120567375885 0.02574416733708769 0.0425531914893617
0 0.6452131938857603 0.38652482269503546 0.030571198712791632 0.05815602836879433
0 0.7015285599356396 0.2581560283687943 0.014481094127111826 0.03404255319148936
0 0.7272727272727273 0.26099290780141843 0.012872083668543845 0.03687943262411347
0 0.7361222847948512 0.2475177304964539 0.012872083668543845 0.029787234042553193
0 0.7445695897023331 0.22836879432624113 0.013676588897827836 0.031205673758865248
0 0.7731295253419147 0.24326241134751772 0.012872083668543845 0.029787234042553193
0 0.7650844730490748 0.2652482269503546 0.014481094127111826 0.03404255319148936
0 0.7610619469026548 0.28581560283687946 0.016090104585679808 0.032624113475177303
0 0.7188254223652454 0.2872340425531915 0.016894609814963796 0.03546099290780142
0 0.8012872083668544 0.24680851063829787 0.012872083668543845 0.031205673758865248
0 0.829042638777152 0.26382978723404255 0.012067578439259855 0.031205673758865248
0 0.8499597747385358 0.26595744680851063 0.013676588897827836 0.03546099290780142
0 0.8636363636363636 0.25957446808510637 0.013676588897827836 0.03404255319148936
0 0.8539823008849557 0.2822695035460993 0.013676588897827836 0.03404255319148936
0 0.8889782783588094 0.2957446808510638 0.014481094127111826 0.03829787234042553
0 0.9203539823008849 0.27801418439716313 0.012872083668543845 0.02553191489361702
0 0.9227674979887369 0.30354609929078014 0.011263073209975865 0.031205673758865248
0 0.9279967819790829 0.32978723404255317 0.016894609814963796 0.04113475177304964
0 0.9211584875301689 0.3468085106382979 0.011263073209975865 0.03829787234042553
0 0.8757039420756235 0.3191489361702128 0.015285599356395816 0.031205673758865248
0 0.8386967015285599 0.3078014184397163 0.013676588897827836 0.031205673758865248
0 0.8081255028157683 0.2978723404255319 0.015285599356395816 0.031205673758865248
0 0.8093322606596943 0.27375886524822696 0.016090104585679808 0.03404255319148936
0 0.8097345132743363 0.3312056737588652 0.02011263073209976 0.04397163120567376
0 0.8624296057924377 0.36950354609929076 0.019308125502815767 0.04113475177304964
0 0.8950120675784392 0.39078014184397164 0.02172164119066774 0.05815602836879433
0 0.9042638777152051 0.33687943262411346 0.012872083668543845 0.032624113475177303
0 0.8994368463395012 0.4624113475177305 0.027353177795655673 0.07092198581560284
0 0.8515687851971038 0.41631205673758864 0.0249396621078037 0.04964539007092199
0 0.832260659694288 0.4340425531914894 0.02172164119066774 0.059574468085106386
0 0.7948511665325825 0.37446808510638296 0.02091713596138375 0.05390070921985816
0 0.6934835076427996 0.34822695035460993 0.02091713596138375 0.04680851063829787
0 0.6777956556717619 0.32269503546099293 0.02172164119066774 0.04680851063829787
0 0.7304907481898633 0.4049645390070922 0.02413515687851971 0.05531914893617021
0 0.7719227674979887 0.44113475177304967 0.02654867256637168 0.05673758865248227
0 0.668543845534996 0.43617021276595747 0.03378921962992759 0.05531914893617021
0 0.7111826226870475 0.47092198581560285 0.030571198712791632 0.07659574468085106
0 0.8093322606596943 0.4978723404255319 0.028962188254223652 0.06524822695035461
0 0.5 0.375886524822695 0.02654867256637168 0.059574468085106386
0 0.5329847144006437 0.3723404255319149 0.02654867256637168 0.0524822695035461
0 0.5422365245374094 0.40709219858156026 0.030571198712791632 0.059574468085106386
0 0.6110217216411906 0.424822695035461 0.03298471440064361 0.06382978723404255