0 0.46241674595623217 0.24957118353344768 0.039961941008563276 0.07718696397941681
0 0.538058991436727 0.19210977701543738 0.019980970504281638 0.0411663807890223
0 0.6003805899143673 0.1680960548885077 0.02093244529019981 0.044596912521440824
0 0.60941960038059 0.20754716981132076 0.023786869647954328 0.048027444253859346
0 0.6622264509990485 0.19811320754716982 0.019029495718363463 0.036020583190394515
0 0.6741198858230257 0.2144082332761578 0.021883920076117985 0.048027444253859346
0 0.7078972407231209 0.20497427101200685 0.024738344433872503 0.04974271012006861
0 0.6741198858230257 0.2684391080617496 0.029495718363463368 0.060034305317324184
0 0.7297811607992388 0.27530017152658665 0.028544243577545196 0.05660377358490566
0 0.7445290199809705 0.2109777015437393 0.016175071360608945 0.044596912521440824
0 0.7649857278782112 0.22384219554030874 0.022835394862036156 0.04631217838765009
0 0.8230256898192198 0.2444253859348199 0.02093244529019981 0.05660377358490566
0 0.7440532825880114 0.3567753001715266 0.030447193149381543 0.0686106346483705
0 0.8144624167459562 0.39193825042881647 0.03615604186489058 0.08061749571183534
0 0.9096098953377736 0.3996569468267582 0.038058991436726926 0.09262435677530018