0 0.1075638506876228 0.32809773123909247 0.030451866404715127 0.07329842931937172
0 0.305992141453831 0.20680628272251309 0.0206286836935167 0.04013961605584642
0 0.3369351669941061 0.23734729493891799 0.019646365422396856 0.04537521815008726
0 0.4086444007858546 0.24345549738219896 0.021611001964636542 0.04013961605584642
0 0.4174852652259332 0.16579406631762653 0.015717092337917484 0.031413612565445025
0 0.44155206286836934 0.16404886561954624 0.01669941060903733 0.031413612565445025
0 0.46463654223968565 0.1649214659685864 0.015717092337917484 0.03315881326352531
0 0.48526522593320237 0.18848167539267016 0.015717092337917484 0.031413612565445025
0 0.49361493123772104 0.16404886561954624 0.014734774066797643 0.031413612565445025
0 0.5157170923379175 0.19895287958115182 0.01768172888015717 0.038394415357766144
0 0.5609037328094303 0.19197207678883071 0.01768172888015717 0.038394415357766144
0 0.8668958742632613 0.24171029668411867 0.022593320235756387 0.04363001745200698
0 0.8953831041257367 0.19982547993019198 0.01669941060903733 0.03315881326352531
0 0.9277996070726916 0.2443280977312391 0.0206286836935167 0.04537521815008726
0 0.9366404715127702 0.21204188481675393 0.014734774066797643 0.03664921465968586