0 0.8980075901328273 0.4781144781144781 0.027514231499051234 0.07407407407407407
0 0.9146110056925996 0.36195286195286197 0.018975332068311195 0.05387205387205387
0 0.8956356736242884 0.18855218855218855 0.017077798861480076 0.04040404040404041
0 0.8908918406072106 0.2196969696969697 0.015180265654648957 0.045454545454545456
0 0.9098671726755219 0.18686868686868688 0.015180265654648957 0.04040404040404041
0 0.9335863377609108 0.23484848484848486 0.017077798861480076 0.04208754208754209
0 0.931214421252372 0.27525252525252525 0.018026565464895637 0.04882154882154882
0 0.8738140417457305 0.28703703703703703 0.017077798861480076 0.045454545454545456
0 0.8462998102466793 0.31734006734006737 0.022770398481973434 0.04882154882154882
0 0.8149905123339658 0.2887205387205387 0.020872865275142316 0.05218855218855219
0 0.8306451612903226 0.2474747474747475 0.018026565464895637 0.04377104377104377
0 0.853415559772296 0.21717171717171718 0.016129032258064516 0.037037037037037035
0 0.8591081593927894 0.1750841750841751 0.016129032258064516 0.04040404040404041
0 0.8695445920303605 0.1776094276094276 0.014231499051233396 0.03872053872053872
0 0.8102466793168881 0.1590909090909091 0.013282732447817837 0.03535353535353535
0 0.8164136622390892 0.1893939393939394 0.016129032258064516 0.03872053872053872
0 0.8353889943074004 0.16414141414141414 0.014231499051233396 0.03198653198653199
0 0.7893738140417458 0.20622895622895623 0.017077798861480076 0.04208754208754209
0 0.780360531309298 0.17424242424242425 0.014231499051233396 0.03872053872053872
0 0.7580645161290323 0.14983164983164984 0.015180265654648957 0.037037037037037035
0 0.7386148007590133 0.18097643097643099 0.014231499051233396 0.03535353535353535
0 0.7001897533206831 0.1691919191919192 0.013282732447817837 0.02861952861952862
0 0.6650853889943074 0.17592592592592593 0.017077798861480076 0.03872053872053872
0 0.6655597722960152 0.21632996632996632 0.018026565464895637 0.045454545454545456
0 0.7201138519924098 0.2297979797979798 0.018975332068311195 0.05218855218855219
0 0.6347248576850095 0.24579124579124578 0.022770398481973434 0.050505050505050504
0 0.6541745730550285 0.28114478114478114 0.021821631878557873 0.050505050505050504
0 0.6238140417457305 0.3005050505050505 0.025616698292220113 0.06902356902356903
0 0.5702087286527514 0.2904040404040404 0.024667931688804556 0.06228956228956229
0 0.568785578747628 0.2542087542087542 0.019924098671726755 0.050505050505050504
0 0.683111954459203 0.33585858585858586 0.028462998102466792 0.06902356902356903
0 0.7063567362428842 0.1978114478114478 0.018026565464895637 0.03535353535353535
0 0.6247628083491461 0.13383838383838384 0.012333965844402278 0.02861952861952862
0 0.5939278937381404 0.14983164983164984 0.015180265654648957 0.030303030303030304
0 0.5664136622390892 0.06818181818181818 0.009487666034155597 0.025252525252525252
0 0.5521821631878557 0.1675084175084175 0.011385199240986717 0.025252525252525252
0 0.5592979127134725 0.17676767676767677 0.012333965844402278 0.03367003367003367
0 0.536527514231499 0.11616161616161616 0.008538899430740038 0.020202020202020204
0 0.5460151802656547 0.13804713804713806 0.012333965844402278 0.02356902356902357
0 0.5113851992409867 0.14309764309764308 0.011385199240986717 0.026936026936026935
0 0.5180265654648957 0.16498316498316498 0.013282732447817837 0.03367003367003367
0 0.48908918406072105 0.14057239057239057 0.010436432637571158 0.025252525252525252
0 0.49240986717267554 0.16245791245791247 0.013282732447817837 0.03198653198653199
0 0.47058823529411764 0.1388888888888889 0.013282732447817837 0.021885521885521887
0 0.4497153700189753 0.14646464646464646 0.013282732447817837 0.026936026936026935
0 0.43311195445920303 0.1750841750841751 0.014231499051233396 0.030303030303030304
0 0.45113851992409865 0.1691919191919192 0.014231499051233396 0.03198653198653199
0 0.47248576850094876 0.17424242424242425 0.015180265654648957 0.03535353535353535
0 0.41366223908918404 0.2079124579124579 0.013282732447817837 0.03535353535353535
0 0.4501897533206831 0.2239057239057239 0.014231499051233396 0.04040404040404041
0 0.48007590132827327 0.22895622895622897 0.017077798861480076 0.04377104377104377
0 0.4976280834914611 0.30387205387205385 0.025616698292220113 0.05555555555555555
0 0.31214421252371916 0.23484848484848486 0.015180265654648957 0.03535353535353535
0 0.34724857685009486 0.19023569023569023 0.015180265654648957 0.030303030303030304
0 0.19876660341555977 0.4377104377104377 0.03700189753320683 0.08080808080808081
0 0.5531309297912713 0.11784511784511785 0.011385199240986717 0.02356902356902357