0 0.3908908908908909 0.18641114982578397 0.01701701701701702 0.03832752613240418
0 0.41541541541541543 0.22125435540069685 0.022022022022022022 0.03832752613240418
0 0.45395395395395394 0.22909407665505227 0.023023023023023025 0.04355400696864112
0 0.566066066066066 0.18728222996515678 0.01701701701701702 0.033101045296167246
0 0.5670670670670671 0.16202090592334495 0.01701701701701702 0.0313588850174216
0 0.6261261261261262 0.259581881533101 0.023023023023023025 0.05574912891986063
0 0.6416416416416416 0.2865853658536585 0.028028028028028028 0.06445993031358885
0 0.6361361361361362 0.2038327526132404 0.01901901901901902 0.04529616724738676
0 0.6801801801801802 0.17247386759581881 0.01701701701701702 0.03832752613240418
0 0.6856856856856857 0.2186411149825784 0.024024024024024024 0.04355400696864112
0 0.6626626626626627 0.08885017421602788 0.018018018018018018 0.03832752613240418
0 0.9369369369369369 0.2229965156794425 0.016016016016016016 0.03832752613240418