0 0.20711462450592885 0.4393511988716502 0.042687747035573126 0.09449929478138223
0 0.27312252964426875 0.2651622002820874 0.016600790513833993 0.036671368124118475
0 0.3031620553359684 0.24823695345557123 0.013438735177865613 0.03385049365303244
0 0.3201581027667984 0.25952045133991536 0.014229249011857707 0.039492242595204514
0 0.32964426877470354 0.2538787023977433 0.017391304347826087 0.031029619181946404
0 0.33280632411067196 0.21791255289139633 0.012648221343873518 0.03244005641748942
0 0.3652173913043478 0.2454160789844852 0.020553359683794466 0.04231311706629055
0 0.33873517786561264 0.22002820874471085 0.015019762845849802 0.031029619181946404
0 0.39920948616600793 0.2552891396332863 0.017391304347826087 0.04231311706629055
0 0.42292490118577075 0.2630465444287729 0.018972332015810278 0.04372355430183357
0 0.3905138339920949 0.18688293370944992 0.012648221343873518 0.02679830747531735
0 0.40830039525691697 0.17066290550070523 0.011857707509881422 0.028208744710860368
0 0.42371541501976284 0.18053596614950634 0.012648221343873518 0.036671368124118475
0 0.4399209486166008 0.15444287729196052 0.011857707509881422 0.029619181946403384
0 0.4632411067193676 0.15937940761636107 0.012648221343873518 0.031029619181946404
0 0.4561264822134387 0.21720733427362482 0.015810276679841896 0.036671368124118475
0 0.47707509881422927 0.1861777150916784 0.013438735177865613 0.028208744710860368
0 0.48023715415019763 0.22566995768688294 0.01818181818181818 0.04231311706629055
0 0.4434782608695652 0.152327221438646 0.009486166007905139 0.02538787023977433
0 0.49525691699604746 0.12623413258110014 0.008695652173913044 0.021156558533145273
0 0.5063241106719367 0.18265162200282087 0.013438735177865613 0.0380818053596615
0 0.5193675889328063 0.14880112834978843 0.012648221343873518 0.029619181946403384
0 0.48458498023715413 0.3032440056417489 0.020553359683794466 0.045133991537376586
0 0.5371541501976285 0.3067700987306065 0.02450592885375494 0.0465444287729196
0 0.5525691699604743 0.2552891396332863 0.020553359683794466 0.0535966149506347
0 0.5470355731225296 0.19464033850493653 0.015810276679841896 0.039492242595204514
0 0.5509881422924902 0.16431593794076163 0.017391304347826087 0.03526093088857546
0 0.5533596837944664 0.14104372355430184 0.014229249011857707 0.03385049365303244
0 0.5996047430830039 0.11001410437235543 0.016600790513833993 0.031029619181946404
0 0.5857707509881422 0.15655853314527504 0.015810276679841896 0.031029619181946404
0 0.6241106719367588 0.12905500705218617 0.013438735177865613 0.02679830747531735
0 0.6407114624505929 0.11424541607898449 0.011857707509881422 0.028208744710860368
0 0.6628458498023715 0.12059238363892807 0.011857707509881422 0.03244005641748942
0 0.6525691699604743 0.16854724964739068 0.016600790513833993 0.04090267983074753
0 0.6134387351778656 0.2059238363892807 0.018972332015810278 0.04231311706629055
0 0.6094861660079052 0.25176304654442877 0.023715415019762844 0.05218617771509168
0 0.6513833992094862 0.2165021156558533 0.018972332015810278 0.04936530324400564
0 0.6438735177865612 0.2623413258110014 0.02292490118577075 0.056417489421720736
0 0.68300395256917 0.31170662905500707 0.025296442687747035 0.05923836389280677
0 0.7023715415019763 0.27926657263751764 0.02450592885375494 0.05923836389280677
0 0.6865612648221344 0.18124118476727785 0.01818181818181818 0.04090267983074753
0 0.7027667984189724 0.22708039492242596 0.022134387351778657 0.047954866008462625
0 0.7197628458498023 0.14950634696755993 0.015019762845849802 0.036671368124118475
0 0.7505928853754941 0.14245416078984485 0.011857707509881422 0.031029619181946404
0 0.7632411067193676 0.11918194640338504 0.013438735177865613 0.029619181946403384
0 0.7379446640316205 0.192524682651622 0.015019762845849802 0.0380818053596615
0 0.7505928853754941 0.22637517630465445 0.01818181818181818 0.04372355430183357
0 0.758498023715415 0.17207334273624825 0.010276679841897233 0.03385049365303244
0 0.7889328063241107 0.27291960507757407 0.018972332015810278 0.04936530324400564
0 0.775494071146245 0.3441466854724965 0.03162055335968379 0.07334273624823695
0 0.7818181818181819 0.21227080394922426 0.015810276679841896 0.03526093088857546
0 0.8071146245059289 0.22708039492242596 0.018972332015810278 0.047954866008462625
0 0.8458498023715415 0.3124118476727786 0.022134387351778657 0.06064880112834979
0 0.8316205533596838 0.13540197461212977 0.011067193675889328 0.028208744710860368
0 0.8739130434782608 0.14456981664315938 0.011857707509881422 0.029619181946403384
0 0.8007905138339921 0.13399153737658676 0.012648221343873518 0.031029619181946404
0 0.8201581027667985 0.15655853314527504 0.011857707509881422 0.036671368124118475
0 0.8375494071146246 0.19322990126939352 0.015019762845849802 0.04231311706629055
0 0.8189723320158103 0.2073342736248237 0.014229249011857707 0.045133991537376586
0 0.8541501976284585 0.2545839210155148 0.019762845849802372 0.04936530324400564
0 0.8905138339920948 0.24964739069111425 0.021343873517786563 0.045133991537376586
0 0.8861660079051383 0.2009873060648801 0.012648221343873518 0.03244005641748942
0 0.8723320158102766 0.2157968970380818 0.01818181818181818 0.045133991537376586
0 0.7857707509881423 0.15726375176304655 0.011067193675889328 0.03526093088857546
0 0.8015810276679842 0.1770098730606488 0.012648221343873518 0.03244005641748942