0 0.17222767419038273 0.49040139616055844 0.04808635917566242 0.08726003490401396
0 0.25564278704612364 0.2705061082024433 0.022571148184494603 0.038394415357766144
0 0.281648675171737 0.25218150087260033 0.019627085377821395 0.04363001745200698
0 0.3891069676153091 0.2617801047120419 0.022571148184494603 0.038394415357766144
0 0.3748773307163886 0.17975567190226877 0.017664376840039256 0.038394415357766144
0 0.3508341511285574 0.2443280977312391 0.020608439646712464 0.038394415357766144
0 0.39793915603532876 0.22164048865619546 0.016683022571148183 0.038394415357766144
0 0.40382728164867515 0.1719022687609075 0.014720314033366046 0.02617801047120419
0 0.4308145240431796 0.22949389179755672 0.019627085377821395 0.04363001745200698
0 0.4421000981354269 0.19982547993019198 0.018645731108930325 0.03315881326352531
0 0.4524043179587831 0.14834205933682373 0.015701668302257114 0.027923211169284468
0 0.4764474975466143 0.1457242582897033 0.014720314033366046 0.03315881326352531
0 0.47791952894995093 0.1823734729493892 0.017664376840039256 0.03664921465968586
0 0.5009813542688911 0.1823734729493892 0.018645731108930325 0.04013961605584642
0 0.5098135426889107 0.12303664921465969 0.012757605495583905 0.02268760907504363
0 0.535819430814524 0.12216404886561955 0.015701668302257114 0.02443280977312391
0 0.5456329735034348 0.193717277486911 0.021589793915603533 0.038394415357766144
0 0.577036310107949 0.1719022687609075 0.023552502453385672 0.04013961605584642
0 0.5848871442590775 0.14048865619546247 0.015701668302257114 0.03315881326352531
0 0.6167811579980373 0.14485165794066318 0.018645731108930325 0.031413612565445025
0 0.5652600588812562 0.06719022687609075 0.015701668302257114 0.03664921465968586
0 0.6535819430814525 0.14397905759162305 0.017664376840039256 0.03664921465968586
0 0.6496565260058881 0.11082024432809773 0.013738959764474975 0.02617801047120419
0 0.6560353287536801 0.04712041884816754 0.012757605495583905 0.02443280977312391
0 0.6982335623159961 0.05846422338568935 0.018645731108930325 0.03664921465968586
0 0.6952894995093228 0.1893542757417103 0.022571148184494603 0.04363001745200698
0 0.6619234543670265 0.21727748691099477 0.02649656526005888 0.04712041884816754
0 0.6113837095191365 0.262652705061082 0.02551521099116781 0.05410122164048865
0 0.5583905789990187 0.2582897033158813 0.023552502453385672 0.05235602094240838
0 0.5417075564278705 0.3219895287958115 0.02747791952894995 0.05410122164048865
0 0.4901864573110893 0.3150087260034904 0.03631010794896958 0.06108202443280977
0 0.6800785083415113 0.31849912739965097 0.03729146221786065 0.06806282722513089
0 0.7188420019627085 0.27137870855148344 0.02845927379784102 0.06806282722513089
0 0.746810598626104 0.23298429319371727 0.021589793915603533 0.0506108202443281
0 0.7340529931305201 0.18411867364746945 0.023552502453385672 0.0506108202443281
0 0.7855740922473012 0.19197207678883071 0.022571148184494603 0.05235602094240838
0 0.8135426889106968 0.2356020942408377 0.023552502453385672 0.04886561954624782
0 0.7796859666339548 0.2862129144851658 0.02649656526005888 0.04886561954624782
0 0.7625122669283612 0.3158813263525305 0.03140333660451423 0.07329842931937172
0 0.8017664376840039 0.4075043630017452 0.03532875368007851 0.07853403141361257
0 0.8007850834151129 0.13263525305410123 0.015701668302257114 0.034904013961605584
0 0.8321884200196271 0.13699825479930192 0.017664376840039256 0.03664921465968586
0 0.8469087340529932 0.12652705061082026 0.013738959764474975 0.029668411867364748
0 0.8743866535819431 0.12827225130890052 0.015701668302257114 0.03315881326352531
0 0.8331697742885181 0.2024432809773124 0.021589793915603533 0.055846422338568937
0 0.8346418056918548 0.3045375218150087 0.03631010794896958 0.06806282722513089
0 0.8994111874386653 0.3743455497382199 0.04416094210009813 0.08900523560209424
0 0.908243375858685 0.3158813263525305 0.0323846908734053 0.07329842931937172
0 0.8699705593719332 0.25043630017452007 0.022571148184494603 0.05759162303664921
0 0.8788027477919529 0.2111692844677138 0.018645731108930325 0.04886561954624782
0 0.9239450441609421 0.21902268760907503 0.02453385672227674 0.05410122164048865
0 0.92198233562316 0.28184991273996507 0.02845927379784102 0.06108202443280977
0 0.9087340529931305 0.1431064572425829 0.017664376840039256 0.031413612565445025
0 0.9352306182531894 0.15357766143106458 0.015701668302257114 0.041884816753926704