0 0.06604651162790698 0.396523178807947 0.03348837209302326 0.06456953642384106
0 0.2483720930232558 0.2889072847682119 0.009302325581395349 0.0380794701986755
0 0.2711627906976744 0.2673841059602649 0.01953488372093023 0.028145695364238412
0 0.2986046511627907 0.2582781456953642 0.014883720930232559 0.03642384105960265
0 0.35674418604651165 0.26076158940397354 0.017674418604651163 0.0380794701986755
0 0.3302325581395349 0.20612582781456953 0.009302325581395349 0.02152317880794702
0 0.34186046511627904 0.22102649006622516 0.013953488372093023 0.0347682119205298
0 0.37116279069767444 0.2144039735099338 0.011162790697674419 0.03145695364238411
0 0.3930232558139535 0.2144039735099338 0.017674418604651163 0.03145695364238411
0 0.42697674418604653 0.2632450331125828 0.01674418604651163 0.04304635761589404
0 0.42 0.21274834437086093 0.01581395348837209 0.028145695364238412
0 0.4841860465116279 0.30132450331125826 0.01953488372093023 0.04966887417218543
0 0.5451162790697675 0.30049668874172186 0.020465116279069766 0.048013245033112585
0 0.5972093023255814 0.33112582781456956 0.020465116279069766 0.056291390728476824
0 0.6651162790697674 0.34519867549668876 0.024186046511627906 0.061258278145695365
0 0.653953488372093 0.25496688741721857 0.018604651162790697 0.04966887417218543
0 0.7074418604651163 0.2905629139072848 0.026976744186046512 0.05132450331125828
0 0.7725581395348837 0.2847682119205298 0.025116279069767444 0.052980132450331126
0 0.564186046511628 0.24254966887417218 0.01953488372093023 0.0380794701986755
0 0.6004651162790697 0.25 0.021395348837209303 0.04304635761589404
0 0.48604651162790696 0.2251655629139073 0.017674418604651163 0.033112582781456956
0 0.4595348837209302 0.17052980132450332 0.014883720930232559 0.029801324503311258
0 0.4223255813953488 0.17963576158940397 0.013023255813953489 0.028145695364238412
0 0.4418604651162791 0.19950331125827814 0.014883720930232559 0.03145695364238411
0 0.6888372093023256 0.20612582781456953 0.025116279069767444 0.048013245033112585
0 0.6572093023255814 0.2077814569536424 0.01953488372093023 0.028145695364238412
0 0.6148837209302326 0.2185430463576159 0.018604651162790697 0.04304635761589404
0 0.49627906976744185 0.19536423841059603 0.017674418604651163 0.033112582781456956
0 0.4730232558139535 0.17052980132450332 0.01581395348837209 0.029801324503311258
0 0.5269767441860466 0.1945364238410596 0.021395348837209303 0.03145695364238411
0 0.5474418604651162 0.15480132450331127 0.013953488372093023 0.03145695364238411
0 0.5674418604651162 0.17549668874172186 0.018604651162790697 0.029801324503311258
0 0.6097674418604652 0.14403973509933773 0.013953488372093023 0.026490066225165563
0 0.4502325581395349 0.14817880794701987 0.011162790697674419 0.024834437086092714
0 0.48 0.13245033112582782 0.011162790697674419 0.019867549668874173
0 0.747906976744186 0.2144039735099338 0.018604651162790697 0.048013245033112585
0 0.7967441860465116 0.24172185430463577 0.01953488372093023 0.04966887417218543
0 0.8618604651162791 0.23096026490066227 0.013953488372093023 0.0380794701986755
0 0.7269767441860465 0.19536423841059603 0.013953488372093023 0.03642384105960265
0 0.6502325581395348 0.17301324503311258 0.020465116279069766 0.0347682119205298
0 0.5125581395348837 0.1605960264900662 0.014883720930232559 0.019867549668874173
0 0.5251162790697674 0.1291390728476821 0.010232558139534883 0.026490066225165563
0 0.5581395348837209 0.10844370860927152 0.011162790697674419 0.024834437086092714
0 0.5855813953488372 0.09933774834437085 0.012093023255813953 0.023178807947019868
0 0.5827906976744186 0.1216887417218543 0.012093023255813953 0.028145695364238412
0 0.6134883720930232 0.10927152317880795 0.008372093023255815 0.019867549668874173
0 0.6311627906976744 0.12251655629139073 0.012093023255813953 0.023178807947019868
0 0.6460465116279069 0.10099337748344371 0.012093023255813953 0.026490066225165563
0 0.6706976744186046 0.11589403973509933 0.014883720930232559 0.033112582781456956
0 0.6725581395348837 0.1498344370860927 0.014883720930232559 0.028145695364238412
0 0.6925581395348838 0.09768211920529801 0.012093023255813953 0.029801324503311258
0 0.6990697674418604 0.14403973509933773 0.01953488372093023 0.033112582781456956
0 0.7283720930232558 0.1216887417218543 0.009302325581395349 0.03145695364238411
0 0.7213953488372093 0.15480132450331127 0.01953488372093023 0.03145695364238411
0 0.7427906976744186 0.13410596026490065 0.013953488372093023 0.026490066225165563
0 0.746046511627907 0.10430463576158941 0.014883720930232559 0.023178807947019868
0 0.7581395348837209 0.13079470198675497 0.013023255813953489 0.029801324503311258
0 0.7655813953488372 0.16142384105960264 0.014883720930232559 0.0347682119205298
0 0.773953488372093 0.12334437086092716 0.013023255813953489 0.024834437086092714
0 0.792093023255814 0.16639072847682118 0.01953488372093023 0.0380794701986755
0 0.7911627906976744 0.1291390728476821 0.017674418604651163 0.026490066225165563
0 0.8046511627906977 0.1216887417218543 0.013023255813953489 0.02152317880794702
0 0.8297674418604651 0.1390728476821192 0.014883720930232559 0.033112582781456956
0 0.8106976744186046 0.16887417218543047 0.013953488372093023 0.029801324503311258
0 0.8390697674418605 0.19205298013245034 0.01674418604651163 0.033112582781456956
0 0.858139534883721 0.1316225165562914 0.012093023255813953 0.024834437086092714
0 0.847906976744186 0.1605960264900662 0.01581395348837209 0.03642384105960265
0 0.8874418604651163 0.12996688741721854 0.011162790697674419 0.028145695364238412
0 0.8813953488372093 0.16556291390728478 0.013953488372093023 0.03642384105960265
0 0.8883720930232558 0.20943708609271522 0.01674418604651163 0.0380794701986755
0 0.9190697674418604 0.19950331125827814 0.01674418604651163 0.03145695364238411
0 0.9116279069767442 0.16887417218543047 0.011162790697674419 0.033112582781456956
0 0.9204651162790698 0.15811258278145696 0.010232558139534883 0.028145695364238412
0 0.45813953488372094 0.19536423841059603 0.01581395348837209 0.03642384105960265
0 0.4544186046511628 0.21357615894039736 0.013953488372093023 0.039735099337748346