0 0.37981220657276993 0.21499176276771004 0.01596244131455399 0.03459637561779242
0 0.4582159624413146 0.21828665568369027 0.018779342723004695 0.03459637561779242
0 0.5446009389671361 0.12520593080724876 0.015023474178403756 0.026359143327841845
0 0.5558685446009389 0.13838550247116968 0.015023474178403756 0.026359143327841845
0 0.484037558685446 0.30807248764415157 0.027230046948356807 0.04612850082372323
0 0.5450704225352113 0.32537067545304776 0.02910798122065728 0.054365733113673806
0 0.6070422535211267 0.2685337726523888 0.027230046948356807 0.05271828665568369
0 0.5934272300469483 0.38797364085667213 0.03755868544600939 0.060955518945634266
0 0.8009389671361502 0.2685337726523888 0.02629107981220657 0.05601317957166392
0 0.8610328638497653 0.30065897858319607 0.02629107981220657 0.054365733113673806
0 0.9112676056338028 0.1457990115321252 0.01784037558685446 0.03130148270181219
0 0.9384976525821597 0.1556836902800659 0.012206572769953052 0.03789126853377265