0 0.1588235294117647 0.46399345335515546 0.04796380090497738 0.09001636661211129
0 0.3384615384615385 0.22176759410801963 0.014479638009049774 0.03436988543371522
0 0.3425339366515837 0.18248772504091654 0.013574660633484163 0.03436988543371522
0 0.47873303167420816 0.22013093289689034 0.01809954751131222 0.03436988543371522
0 0.4438914027149321 0.2176759410801964 0.017194570135746608 0.03273322422258593
0 0.4158371040723982 0.20867430441898527 0.013574660633484163 0.027823240589198037
0 0.41266968325791853 0.17921440261865793 0.014479638009049774 0.024549918166939442
0 0.42217194570135747 0.1513911620294599 0.011764705882352941 0.02127659574468085
0 0.4447963800904977 0.1513911620294599 0.011764705882352941 0.02127659574468085
0 0.4497737556561086 0.17921440261865793 0.014479638009049774 0.031096563011456628
0 0.4665158371040724 0.18576104746317512 0.015384615384615385 0.031096563011456628
0 0.46108597285067876 0.12847790507364976 0.009954751131221719 0.024549918166939442
0 0.4764705882352941 0.14893617021276595 0.009954751131221719 0.022913256955810146
0 0.5040723981900452 0.14811783960720132 0.012669683257918552 0.024549918166939442
0 0.4981900452488688 0.12029459901800327 0.011764705882352941 0.01800327332242226
0 0.5194570135746607 0.12274959083469722 0.01085972850678733 0.02618657937806874
0 0.5330316742081448 0.18576104746317512 0.014479638009049774 0.031096563011456628
0 0.5583710407239819 0.16039279869067102 0.014479638009049774 0.02618657937806874
0 0.5312217194570136 0.15220949263502456 0.012669683257918552 0.022913256955810146
0 0.5402714932126697 0.1260229132569558 0.01085972850678733 0.019639934533551555
0 0.581447963800905 0.16775777414075285 0.015384615384615385 0.027823240589198037
0 0.5968325791855204 0.14157119476268412 0.013574660633484163 0.027823240589198037
0 0.5828054298642534 0.1104746317512275 0.01085972850678733 0.02127659574468085
0 0.6018099547511312 0.11947626841243862 0.00904977375565611 0.022913256955810146
0 0.616289592760181 0.14402618657937807 0.012669683257918552 0.03600654664484452
0 0.6452488687782806 0.13993453355155483 0.012669683257918552 0.031096563011456628
0 0.6122171945701358 0.11538461538461539 0.008144796380090498 0.024549918166939442
0 0.6063348416289592 0.10229132569558101 0.012669683257918552 0.02127659574468085
0 0.6266968325791855 0.09983633387888707 0.009954751131221719 0.019639934533551555
0 0.653393665158371 0.10310965630114566 0.00904977375565611 0.02618657937806874
0 0.6733031674208145 0.12274959083469722 0.01085972850678733 0.019639934533551555
0 0.6941176470588235 0.12193126022913257 0.01085972850678733 0.02127659574468085
0 0.7135746606334842 0.1407528641571195 0.013574660633484163 0.02618657937806874
0 0.7031674208144797 0.16039279869067102 0.014479638009049774 0.02618657937806874
0 0.6610859728506787 0.18657937806873978 0.017194570135746608 0.03273322422258593
0 0.6190045248868778 0.20540098199672668 0.016289592760180997 0.04091653027823241
0 0.6312217194570136 0.24877250409165302 0.015384615384615385 0.0425531914893617
0 0.5683257918552036 0.2520458265139116 0.019909502262443438 0.03927986906710311
0 0.6004524886877828 0.3060556464811784 0.028054298642533938 0.06546644844517185
0 0.548868778280543 0.2905073649754501 0.026244343891402715 0.04746317512274959
0 0.5131221719457013 0.2823240589198036 0.02895927601809955 0.04746317512274959
0 0.6719457013574661 0.34124386252045824 0.02986425339366516 0.06710310965630115
0 0.6606334841628959 0.2561374795417349 0.019909502262443438 0.04746317512274959
0 0.665158371040724 0.21849427168576105 0.016289592760180997 0.03436988543371522
0 0.6941176470588235 0.20867430441898527 0.014479638009049774 0.031096563011456628
0 0.7108597285067874 0.22667757774140754 0.019004524886877826 0.04091653027823241
0 0.7371040723981901 0.17430441898527005 0.013574660633484163 0.03436988543371522
0 0.748868778280543 0.15548281505728315 0.013574660633484163 0.029459901800327332
0 0.7470588235294118 0.12438625204582651 0.009954751131221719 0.022913256955810146
0 0.7565610859728507 0.1260229132569558 0.012669683257918552 0.02618657937806874
0 0.7760180995475113 0.1342062193126023 0.011764705882352941 0.03273322422258593
0 0.7651583710407239 0.18166939443535188 0.015384615384615385 0.03600654664484452
0 0.7565610859728507 0.33878887070376434 0.025339366515837104 0.058919803600654665
0 0.7696832579185521 0.26595744680851063 0.02081447963800905 0.05073649754500818
0 0.8018099547511313 0.2725040916530278 0.019909502262443438 0.04091653027823241
0 0.8425339366515837 0.3044189852700491 0.019909502262443438 0.04582651391162029
0 0.8266968325791855 0.3649754500818331 0.026244343891402715 0.05564648117839607
0 0.9054298642533937 0.3355155482815057 0.02081447963800905 0.05237315875613748
0 0.9158371040723982 0.281505728314239 0.01809954751131222 0.0425531914893617
0 0.8642533936651584 0.27168576104746317 0.019909502262443438 0.04582651391162029
0 0.8728506787330317 0.23076923076923078 0.013574660633484163 0.03600654664484452
0 0.883710407239819 0.20949263502454993 0.015384615384615385 0.03600654664484452
0 0.8963800904977376 0.19312602291325695 0.011764705882352941 0.029459901800327332
0 0.8986425339366516 0.17103109656301146 0.01085972850678733 0.027823240589198037
0 0.9058823529411765 0.1595744680851064 0.01085972850678733 0.024549918166939442
0 0.9298642533936652 0.17430441898527005 0.013574660633484163 0.03436988543371522
0 0.9375565610859729 0.21031096563011456 0.012669683257918552 0.031096563011456628
0 0.9190045248868778 0.2381342062193126 0.009954751131221719 0.031096563011456628
0 0.9253393665158371 0.22504091653027825 0.011764705882352941 0.031096563011456628
0 0.8366515837104073 0.2160392798690671 0.015384615384615385 0.03600654664484452
0 0.8407239819004525 0.19639934533551553 0.014479638009049774 0.029459901800327332
0 0.8552036199095022 0.18248772504091654 0.012669683257918552 0.027823240589198037
0 0.865158371040724 0.15630114566284778 0.012669683257918552 0.03436988543371522
0 0.8719457013574661 0.14648117839607203 0.013574660633484163 0.024549918166939442
0 0.8393665158371041 0.15057283142389524 0.013574660633484163 0.03273322422258593
0 0.8212669683257918 0.1734860883797054 0.011764705882352941 0.02618657937806874
0 0.8045248868778281 0.1988543371522095 0.012669683257918552 0.03436988543371522
0 0.7855203619909502 0.20130932896890344 0.014479638009049774 0.03600654664484452
0 0.788235294117647 0.17103109656301146 0.016289592760180997 0.02127659574468085