0 0.21155682903533907 0.46774193548387094 0.041069723018147083 0.0967741935483871
0 0.2521489971346705 0.4439728353140917 0.049665711556829036 0.0899830220713073
0 0.4804202483285578 0.3200339558573854 0.030563514804202482 0.05602716468590832
0 0.35052531041069723 0.25212224108658743 0.024832855778414518 0.03904923599320883
0 0.37106017191977075 0.24533106960950765 0.025787965616045846 0.04923599320882852
0 0.43314231136580705 0.27504244482173174 0.027698185291308502 0.04074702886247878
0 0.4245463228271251 0.22241086587436332 0.021967526265520534 0.030560271646859084
0 0.4484240687679083 0.22920203735144312 0.02005730659025788 0.03735144312393888
0 0.45176695319961796 0.18845500848896435 0.021012416427889206 0.03735144312393888
0 0.47516714422158546 0.19524617996604415 0.018147086914995225 0.03395585738539898
0 0.46322827125119387 0.1502546689303905 0.017191977077363897 0.042444821731748725
0 0.47373447946513847 0.1570458404074703 0.017191977077363897 0.042444821731748725
0 0.497134670487106 0.15195246179966043 0.018147086914995225 0.03225806451612903
0 0.49140401146131807 0.1307300509337861 0.012416427889207259 0.030560271646859084
0 0.5334288443170965 0.13412563667232597 0.01623686723973257 0.030560271646859084
0 0.562559694364852 0.14516129032258066 0.019102196752626553 0.042444821731748725
0 0.5873925501432665 0.14516129032258066 0.015281757402101241 0.035653650254668934
0 0.5391595033428844 0.19864176570458403 0.018147086914995225 0.03735144312393888
0 0.6556829035339063 0.2623089983022071 0.029608404966571154 0.059422750424448216
0 0.6833810888252149 0.15789473684210525 0.025787965616045846 0.04753820033955857
0 0.7120343839541547 0.14431239388794567 0.01623686723973257 0.03735144312393888
0 0.8137535816618912 0.1264855687606112 0.013371537726838587 0.035653650254668934
0 0.7516714422158548 0.13497453310696095 0.013371537726838587 0.03904923599320883
0 0.7387774594078319 0.16383701188455008 0.029608404966571154 0.05263157894736842
0 0.7640878701050621 0.17911714770797962 0.021012416427889206 0.05263157894736842
0 0.8022922636103151 0.1867572156196944 0.019102196752626553 0.04074702886247878
0 0.7211079274116523 0.28098471986417656 0.026743075453677174 0.059422750424448216
0 0.7722063037249284 0.31239388794567063 0.02387774594078319 0.057724957555178265
0 0.8782234957020058 0.22835314091680814 0.02387774594078319 0.04584040747028863