0 0.11350455675227837 0.5096818810511756 0.041425020712510356 0.0677731673582296
0 0.20546810273405136 0.3326417704011065 0.01988400994200497 0.03734439834024896
0 0.24026512013256007 0.3478561549100968 0.018227009113504555 0.042876901798063624
0 0.2676056338028169 0.2987551867219917 0.014913007456503728 0.03319502074688797
0 0.2779618889809445 0.34647302904564314 0.019055509527754765 0.040110650069156296
0 0.30654515327257664 0.359612724757953 0.01988400994200497 0.04426002766251729
0 0.33015741507870755 0.3278008298755187 0.020712510356255178 0.03319502074688797
0 0.3351284175642088 0.2863070539419087 0.014084507042253521 0.022130013831258646
0 0.36619718309859156 0.326417704011065 0.016570008285004142 0.03319502074688797
0 0.39146644573322287 0.3312586445366528 0.02236951118475559 0.029045643153526972
0 0.3707539353769677 0.26625172890733056 0.014084507042253521 0.029045643153526972
0 0.4138359569179785 0.23651452282157676 0.012427506213753107 0.022130013831258646
0 0.4262634631317316 0.25103734439834025 0.014084507042253521 0.0318118948824343
0 0.43537696768848383 0.32503457814661135 0.020712510356255178 0.03872752420470263
0 0.44739022369511183 0.30567081604426005 0.016570008285004142 0.03319502074688797
0 0.44531897265948633 0.23651452282157676 0.014084507042253521 0.022130013831258646
0 0.49171499585749795 0.30567081604426005 0.015741507870753936 0.04149377593360996
0 0.4523612261806131 0.40318118948824344 0.026512013256006627 0.05394190871369295
0 0.49254349627174815 0.25380359612724757 0.014084507042253521 0.0318118948824343
0 0.5016570008285004 0.2697095435684647 0.014084507042253521 0.03319502074688797
0 0.5124275062137531 0.24273858921161826 0.014084507042253521 0.029045643153526972
0 0.5323115161557581 0.2330567081604426 0.012427506213753107 0.029045643153526972
0 0.5451532725766363 0.21369294605809128 0.014913007456503728 0.02351313969571231
0 0.56006628003314 0.20470262793914246 0.016570008285004142 0.022130013831258646
0 0.5956917978458989 0.19571230982019364 0.0115990057995029 0.02351313969571231
0 0.5592377796188898 0.26832641770401106 0.014913007456503728 0.035961272475795295
0 0.5882352941176471 0.24204702627939143 0.0115990057995029 0.03319502074688797
0 0.624275062137531 0.21300138312586445 0.014084507042253521 0.024896265560165973
0 0.6263463131731566 0.23997233748271093 0.014913007456503728 0.0318118948824343
0 0.6474730737365368 0.20885200553250347 0.014084507042253521 0.024896265560165973
0 0.6632145816072909 0.21853388658367912 0.014084507042253521 0.027662517289073305
0 0.6835128417564209 0.21092669432918396 0.013256006628003313 0.02627939142461964
0 0.5082850041425021 0.4211618257261411 0.027340513670256836 0.059474412171507604
0 0.5256835128417564 0.343015214384509 0.024026512013256007 0.04702627939142462
0 0.5712510356255178 0.43983402489626555 0.03231151615575808 0.06085753803596127
0 0.5716652858326429 0.3796680497925311 0.0231980115990058 0.048409405255878286
0 0.584092792046396 0.32088520055325037 0.021541010770505385 0.04149377593360996
0 0.6213753106876554 0.29806362378976486 0.016570008285004142 0.03734439834024896
0 0.6532725766362883 0.2710926694329184 0.014084507042253521 0.030428769017980636
0 0.6893123446561723 0.24619640387275243 0.013256006628003313 0.03319502074688797
0 0.6710853355426678 0.3063623789764869 0.0231980115990058 0.034578146611341634
0 0.6984258492129246 0.28561549100968187 0.018227009113504555 0.03734439834024896
0 0.6445733222866611 0.35684647302904565 0.01988400994200497 0.04979253112033195
0 0.672328086164043 0.35200553250345784 0.019055509527754765 0.042876901798063624
0 0.6255178127589064 0.45919778699861685 0.03148301574150787 0.0636237897648686
0 0.7021541010770506 0.3941908713692946 0.02568351284175642 0.058091286307053944
0 0.6855840927920464 0.5311203319502075 0.035625517812758904 0.06915629322268327
0 0.7622203811101905 0.42323651452282157 0.028169014084507043 0.05532503457814661
0 0.7212096106048053 0.23858921161825727 0.014084507042253521 0.02627939142461964
0 0.748135874067937 0.21645919778699863 0.014913007456503728 0.029045643153526972
0 0.7510356255178128 0.24965421853388658 0.015741507870753936 0.034578146611341634
0 0.7667771333885667 0.2690179806362379 0.01739850869925435 0.03734439834024896
0 0.7705053852526926 0.23374827109266944 0.0115990057995029 0.03319502074688797
0 0.7870753935376967 0.23443983402489627 0.013256006628003313 0.0318118948824343
0 0.8106876553438277 0.2627939142461964 0.014084507042253521 0.030428769017980636
0 0.8309859154929577 0.24343015214384509 0.0115990057995029 0.035961272475795295
0 0.8028169014084507 0.2863070539419087 0.014913007456503728 0.03319502074688797
0 0.8251864125932062 0.29737206085753803 0.016570008285004142 0.03319502074688797
0 0.816072908036454 0.3243430152143845 0.018227009113504555 0.040110650069156296
0 0.799917149958575 0.34647302904564314 0.020712510356255178 0.048409405255878286
0 0.8475559237779619 0.3575380359612725 0.018227009113504555 0.04564315352697095
0 0.8384424192212097 0.43706777316735823 0.024855012427506214 0.058091286307053944
0 0.8086164043082021 0.4778699861687414 0.026512013256006627 0.056708160442600276
0 0.9014084507042254 0.4529737206085754 0.026512013256006627 0.059474412171507604
0 0.8661971830985915 0.34024896265560167 0.019055509527754765 0.04426002766251729
0 0.8421706710853355 0.2648686030428769 0.014084507042253521 0.03734439834024896
0 0.8649544324772163 0.24896265560165975 0.0115990057995029 0.035961272475795295
0 0.8831814415907208 0.2690179806362379 0.016570008285004142 0.040110650069156296
0 0.8976801988400994 0.3112033195020747 0.01739850869925435 0.035961272475795295
0 0.9254349627174814 0.35269709543568467 0.018227009113504555 0.04979253112033195
0 0.9221209610604806 0.2946058091286307 0.014913007456503728 0.035961272475795295
0 0.9266777133388566 0.2690179806362379 0.012427506213753107 0.02351313969571231
0 0.9005799502899752 0.4260027662517289 0.026512013256006627 0.035961272475795295
0 0.5675227837613919 0.24965421853388658 0.013256006628003313 0.034578146611341634
0 0.38939519469759737 0.2925311203319502 0.013256006628003313 0.029045643153526972
0 0.41880695940347973 0.29737206085753803 0.015741507870753936 0.030428769017980636
0 0.38856669428334717 0.2710926694329184 0.013256006628003313 0.024896265560165973
0 0.8740679370339686 0.301521438450899 0.014913007456503728 0.04149377593360996