0 0.27900552486187846 0.18990384615384615 0.020257826887661142 0.03685897435897436
0 0.30478821362799263 0.18990384615384615 0.01841620626151013 0.03365384615384615
0 0.30156537753222834 0.21875 0.019337016574585635 0.03685897435897436
0 0.3305709023941068 0.30128205128205127 0.03683241252302026 0.07051282051282051
0 0.5197974217311234 0.16506410256410256 0.02117863720073665 0.05128205128205128
0 0.5713627992633518 0.1330128205128205 0.024861878453038673 0.04487179487179487
0 0.5814917127071824 0.297275641025641 0.03959484346224678 0.08493589743589744
0 0.6588397790055248 0.25080128205128205 0.0285451197053407 0.05929487179487179
0 0.6450276243093923 0.2483974358974359 0.02117863720073665 0.057692307692307696
0 0.6169429097605893 0.14903846153846154 0.022099447513812154 0.04487179487179487
0 0.6307550644567219 0.12580128205128205 0.016574585635359115 0.03685897435897436
0 0.6952117863720073 0.2155448717948718 0.027624309392265192 0.049679487179487176
0 0.757366482504604 0.2796474358974359 0.02302025782688766 0.049679487179487176
0 0.7509208103130756 0.23717948717948717 0.019337016574585635 0.041666666666666664