0 0.2037037037037037 0.3597560975609756 0.037037037037037035 0.08188153310104529
0 0.3162768031189084 0.23693379790940766 0.016569200779727095 0.04529616724738676
0 0.34649122807017546 0.18815331010452963 0.02046783625730994 0.03484320557491289
0 0.41812865497076024 0.20644599303135888 0.017543859649122806 0.04006968641114982
0 0.4239766081871345 0.1794425087108014 0.015594541910331383 0.0313588850174216
0 0.4186159844054581 0.15505226480836237 0.018518518518518517 0.0313588850174216
0 0.4473684210526316 0.1803135888501742 0.023391812865497075 0.036585365853658534
0 0.4517543859649123 0.2221254355400697 0.022417153996101363 0.04006968641114982
0 0.47953216374269003 0.2343205574912892 0.02729044834307992 0.050522648083623695
0 0.5038986354775828 0.17682926829268292 0.01949317738791423 0.04006968641114982
0 0.46393762183235865 0.16202090592334495 0.017543859649122806 0.0313588850174216
0 0.46296296296296297 0.13850174216027875 0.015594541910331383 0.02264808362369338
0 0.526803118908382 0.15940766550522648 0.012670565302144249 0.033101045296167246
0 0.5326510721247564 0.13850174216027875 0.014619883040935672 0.029616724738675958
0 0.5501949317738791 0.11933797909407666 0.012670565302144249 0.029616724738675958
0 0.5648148148148148 0.15418118466898956 0.018518518518518517 0.033101045296167246
0 0.5536062378167641 0.18815331010452963 0.017543859649122806 0.03484320557491289
0 0.5867446393762183 0.16114982578397213 0.015594541910331383 0.036585365853658534
0 0.6018518518518519 0.1402439024390244 0.014619883040935672 0.036585365853658534
0 0.5901559454191033 0.12369337979094076 0.014619883040935672 0.0313588850174216
0 0.6174463937621832 0.10540069686411149 0.012670565302144249 0.033101045296167246
0 0.6369395711500975 0.1559233449477352 0.016569200779727095 0.033101045296167246
0 0.628167641325536 0.14111498257839722 0.014619883040935672 0.0313588850174216
0 0.6374269005847953 0.11933797909407666 0.011695906432748537 0.02613240418118467
0 0.6442495126705653 0.10540069686411149 0.009746588693957114 0.02613240418118467
0 0.6515594541910331 0.14285714285714285 0.012670565302144249 0.0313588850174216
0 0.6544834307992202 0.11933797909407666 0.010721247563352826 0.02613240418118467
0 0.665692007797271 0.11149825783972125 0.011695906432748537 0.027874564459930314
0 0.5043859649122807 0.15069686411149827 0.012670565302144249 0.01916376306620209
0 0.6895711500974658 0.1210801393728223 0.014619883040935672 0.029616724738675958
0 0.7046783625730995 0.12456445993031359 0.011695906432748537 0.02613240418118467
0 0.6734892787524367 0.17421602787456447 0.01949317738791423 0.03484320557491289
0 0.6306042884990254 0.19599303135888502 0.021442495126705652 0.050522648083623695
0 0.5828460038986355 0.24477351916376305 0.021442495126705652 0.04355400696864112
0 0.5048732943469786 0.2961672473867596 0.029239766081871343 0.05226480836236934
0 0.5935672514619883 0.29181184668989546 0.02729044834307992 0.05749128919860627
0 0.6140350877192983 0.313588850174216 0.031189083820662766 0.0627177700348432
0 0.6257309941520468 0.25522648083623695 0.01949317738791423 0.050522648083623695
0 0.665692007797271 0.2578397212543554 0.021442495126705652 0.04878048780487805
0 0.6647173489278753 0.32578397212543553 0.029239766081871343 0.07317073170731707
0 0.6900584795321637 0.3893728222996516 0.03898635477582846 0.06445993031358885
0 0.6720272904483431 0.21515679442508712 0.02046783625730994 0.04355400696864112
0 0.7090643274853801 0.17421602787456447 0.02046783625730994 0.04529616724738676
0 0.7339181286549707 0.1837979094076655 0.021442495126705652 0.047038327526132406
0 0.7348927875243665 0.22996515679442509 0.01949317738791423 0.05574912891986063
0 0.7529239766081871 0.1254355400696864 0.014619883040935672 0.03484320557491289
0 0.7582846003898636 0.1602787456445993 0.015594541910331383 0.041811846689895474
0 0.7690058479532164 0.13501742160278746 0.011695906432748537 0.029616724738675958
0 0.7826510721247564 0.1402439024390244 0.01364522417153996 0.036585365853658534
0 0.7967836257309941 0.1524390243902439 0.016569200779727095 0.04006968641114982
0 0.7914230019493177 0.20818815331010454 0.017543859649122806 0.050522648083623695
0 0.7709551656920078 0.1951219512195122 0.015594541910331383 0.03484320557491289
0 0.817738791423002 0.2804878048780488 0.025341130604288498 0.05574912891986063
0 0.8045808966861598 0.26742160278745647 0.016569200779727095 0.04355400696864112
0 0.8153021442495126 0.3588850174216028 0.0341130604288499 0.07317073170731707
0 0.8908382066276803 0.4416376306620209 0.03508771929824561 0.07142857142857142
0 0.8947368421052632 0.3832752613240418 0.02729044834307992 0.059233449477351915
0 0.8542884990253411 0.30313588850174217 0.028265107212475632 0.059233449477351915
0 0.8625730994152047 0.28310104529616725 0.021442495126705652 0.047038327526132406
0 0.8557504873294347 0.22822299651567945 0.01949317738791423 0.03832752613240418
0 0.8864522417153996 0.23606271777003485 0.016569200779727095 0.050522648083623695
0 0.895224171539961 0.22996515679442509 0.016569200779727095 0.041811846689895474
0 0.9117933723196882 0.26306620209059234 0.022417153996101363 0.04878048780487805
0 0.928849902534113 0.2883275261324042 0.01949317738791423 0.047038327526132406
0 0.9283625730994152 0.24041811846689895 0.018518518518518517 0.04529616724738676
0 0.9113060428849903 0.17857142857142858 0.01364522417153996 0.033101045296167246
0 0.9171539961013645 0.16289198606271776 0.011695906432748537 0.02613240418118467
0 0.9366471734892787 0.17334494773519163 0.01364522417153996 0.033101045296167246
0 0.9385964912280702 0.21777003484320556 0.01364522417153996 0.0313588850174216
0 0.8932748538011696 0.1916376306620209 0.014619883040935672 0.03832752613240418
0 0.8693957115009746 0.19076655052264807 0.01364522417153996 0.036585365853658534
0 0.8791423001949318 0.16114982578397213 0.015594541910331383 0.04006968641114982
0 0.8542884990253411 0.1951219512195122 0.018518518518518517 0.03484320557491289
0 0.8196881091617934 0.20644599303135888 0.017543859649122806 0.047038327526132406
0 0.827485380116959 0.17682926829268292 0.015594541910331383 0.033101045296167246
0 0.8455165692007798 0.156794425087108 0.012670565302144249 0.0313588850174216