0 0.07469654528478058 0.3579454253611557 0.03734827264239029 0.07704654895666131
0 0.2726423902894491 0.19341894060995185 0.01680672268907563 0.04012841091492777
0 0.2852474323062558 0.22070626003210272 0.021475256769374416 0.056179775280898875
0 0.3085901027077498 0.18780096308186195 0.015873015873015872 0.03531300160513644
0 0.3211951447245565 0.18057784911717495 0.018674136321195144 0.03691813804173355
0 0.3944911297852474 0.20224719101123595 0.028944911297852476 0.05778491171749599
0 0.4234360410830999 0.2231139646869984 0.0196078431372549 0.0449438202247191
0 0.4715219421101774 0.17656500802568217 0.02427637721755369 0.060995184590690206
0 0.5121381886087768 0.15248796147672553 0.02334267040149393 0.048154093097913325
0 0.5686274509803921 0.15569823434991975 0.026143790849673203 0.05457463884430177
0 0.6339869281045751 0.18298555377207062 0.028011204481792718 0.05778491171749599
0 0.5854341736694678 0.27207062600321025 0.028011204481792718 0.06260032102728733
0 0.6157796451914099 0.29775280898876405 0.028944911297852476 0.06260032102728733
0 0.7516339869281046 0.34991974317817015 0.04481792717086835 0.09309791332263243