0 0.2273156899810964 0.5 0.0444234404536862 0.08695652173913043
0 0.31143667296786387 0.2600334448160535 0.017958412098298678 0.03511705685618729
0 0.33223062381852553 0.27675585284280935 0.01984877126654064 0.04180602006688963
0 0.3861058601134216 0.19983277591973245 0.01984877126654064 0.03511705685618729
0 0.4276937618147448 0.27842809364548493 0.021739130434782608 0.048494983277591976
0 0.4220226843100189 0.22240802675585283 0.01606805293005671 0.03678929765886288
0 0.44092627599243855 0.23244147157190637 0.021739130434782608 0.03678929765886288
0 0.44328922495274103 0.1939799331103679 0.017013232514177693 0.03678929765886288
0 0.43525519848771266 0.16806020066889632 0.01606805293005671 0.03511705685618729
0 0.45085066162570886 0.15635451505016723 0.013232514177693762 0.028428093645484948
0 0.4716446124763705 0.1496655518394649 0.013232514177693762 0.03177257525083612
0 0.48582230623818523 0.13712374581939799 0.011342155009451797 0.026755852842809364
0 0.47117202268431 0.20819397993311037 0.01606805293005671 0.03177257525083612
0 0.47400756143667294 0.18896321070234115 0.014177693761814745 0.033444816053511704
0 0.48062381852551983 0.1688963210702341 0.014177693761814745 0.030100334448160536
0 0.4962192816635161 0.17307692307692307 0.013232514177693762 0.03177257525083612
0 0.5231568998109641 0.2140468227424749 0.017958412098298678 0.04013377926421405
0 0.5245746691871456 0.15384615384615385 0.015122873345935728 0.033444816053511704
0 0.5387523629489603 0.08277591973244147 0.011342155009451797 0.028428093645484948
0 0.5666351606805293 0.10785953177257525 0.012287334593572778 0.02508361204013378
0 0.5992438563327032 0.09698996655518395 0.013232514177693762 0.030100334448160536
0 0.6148393194706995 0.11538461538461539 0.012287334593572778 0.023411371237458192
0 0.6143667296786389 0.1346153846153846 0.013232514177693762 0.028428093645484948
0 0.5571833648393195 0.1479933110367893 0.01606805293005671 0.03511705685618729
0 0.5793950850661626 0.1596989966555184 0.015122873345935728 0.028428093645484948
0 0.6077504725897921 0.17892976588628762 0.020793950850661626 0.043478260869565216
0 0.5751417769376181 0.13377926421404682 0.012287334593572778 0.033444816053511704
0 0.6838374291115312 0.061036789297658864 0.010396975425330813 0.03177257525083612
0 0.7840264650283554 0.05434782608695652 0.014177693761814745 0.02508361204013378
0 0.6895085066162571 0.10033444816053512 0.014177693761814745 0.030100334448160536
0 0.752835538752363 0.10702341137123746 0.014177693761814745 0.030100334448160536
0 0.8104914933837429 0.12876254180602006 0.014177693761814745 0.033444816053511704
0 0.7013232514177694 0.13377926421404682 0.01890359168241966 0.033444816053511704
0 0.6828922495274102 0.15551839464882944 0.017958412098298678 0.04013377926421405
0 0.6989603024574669 0.18645484949832775 0.017958412098298678 0.038461538461538464
0 0.6620982986767486 0.20317725752508362 0.021739130434782608 0.051839464882943144
0 0.7485822306238186 0.1479933110367893 0.017013232514177693 0.038461538461538464
0 0.7216446124763705 0.17558528428093645 0.01984877126654064 0.04013377926421405
0 0.753780718336484 0.17725752508361203 0.01984877126654064 0.03678929765886288
0 0.7982041587901701 0.1956521739130435 0.017958412098298678 0.046822742474916385
0 0.8516068052930057 0.18227424749163879 0.017013232514177693 0.043478260869565216
0 0.8705103969754253 0.22742474916387959 0.017013232514177693 0.05016722408026756
0 0.6072778827977315 0.2525083612040134 0.023629489603024575 0.05016722408026756
0 0.5486767485822306 0.29515050167224083 0.027410207939508508 0.061872909698996656
0 0.4815689981096408 0.32441471571906355 0.0330812854442344 0.05351170568561873
0 0.6602079395085066 0.2625418060200669 0.023629489603024575 0.056856187290969896
0 0.7188090737240076 0.2801003344481605 0.027410207939508508 0.05852842809364549
0 0.774102079395085 0.31187290969899667 0.026465028355387523 0.05518394648829431
0 0.972117202268431 0.3762541806020067 0.0444234404536862 0.09698996655518395