0 0.8104517271922055 0.32683307332293293 0.03897254207263064 0.08892355694227769
0 0.6120460584588131 0.10764430577223089 0.015943312666076175 0.028081123244929798
0 0.5580159433126661 0.11856474258970359 0.015943312666076175 0.0249609984399376
0 0.704162976085031 0.12558502340093602 0.010628875110717449 0.0202808112324493
0 0.7581930912311781 0.1310452418096724 0.0141718334809566 0.0249609984399376
0 0.7945084145261293 0.13416536661466458 0.015943312666076175 0.0249609984399376
0 0.8534100974313552 0.15054602184087362 0.015057573073516387 0.0358814352574103
0 0.8782108060230293 0.15756630265210608 0.015057573073516387 0.0343213728549142
0 0.7471213463241807 0.1419656786271451 0.018600531443755536 0.028081123244929798
0 0.7763507528786536 0.14118564742589704 0.01682905225863596 0.029641185647425898
0 0.8055801594331267 0.15912636505460218 0.02037201062887511 0.028081123244929798
0 0.8224092116917626 0.15990639625585024 0.015057573073516387 0.0265210608424337
0 0.9096545615589017 0.1794071762870515 0.01948627103631532 0.031201248049921998
0 0.4946855624446413 0.13338533541341654 0.013286093888396812 0.0234009360374415
0 0.5194862710363153 0.1372854914196568 0.018600531443755536 0.0218408736349454
0 0.546058458813109 0.1435257410296412 0.018600531443755536 0.0187207488299532
0 0.5770593445527015 0.13260530421216848 0.018600531443755536 0.031201248049921998
0 0.5952170062001771 0.1419656786271451 0.023029229406554472 0.028081123244929798
0 0.650132860938884 0.14040561622464898 0.01771479185119575 0.0343213728549142
0 0.662533215234721 0.12636505460218408 0.015943312666076175 0.0249609984399376
0 0.6864481842338352 0.18018720748829953 0.024800708591674048 0.0421216848673947
0 0.7103631532329495 0.15288611544461778 0.01948627103631532 0.028081123244929798
0 0.45704162976085033 0.15132605304212168 0.012400354295837024 0.0249609984399376
0 0.48051372896368466 0.15990639625585024 0.018600531443755536 0.029641185647425898
0 0.5203720106288751 0.17394695787831513 0.018600531443755536 0.0390015600624025
0 0.5761736049601417 0.18876755070202808 0.022143489813994686 0.028081123244929798
0 0.43135518157661645 0.17160686427457097 0.01771479185119575 0.031201248049921998
0 0.3746678476527901 0.18798751950078002 0.021257750221434897 0.029641185647425898
0 0.4136403897254207 0.1809672386895476 0.023029229406554472 0.0374414976599064
0 0.466784765279008 0.21372854914196568 0.023029229406554472 0.031201248049921998
0 0.4973427812223206 0.20280811232449297 0.022143489813994686 0.0343213728549142
0 0.3534100974313552 0.20202808112324494 0.021257750221434897 0.0358814352574103
0 0.3179805137289637 0.2059282371294852 0.023029229406554472 0.0374414976599064
0 0.62533215234721 0.21294851794071762 0.024800708591674048 0.0452418096723869
0 0.6545615589016829 0.19656786271450857 0.023029229406554472 0.0405616224648986
0 0.6519043401240036 0.23634945397815912 0.030115146147032774 0.054602184087363496
0 0.7139061116031886 0.18642745709828393 0.01948627103631532 0.0390015600624025
0 0.7302922940655447 0.17706708268330734 0.015057573073516387 0.0390015600624025
0 0.7643932683790965 0.187207488299532 0.023029229406554472 0.0374414976599064
0 0.7214348981399469 0.22230889235569423 0.022143489813994686 0.0421216848673947
0 0.7878653675819309 0.20280811232449297 0.015057573073516387 0.0374414976599064
0 0.8259521700620017 0.18330733229329174 0.015057573073516387 0.0327613104524181
0 0.9340124003542959 0.1747269890795632 0.01682905225863596 0.028081123244929798
0 0.933126660761736 0.22698907956318254 0.01682905225863596 0.0421216848673947
0 0.8569530558015943 0.20904836193447737 0.01682905225863596 0.0343213728549142
0 0.8786536758193091 0.23166926677067082 0.015943312666076175 0.0514820592823713
0 0.9140832595217007 0.24960998439937598 0.021257750221434897 0.0436817472698908
0 0.8693534100974314 0.27613104524180965 0.018600531443755536 0.0343213728549142
0 0.44685562444641275 0.24726989079563183 0.023914968999114262 0.0327613104524181
0 0.5531443755535872 0.28081123244929795 0.025686448184233834 0.0405616224648986
0 0.5323294951284322 0.22386895475819032 0.023029229406554472 0.0390015600624025
0 0.6226749335695305 0.1747269890795632 0.024800708591674048 0.0249609984399376
0 0.6235606731620903 0.1544461778471139 0.024800708591674048 0.0218408736349454
0 0.5651018600531443 0.1544461778471139 0.026572187776793623 0.0249609984399376
0 0.5367581930912312 0.18798751950078002 0.01948627103631532 0.029641185647425898
0 0.4437555358724535 0.20904836193447737 0.021257750221434897 0.0374414976599064