0 0.13141361256544504 0.24022346368715083 0.019895287958115182 0.037243947858473
0 0.22146596858638742 0.3463687150837989 0.049214659685863874 0.0856610800744879
0 0.256020942408377 0.20763500931098697 0.015706806282722512 0.035381750465549346
0 0.27382198952879583 0.16201117318435754 0.015706806282722512 0.0297951582867784
0 0.33507853403141363 0.2271880819366853 0.020942408376963352 0.037243947858473
0 0.38481675392670156 0.22905027932960895 0.02198952879581152 0.048417132216014895
0 0.4094240837696335 0.25512104283054005 0.023036649214659685 0.0446927374301676
0 0.35235602094240837 0.1154562383612663 0.013612565445026177 0.0260707635009311
0 0.38848167539267014 0.11638733705772812 0.016753926701570682 0.03165735567970205
0 0.42774869109947644 0.16759776536312848 0.015706806282722512 0.037243947858473
0 0.42303664921465967 0.21880819366852886 0.018848167539267015 0.035381750465549346
0 0.42408376963350786 0.14618249534450653 0.014659685863874346 0.020484171322160148
0 0.47172774869109946 0.17783985102420857 0.024083769633507852 0.03910614525139665
0 0.4706806282722513 0.2048417132216015 0.019895287958115182 0.0335195530726257
0 0.46335078534031415 0.09683426443202979 0.015706806282722512 0.0297951582867784
0 0.4801047120418848 0.14711359404096835 0.013612565445026177 0.0297951582867784
0 0.49581151832460735 0.14152700186219738 0.015706806282722512 0.0260707635009311
0 0.5115183246073298 0.186219739292365 0.01780104712041885 0.040968342644320296
0 0.5094240837696336 0.1154562383612663 0.013612565445026177 0.0297951582867784
0 0.5225130890052356 0.12290502793296089 0.012565445026178011 0.0223463687150838
0 0.5486910994764398 0.11731843575418995 0.014659685863874346 0.0260707635009311
0 0.5450261780104712 0.18342644320297952 0.02617801047120419 0.04283054003724395
0 0.5303664921465968 0.33054003724394787 0.04502617801047121 0.061452513966480445
0 0.5643979057591623 0.2802607076350093 0.027225130890052355 0.04283054003724395
0 0.5900523560209424 0.11452513966480447 0.019895287958115182 0.035381750465549346
0 0.5759162303664922 0.0931098696461825 0.020942408376963352 0.040968342644320296
0 0.6068062827225131 0.11080074487895716 0.011518324607329843 0.024208566108007448
0 0.6204188481675392 0.12290502793296089 0.013612565445026177 0.0297951582867784
0 0.6345549738219896 0.09497206703910614 0.014659685863874346 0.0260707635009311
0 0.6518324607329843 0.07914338919925512 0.015706806282722512 0.03165735567970205
0 0.6591623036649215 0.12104283054003724 0.02198952879581152 0.040968342644320296
0 0.618324607329843 0.1564245810055866 0.01780104712041885 0.040968342644320296
0 0.618848167539267 0.24115456238361266 0.033507853403141365 0.061452513966480445
0 0.6701570680628273 0.25977653631284914 0.02931937172774869 0.05027932960893855
0 0.6801047120418848 0.21508379888268156 0.019895287958115182 0.04283054003724395
0 0.7099476439790576 0.16201117318435754 0.016753926701570682 0.0335195530726257
0 0.6905759162303665 0.07355679702048418 0.015706806282722512 0.027932960893854747
0 0.724607329842932 0.06797020484171322 0.018848167539267015 0.027932960893854747
0 0.7073298429319371 0.11173184357541899 0.011518324607329843 0.0260707635009311
0 0.7356020942408377 0.10800744878957169 0.02198952879581152 0.0446927374301676
0 0.7575916230366492 0.08379888268156424 0.01780104712041885 0.040968342644320296
0 0.7774869109947644 0.09497206703910614 0.015706806282722512 0.037243947858473
0 0.7774869109947644 0.14711359404096835 0.019895287958115182 0.037243947858473
0 0.7643979057591623 0.2467411545623836 0.023036649214659685 0.05027932960893855
0 0.7361256544502618 0.2579143389199255 0.025130890052356022 0.05772811918063315
0 0.7968586387434555 0.18435754189944134 0.023036649214659685 0.0595903165735568
0 0.8120418848167539 0.12104283054003724 0.013612565445026177 0.0223463687150838
0 0.8413612565445027 0.0931098696461825 0.013612565445026177 0.0297951582867784
0 0.8324607329842932 0.10335195530726257 0.010471204188481676 0.024208566108007448
0 0.8680628272251308 0.10800744878957169 0.016753926701570682 0.0335195530726257
0 0.8612565445026178 0.1685288640595903 0.01780104712041885 0.03165735567970205
0 0.8460732984293193 0.2132216014897579 0.027225130890052355 0.061452513966480445
0 0.8743455497382199 0.23649906890130354 0.023036649214659685 0.0521415270018622
0 0.8869109947643979 0.21415270018621974 0.014659685863874346 0.0335195530726257
0 0.9083769633507853 0.10707635009310987 0.013612565445026177 0.035381750465549346
0 0.949738219895288 0.13221601489757914 0.016753926701570682 0.037243947858473
0 0.9670157068062827 0.1610800744878957 0.015706806282722512 0.035381750465549346
0 0.9738219895287958 0.1266294227188082 0.014659685863874346 0.0335195530726257
0 0.9293193717277487 0.2122905027932961 0.019895287958115182 0.0446927374301676
0 0.9214659685863874 0.25139664804469275 0.020942408376963352 0.0446927374301676
0 0.9136125654450262 0.3230912476722533 0.024083769633507852 0.061452513966480445
0 0.9256544502617801 0.29329608938547486 0.025130890052356022 0.05027932960893855