0 0.9267701260911736 0.21913043478260869 0.014548981571290009 0.03826086956521739
0 0.9190106692531523 0.3191304347826087 0.016488845780795344 0.04
0 0.9136760426770126 0.34 0.02521823472356935 0.057391304347826085
0 0.8758486905916586 0.23217391304347826 0.015518913676042677 0.04695652173913043
0 0.853055286129971 0.2582608695652174 0.016488845780795344 0.043478260869565216
0 0.8486905916585838 0.29304347826086957 0.019398642095053348 0.05391304347826087
0 0.7866149369544132 0.1391304347826087 0.011639185257032008 0.02782608695652174
0 0.7929194956353055 0.16434782608695653 0.012609117361784675 0.036521739130434785
0 0.7982541222114452 0.21913043478260869 0.015518913676042677 0.04173913043478261
0 0.8060135790494666 0.2808695652173913 0.01745877788554801 0.050434782608695654
0 0.7657613967022309 0.3 0.01842870999030068 0.050434782608695654
0 0.7575169738118331 0.23130434782608697 0.01745877788554801 0.04173913043478261
0 0.8128031037827352 0.39652173913043476 0.02521823472356935 0.07304347826086957
0 0.7759456838021338 0.37478260869565216 0.029097963142580018 0.06434782608695652
0 0.8438409311348206 0.46 0.03297769156159069 0.06782608695652174
0 0.7546071774975752 0.1826086956521739 0.013579049466537343 0.03826086956521739
0 0.7444228903976722 0.13826086956521738 0.012609117361784675 0.029565217391304348
0 0.7279340446168768 0.2921739130434783 0.020368574199806012 0.05565217391304348
0 0.6784675072744908 0.25565217391304346 0.020368574199806012 0.05217391304347826
0 0.7153249272550921 0.23304347826086957 0.016488845780795344 0.04521739130434783
0 0.6721629485935985 0.3417391304347826 0.019398642095053348 0.06086956521739131
0 0.6968962172647915 0.16521739130434782 0.012609117361784675 0.03130434782608696
0 0.7313288069835111 0.19304347826086957 0.013579049466537343 0.034782608695652174
0 0.7201745877788555 0.11565217391304349 0.01066925315227934 0.022608695652173914
0 0.6673132880698351 0.10521739130434783 0.009699321047526674 0.02608695652173913
0 0.6770126091173618 0.1208695652173913 0.011639185257032008 0.02608695652173913
0 0.6896217264791464 0.10434782608695652 0.009699321047526674 0.02434782608695652
0 0.6498545101842871 0.12 0.009699321047526674 0.02782608695652174
0 0.6605237633365665 0.1356521739130435 0.011639185257032008 0.02782608695652174
0 0.5882638215324927 0.11217391304347826 0.008729388942774006 0.022608695652173914
0 0.5809893307468477 0.1208695652173913 0.009699321047526674 0.02608695652173913
0 0.6314258001939864 0.11043478260869566 0.011639185257032008 0.022608695652173914
0 0.6212415130940834 0.12608695652173912 0.012609117361784675 0.029565217391304348
0 0.61639185257032 0.15130434782608695 0.014548981571290009 0.03130434782608696
0 0.6042677012609118 0.12434782608695652 0.011639185257032008 0.02608695652173913
0 0.553831231813773 0.12521739130434784 0.011639185257032008 0.02434782608695652
0 0.566925315227934 0.15130434782608695 0.014548981571290009 0.03130434782608696
0 0.5800193986420951 0.16869565217391305 0.015518913676042677 0.034782608695652174
0 0.5489815712900097 0.1608695652173913 0.013579049466537343 0.03304347826086956
0 0.5533462657613967 0.1826086956521739 0.014548981571290009 0.03826086956521739
0 0.565470417070805 0.23391304347826086 0.01745877788554801 0.04695652173913043
0 0.6018428709990301 0.25478260869565217 0.020368574199806012 0.04695652173913043
0 0.6333656644034917 0.2234782608695652 0.01745877788554801 0.036521739130434785
0 0.6838021338506305 0.18782608695652173 0.013579049466537343 0.034782608695652174
0 0.502909796314258 0.12347826086956522 0.01066925315227934 0.02434782608695652
0 0.518913676042677 0.14 0.009699321047526674 0.022608695652173914
0 0.5252182347235693 0.17652173913043478 0.012609117361784675 0.03304347826086956
0 0.48351115421920465 0.17739130434782607 0.012609117361784675 0.02782608695652174
0 0.489815712900097 0.1373913043478261 0.009699321047526674 0.020869565217391306
0 0.46217264791464596 0.16869565217391305 0.012609117361784675 0.03130434782608696
0 0.4398642095053346 0.1634782608695652 0.01066925315227934 0.02434782608695652
0 0.4684772065955383 0.14173913043478262 0.011639185257032008 0.02608695652173913
0 0.4864209505334627 0.2165217391304348 0.01842870999030068 0.04
0 0.4539282250242483 0.22260869565217392 0.015518913676042677 0.03826086956521739
0 0.44034917555771097 0.2026086956521739 0.013579049466537343 0.036521739130434785
0 0.41367604267701263 0.19217391304347825 0.014548981571290009 0.036521739130434785
0 0.41998060135790494 0.17304347826086958 0.011639185257032008 0.03304347826086956
0 0.492725509214355 0.28782608695652173 0.02133850630455868 0.05391304347826087
0 0.5441319107662463 0.3130434782608696 0.023278370514064017 0.059130434782608696
0 0.3797284190106692 0.2426086956521739 0.016488845780795344 0.04
0 0.38651794374393794 0.28782608695652173 0.020368574199806012 0.04
0 0.3743937924345296 0.2 0.013579049466537343 0.034782608695652174
0 0.2938894277400582 0.2182608695652174 0.013579049466537343 0.03304347826086956
0 0.31086323957322987 0.23217391304347826 0.014548981571290009 0.036521739130434785
0 0.32832201745877787 0.23652173913043478 0.012609117361784675 0.034782608695652174
0 0.33511154219204653 0.26 0.016488845780795344 0.03304347826086956
0 0.3511154219204656 0.1791304347826087 0.011639185257032008 0.03130434782608696
0 0.3545101842870999 0.2 0.014548981571290009 0.034782608695652174
0 0.5897187196896218 0.34608695652173915 0.019398642095053348 0.06260869565217392
0 0.2119301648884578 0.36434782608695654 0.037827352085354024 0.0782608695652174