0 0.31581740976645434 0.19418386491557224 0.022292993630573247 0.04690431519699812
0 0.3503184713375796 0.21388367729831145 0.02335456475583864 0.05628517823639775
0 0.40498938428874737 0.21951219512195122 0.01167728237791932 0.02626641651031895
0 0.4166666666666667 0.25609756097560976 0.022292993630573247 0.04690431519699812
0 0.4421443736730361 0.2176360225140713 0.018046709129511677 0.03377110694183865
0 0.5111464968152867 0.22420262664165103 0.022292993630573247 0.039399624765478425
0 0.5207006369426752 0.13602251407129456 0.013800424628450107 0.028142589118198873
0 0.589171974522293 0.1050656660412758 0.012738853503184714 0.02626641651031895
0 0.6114649681528662 0.10037523452157598 0.010615711252653927 0.020637898686679174
0 0.6226114649681529 0.11350844277673545 0.009554140127388535 0.020637898686679174
0 0.6533970276008493 0.1022514071294559 0.013800424628450107 0.024390243902439025
0 0.5923566878980892 0.24296435272045028 0.021231422505307854 0.043151969981238276
0 0.6369426751592356 0.2373358348968105 0.025477707006369428 0.05065666041275797