0 0.07564422277639235 0.4842105263157895 0.051537822111388194 0.10526315789473684
0 0.1745635910224439 0.30350877192982456 0.023275145469659187 0.05263157894736842
0 0.200332502078138 0.312280701754386 0.02826267664172901 0.05263157894736842
0 0.24064837905236908 0.25701754385964914 0.019118869492934332 0.043859649122807015
0 0.28137988362427263 0.2649122807017544 0.020781379883624274 0.0456140350877193
0 0.2863674147963425 0.22719298245614036 0.022443890274314215 0.04035087719298246
0 0.3083956774729842 0.25087719298245614 0.0199501246882793 0.05263157894736842
0 0.3262676641729011 0.23684210526315788 0.020781379883624274 0.05263157894736842
0 0.3462177888611804 0.28421052631578947 0.024106400665004156 0.05964912280701754
0 0.342477140482128 0.22105263157894736 0.021612635078969242 0.042105263157894736
0 0.3686616791354946 0.20964912280701756 0.024106400665004156 0.043859649122807015
0 0.37281795511221943 0.25526315789473686 0.019118869492934332 0.04736842105263158
0 0.4093931837073982 0.21754385964912282 0.020781379883624274 0.03508771929824561
0 0.4093931837073982 0.18771929824561404 0.017456359102244388 0.03508771929824561
0 0.4164588528678304 0.33421052631578946 0.02660016625103907 0.05789473684210526
0 0.42975893599334997 0.18596491228070175 0.01828761429758936 0.042105263157894736
0 0.45303408146300916 0.2675438596491228 0.023275145469659187 0.05789473684210526
0 0.48212801330008315 0.22631578947368422 0.01828761429758936 0.04912280701754386
0 0.5049875311720698 0.19210526315789472 0.024106400665004156 0.054385964912280704
0 0.4771404821280133 0.16842105263157894 0.0199501246882793 0.03859649122807018
0 0.4617622610141313 0.18157894736842106 0.019118869492934332 0.04035087719298246
0 0.5353283458021613 0.23771929824561402 0.01828761429758936 0.043859649122807015
0 0.542809642560266 0.18157894736842106 0.01828761429758936 0.04035087719298246
0 0.5378221113881961 0.15175438596491228 0.021612635078969242 0.03684210526315789
0 0.5648379052369077 0.15087719298245614 0.020781379883624274 0.042105263157894736
0 0.5789692435577722 0.13333333333333333 0.015793848711554447 0.03508771929824561
0 0.5660847880299252 0.19210526315789472 0.01828761429758936 0.03333333333333333
0 0.5577722360764755 0.21929824561403508 0.01662510390689942 0.042105263157894736
0 0.5906068162926018 0.17192982456140352 0.017456359102244388 0.03508771929824561
0 0.5972568578553616 0.19649122807017544 0.017456359102244388 0.042105263157894736
0 0.6097256857855362 0.21754385964912282 0.017456359102244388 0.0456140350877193
0 0.6184538653366584 0.1482456140350877 0.01828761429758936 0.043859649122807015
0 0.64214463840399 0.17192982456140352 0.015793848711554447 0.03859649122807018
0 0.656691604322527 0.16052631578947368 0.014962593516209476 0.04035087719298246
0 0.6816292601828762 0.1543859649122807 0.01662510390689942 0.042105263157894736
0 0.6741479634247715 0.17982456140350878 0.01662510390689942 0.043859649122807015
0 0.7024106400665004 0.17982456140350878 0.013300083125519535 0.04736842105263158
0 0.6471321695760599 0.2043859649122807 0.017456359102244388 0.03684210526315789
0 0.6517040731504572 0.25526315789473686 0.02493765586034913 0.06140350877192982
0 0.6034912718204489 0.3087719298245614 0.023275145469659187 0.06315789473684211
0 0.5594347464671654 0.36403508771929827 0.02826267664172901 0.06140350877192982
0 0.5914380714879468 0.40087719298245617 0.032418952618453865 0.06842105263157895
0 0.6541978387364921 0.4236842105263158 0.029925187032418952 0.06491228070175438
0 0.7111388196176226 0.41842105263157897 0.029093931837073983 0.06842105263157895
0 0.773067331670823 0.48947368421052634 0.02826267664172901 0.09473684210526316
0 0.8674147963424771 0.519298245614035 0.032418952618453865 0.08070175438596491
0 0.6891105569409809 0.25087719298245614 0.021612635078969242 0.0456140350877193
0 0.7331670822942643 0.25 0.0199501246882793 0.043859649122807015
0 0.7223607647547797 0.2394736842105263 0.021612635078969242 0.043859649122807015
0 0.7078137988362427 0.3026315789473684 0.02743142144638404 0.05087719298245614
0 0.743973399833749 0.3157894736842105 0.02493765586034913 0.05964912280701754
0 0.743973399833749 0.2131578947368421 0.014962593516209476 0.04736842105263158
0 0.7676641729010806 0.20964912280701756 0.019118869492934332 0.03684210526315789
0 0.7647547797173733 0.23859649122807017 0.0199501246882793 0.056140350877192984
0 0.8042394014962594 0.21052631578947367 0.015793848711554447 0.0456140350877193
0 0.8216957605985037 0.24035087719298245 0.015793848711554447 0.0456140350877193
0 0.8108894430590191 0.24385964912280703 0.017456359102244388 0.042105263157894736
0 0.7826267664172901 0.2824561403508772 0.020781379883624274 0.056140350877192984
0 0.8059019118869493 0.3263157894736842 0.020781379883624274 0.05964912280701754
0 0.8636741479634248 0.2517543859649123 0.014962593516209476 0.04035087719298246
0 0.8985868661679135 0.2535087719298246 0.01662510390689942 0.04035087719298246
0 0.9480465502909393 0.27017543859649124 0.014131338320864505 0.0456140350877193
0 0.9268495428096426 0.29210526315789476 0.01662510390689942 0.03684210526315789
0 0.9006650041562759 0.2833333333333333 0.015793848711554447 0.04035087719298246
0 0.8877805486284289 0.30526315789473685 0.01828761429758936 0.05263157894736842
0 0.92643391521197 0.35789473684210527 0.015793848711554447 0.056140350877192984
0 0.9829592684954281 0.28421052631578947 0.014131338320864505 0.04912280701754386
0 0.9754779717373233 0.3263157894736842 0.015793848711554447 0.042105263157894736
0 0.9746467165419784 0.3605263157894737 0.015793848711554447 0.054385964912280704
0 0.9742310889443059 0.39473684210526316 0.01828761429758936 0.05263157894736842
0 0.9447215295095595 0.40964912280701754 0.020781379883624274 0.06491228070175438
0 0.9584372402327515 0.4868421052631579 0.021612635078969242 0.0824561403508772
0 0.8686616791354946 0.33771929824561403 0.0199501246882793 0.054385964912280704
0 0.8615960099750624 0.4043859649122807 0.019118869492934332 0.06842105263157895
0 0.8782211138819618 0.43333333333333335 0.020781379883624274 0.07017543859649122