0 0.2080536912751678 0.4792358803986711 0.04218600191754554 0.09136212624584718
0 0.2981783317353787 0.24584717607973422 0.02109300095877277 0.036544850498338874
0 0.3288590604026846 0.27740863787375414 0.019175455417066157 0.04318936877076412
0 0.34995206136145734 0.2574750830564784 0.019175455417066157 0.03986710963455149
0 0.3811121764141898 0.20681063122923588 0.020134228187919462 0.03156146179401993
0 0.4228187919463087 0.21843853820598005 0.01725790987535954 0.03156146179401993
0 0.4458293384467881 0.21843853820598005 0.01725790987535954 0.03820598006644518
0 0.4304889741131352 0.2807308970099668 0.023010546500479387 0.04318936877076412
0 0.43528283796740175 0.16943521594684385 0.01725790987535954 0.029900332225913623
0 0.44726749760306805 0.1877076411960133 0.01821668264621285 0.029900332225913623
0 0.47459252157238735 0.20182724252491693 0.015340364333652923 0.03156146179401993
0 0.4712368168744008 0.15448504983388706 0.012464046021093002 0.026578073089700997
0 0.4813039309683605 0.1611295681063123 0.013422818791946308 0.029900332225913623
0 0.49760306807286675 0.17026578073089702 0.01725790987535954 0.04152823920265781
0 0.4549376797698945 0.15282392026578073 0.014381591562799617 0.026578073089700997
0 0.49520613614573344 0.13122923588039867 0.012464046021093002 0.029900332225913623
0 0.537392138063279 0.14285714285714285 0.014381591562799617 0.03322259136212625
0 0.540268456375839 0.12458471760797342 0.014381591562799617 0.026578073089700997
0 0.5632790028763183 0.11627906976744186 0.00862895493767977 0.019933554817275746
0 0.5714285714285714 0.1303986710963455 0.013422818791946308 0.02159468438538206
0 0.5604026845637584 0.15282392026578073 0.016299137104506232 0.026578073089700997
0 0.585810162991371 0.15780730897009967 0.019175455417066157 0.026578073089700997
0 0.5920421860019175 0.1270764119601329 0.016299137104506232 0.02823920265780731
0 0.6145733461169702 0.1403654485049834 0.013422818791946308 0.02159468438538206
0 0.6064237775647172 0.09551495016611296 0.016299137104506232 0.02159468438538206
0 0.62464046021093 0.11544850498338871 0.012464046021093002 0.024916943521594685
0 0.4865771812080537 0.3239202657807309 0.031639501438159155 0.046511627906976744
0 0.5297219558964525 0.22757475083056478 0.020134228187919462 0.03322259136212625
0 0.5589645254074784 0.23588039867109634 0.02109300095877277 0.03986710963455149
0 0.5575263662511984 0.29817275747508304 0.029721955896452542 0.06478405315614617
0 0.6140939597315436 0.2541528239202658 0.02205177372962608 0.03986710963455149
0 0.62320230105465 0.29983388704318936 0.03451581975071908 0.061461794019933555
0 0.6299137104506232 0.21179401993355482 0.023010546500479387 0.04152823920265781
0 0.699424736337488 0.09966777408637874 0.016299137104506232 0.036544850498338874
0 0.6946308724832215 0.15199335548172757 0.01821668264621285 0.03820598006644518
0 0.6850431447746884 0.19601328903654486 0.01821668264621285 0.04318936877076412
0 0.6668264621284755 0.25249169435215946 0.02205177372962608 0.053156146179401995
0 0.7406519654841802 0.11461794019933555 0.016299137104506232 0.03322259136212625
0 0.7583892617449665 0.11461794019933555 0.013422818791946308 0.029900332225913623
0 0.7181208053691275 0.13953488372093023 0.01725790987535954 0.03322259136212625
0 0.710450623202301 0.18023255813953487 0.01725790987535954 0.03820598006644518
0 0.7320230105465004 0.17358803986710963 0.016299137104506232 0.03488372093023256
0 0.7627037392138063 0.14700996677740863 0.016299137104506232 0.03156146179401993
0 0.7684563758389261 0.18355481727574752 0.014381591562799617 0.03156146179401993
0 0.7559923298178332 0.1877076411960133 0.01821668264621285 0.03986710963455149
0 0.7262703739213806 0.2823920265780731 0.027804410354745925 0.059800664451827246
0 0.7842761265580057 0.287375415282392 0.026845637583892617 0.04983388704318937
0 0.8231064237775647 0.1287375415282392 0.012464046021093002 0.02823920265780731
0 0.8116011505273251 0.1818936877076412 0.016299137104506232 0.03820598006644518
0 0.8619367209971237 0.1852159468438538 0.019175455417066157 0.03820598006644518
0 0.8844678811121764 0.23006644518272426 0.016299137104506232 0.04817275747508306
0 0.9007670182166826 0.19269102990033224 0.016299137104506232 0.03986710963455149
0 0.9108341323106424 0.1345514950166113 0.015340364333652923 0.03986710963455149
0 0.9405560882070949 0.18687707641196014 0.01725790987535954 0.04152823920265781
0 0.9774688398849473 0.12790697674418605 0.014381591562799617 0.036544850498338874