0 0.08158396946564886 0.33136593591905567 0.01812977099236641 0.03541315345699832
0 0.12881679389312978 0.30269814502529513 0.02099236641221374 0.045531197301854974
0 0.19036259541984732 0.49494097807757165 0.04103053435114504 0.09612141652613827
0 0.21898854961832062 0.2765598650927487 0.029580152671755726 0.05733558178752108
0 0.2972328244274809 0.2765598650927487 0.025763358778625955 0.05733558178752108
0 0.3325381679389313 0.2639123102866779 0.020038167938931296 0.04215851602023609
0 0.3702290076335878 0.2639123102866779 0.026717557251908396 0.05227655986509275
0 0.4327290076335878 0.21838111298482293 0.01812977099236641 0.0387858347386172
0 0.4532442748091603 0.23102866779089376 0.019083969465648856 0.04384485666104553
0 0.43225190839694655 0.2740303541315346 0.02480916030534351 0.048903878583473864
0 0.49188931297709926 0.31703204047217537 0.03148854961832061 0.06070826306913996
0 0.5491412213740458 0.3608768971332209 0.02767175572519084 0.05733558178752108
0 0.7194656488549618 0.14418212478920742 0.015267175572519083 0.03541315345699832
0 0.7533396946564885 0.14839797639123103 0.01812977099236641 0.03372681281618887
0 0.8897900763358778 0.21838111298482293 0.020038167938931296 0.048903878583473864