0 0.21013039117352056 0.35257548845470693 0.03911735205616851 0.06927175843694494
0 0.3149448345035105 0.22202486678507993 0.014042126379137413 0.03197158081705151
0 0.32246740220661985 0.20159857904085257 0.015045135406218655 0.02664298401420959
0 0.3465396188565697 0.19626998223801065 0.015045135406218655 0.03019538188277087
0 0.4102306920762287 0.1936056838365897 0.014042126379137413 0.03197158081705151
0 0.4182547642928786 0.1714031971580817 0.014042126379137413 0.02664298401420959
0 0.41223671013039115 0.15452930728241562 0.014042126379137413 0.02486678507992895
0 0.4483450351053159 0.1492007104795737 0.012036108324974924 0.021314387211367674
0 0.45536609829488467 0.16785079928952043 0.0160481444332999 0.03019538188277087
0 0.4428284854563691 0.19982238010657194 0.017051153460381142 0.037300177619893425
0 0.4864593781344032 0.22735346358792186 0.022066198595787363 0.03907637655417407
0 0.5200601805416248 0.26287744227353466 0.023069207622868605 0.05328596802841918
0 0.47342026078234706 0.17761989342806395 0.01805416248746239 0.03197158081705151
0 0.4754262788365095 0.14653641207815277 0.014042126379137413 0.02664298401420959
0 0.4679037111334002 0.1269982238010657 0.013039117352056168 0.019538188277087035
0 0.49849548645937813 0.12788632326820604 0.010030090270812437 0.021314387211367674
0 0.5080240722166499 0.14298401420959148 0.015045135406218655 0.02664298401420959
0 0.5230692076228686 0.1483126110124334 0.015045135406218655 0.03374777975133215
0 0.5125376128385155 0.1127886323268206 0.014042126379137413 0.023090586145648313
0 0.5270812437311936 0.11989342806394317 0.011033099297893681 0.019538188277087035
0 0.5381143430290872 0.130550621669627 0.011033099297893681 0.023090586145648313
0 0.5601805416248746 0.14564831261101244 0.013039117352056168 0.028419182948490232
0 0.5551654964894684 0.17229129662522202 0.017051153460381142 0.03197158081705151
0 0.5877632898696088 0.10479573712255773 0.012036108324974924 0.02486678507992895
0 0.5992978936810431 0.11634103019538189 0.013039117352056168 0.023090586145648313
0 0.59679037111334 0.13232682060390763 0.014042126379137413 0.02664298401420959
0 0.5987963891675026 0.1625222024866785 0.0160481444332999 0.02664298401420959
0 0.5922768304914744 0.22824156305506216 0.01905717151454363 0.03374777975133215
0 0.5852557673019058 0.261101243339254 0.023069207622868605 0.0497335701598579
0 0.6198595787362087 0.28685612788632325 0.026078234704112337 0.055062166962699825
0 0.6328986960882648 0.24156305506216696 0.020060180541624874 0.035523978685612786
0 0.6584754262788365 0.26376554174067496 0.02106318956870612 0.04085257548845471
0 0.6755265797392177 0.31705150976909413 0.029087261785356068 0.06571936056838366
0 0.664493480441324 0.20603907637655416 0.02106318956870612 0.035523978685612786
0 0.633901705115346 0.14564831261101244 0.012036108324974924 0.02486678507992895
0 0.6093279839518556 0.09769094138543517 0.011033099297893681 0.021314387211367674
0 0.6313941825476429 0.09502664298401421 0.011033099297893681 0.023090586145648313
0 0.6203610832497493 0.1349911190053286 0.013039117352056168 0.028419182948490232
0 0.6439317953861585 0.1172291296625222 0.012036108324974924 0.021314387211367674
0 0.6554663991975928 0.10213143872113677 0.011033099297893681 0.02664298401420959
0 0.6840521564694082 0.1172291296625222 0.010030090270812437 0.02486678507992895
0 0.695085255767302 0.11900532859680284 0.012036108324974924 0.028419182948490232
0 0.7051153460381143 0.1172291296625222 0.010030090270812437 0.021314387211367674
0 0.7061183550651956 0.15541740674955595 0.012036108324974924 0.03019538188277087
0 0.6995987963891676 0.2024866785079929 0.015045135406218655 0.03197158081705151
0 0.7191574724172518 0.2246891651865009 0.020060180541624874 0.047957371225577264
0 0.7382146439317954 0.1625222024866785 0.012036108324974924 0.03019538188277087
0 0.7251755265797393 0.1349911190053286 0.014042126379137413 0.03197158081705151
0 0.7512537612838516 0.1216696269982238 0.014042126379137413 0.02664298401420959
0 0.7627883650952858 0.1349911190053286 0.015045135406218655 0.03197158081705151
0 0.7793380140421263 0.13321492007104796 0.014042126379137413 0.028419182948490232
0 0.7868605817452357 0.15808170515097691 0.015045135406218655 0.03197158081705151
0 0.7688064192577733 0.17761989342806395 0.017051153460381142 0.035523978685612786
0 0.7888665997993982 0.19626998223801065 0.017051153460381142 0.03374777975133215
0 0.7883650952858575 0.2557726465364121 0.024072216649949848 0.05328596802841918
0 0.7377131394182548 0.3481349911190053 0.02708124373119358 0.056838365896980464
0 0.8279839518555667 0.3419182948490231 0.025075225677031094 0.055062166962699825
0 0.843530591775326 0.29573712255772644 0.020060180541624874 0.04440497335701599
0 0.9027081243731193 0.3099467140319716 0.022066198595787363 0.055062166962699825
0 0.8129388164493481 0.23712255772646537 0.01905717151454363 0.04085257548845471
0 0.839518555667001 0.20959147424511546 0.0160481444332999 0.04262877442273535
0 0.8510531594784353 0.18561278863232683 0.015045135406218655 0.037300177619893425
0 0.8610832497492478 0.17406749555950266 0.013039117352056168 0.028419182948490232
0 0.8716148445336008 0.16163410301953818 0.012036108324974924 0.028419182948490232
0 0.8786359077231695 0.1447602131438721 0.012036108324974924 0.02664298401420959
0 0.8380140421263791 0.1483126110124334 0.013039117352056168 0.03019538188277087
0 0.8244734202607823 0.1660746003552398 0.014042126379137413 0.03374777975133215
0 0.8906720160481444 0.1705150976909414 0.014042126379137413 0.028419182948490232
0 0.8886659979939819 0.19715808170515098 0.0160481444332999 0.035523978685612786
0 0.8791374122367102 0.23357015985790408 0.01905717151454363 0.047957371225577264
0 0.9267803410230692 0.2744227353463588 0.020060180541624874 0.04085257548845471
0 0.9247743229689067 0.23357015985790408 0.020060180541624874 0.047957371225577264
0 0.9343029087261785 0.20603907637655416 0.017051153460381142 0.035523978685612786
0 0.9348044132397192 0.1705150976909414 0.0160481444332999 0.03197158081705151
0 0.9122367101303912 0.17229129662522202 0.015045135406218655 0.03197158081705151
0 0.9082246740220662 0.16074600355239788 0.013039117352056168 0.02664298401420959