0 0.41263940520446096 0.21273031825795644 0.01858736059479554 0.04355108877721943
0 0.5399628252788105 0.18174204355108878 0.027881040892193308 0.051926298157453935
0 0.5817843866171004 0.23115577889447236 0.026022304832713755 0.04690117252931323
0 0.6240706319702602 0.1273031825795645 0.015799256505576207 0.03015075376884422
0 0.6389405204460966 0.13316582914572864 0.015799256505576207 0.035175879396984924
0 0.6491635687732342 0.11892797319932999 0.013940520446096654 0.03685092127303183
0 0.75 0.13400335008375208 0.016728624535315983 0.04020100502512563
0 0.7681226765799256 0.13986599664991625 0.013940520446096654 0.038525963149078725
0 0.8680297397769516 0.19011725293132328 0.016728624535315983 0.038525963149078725
0 0.8894052044609665 0.24706867671691793 0.020446096654275093 0.048576214405360134
0 0.8912639405204461 0.211892797319933 0.016728624535315983 0.035175879396984924
0 0.9154275092936803 0.245393634840871 0.020446096654275093 0.048576214405360134