0 0.12762520193861066 0.6152450090744102 0.030694668820678513 0.08711433756805807
0 0.07431340872374798 0.49909255898366606 0.024232633279483037 0.07259528130671507
0 0.05977382875605816 0.411070780399274 0.022617124394184167 0.05989110707803993
0 0.04281098546042003 0.24954627949183303 0.01615508885298869 0.041742286751361164
0 0.04563812600969305 0.2177858439201452 0.015347334410339256 0.036297640653357534
0 0.12883683360258483 0.20598911070780399 0.015347334410339256 0.038112522686025406
0 0.1583198707592892 0.15517241379310345 0.014539579967689823 0.034482758620689655
0 0.17003231017770598 0.17876588021778583 0.015347334410339256 0.041742286751361164
0 0.18780290791599355 0.20417422867513613 0.013731825525040387 0.038112522686025406
0 0.17689822294022617 0.2749546279491833 0.01615508885298869 0.04900181488203267
0 0.21890145395799676 0.45099818511796735 0.030694668820678513 0.07441016333938294
0 0.2289983844911147 0.34392014519056263 0.021809369951534735 0.056261343012704176
0 0.24273021001615508 0.30127041742286753 0.016962843295638127 0.05807622504537205
0 0.212843295638126 0.12613430127041741 0.012116316639741519 0.030852994555353903
0 0.2193053311793215 0.1442831215970962 0.012116316639741519 0.034482758620689655
0 0.2520193861066236 0.13157894736842105 0.011308562197092083 0.034482758620689655
0 0.29159935379644586 0.16606170598911071 0.01615508885298869 0.038112522686025406
0 0.29079159935379645 0.21052631578947367 0.017770597738287562 0.047186932849364795
0 0.3033117932148627 0.2250453720508167 0.015347334410339256 0.043557168784029036
0 0.3441033925686591 0.21869328493647913 0.017770597738287562 0.041742286751361164
0 0.38287560581583197 0.1733212341197822 0.01615508885298869 0.041742286751361164
0 0.3630856219709208 0.08802177858439202 0.013731825525040387 0.034482758620689655
0 0.40226171243941844 0.09800362976406533 0.012924071082390954 0.039927404718693285
0 0.41518578352180935 0.1705989110707804 0.014539579967689823 0.036297640653357534
0 0.46526655896607433 0.2776769509981851 0.017770597738287562 0.0544464609800363
0 0.47576736672051695 0.2177858439201452 0.01938610662358643 0.050816696914700546
0 0.5395799676898223 0.4791288566243194 0.027463651050080775 0.06896551724137931
0 0.5593699515347335 0.31125226860254085 0.023424878836833602 0.05989110707803993
0 0.6118739903069467 0.23865698729582577 0.016962843295638127 0.038112522686025406
0 0.6805331179321487 0.33484573502722326 0.023424878836833602 0.056261343012704176
0 0.787156704361874 0.382032667876588 0.025040387722132473 0.05989110707803993
0 0.8558158319870759 0.2813067150635209 0.015347334410339256 0.047186932849364795
0 0.8739903069466882 0.2958257713248639 0.01615508885298869 0.047186932849364795
0 0.9293214862681745 0.37568058076225047 0.018578352180936994 0.043557168784029036
0 0.8154281098546042 0.2395644283121597 0.015347334410339256 0.039927404718693285
0 0.7762520193861067 0.20780399274047187 0.014539579967689823 0.038112522686025406
0 0.7035541195476576 0.21869328493647913 0.017770597738287562 0.041742286751361164
0 0.7124394184168013 0.2813067150635209 0.01938610662358643 0.047186932849364795
0 0.6554927302100162 0.15335753176043557 0.013731825525040387 0.034482758620689655
0 0.6183360258481422 0.10707803992740472 0.012116316639741519 0.032667876588021776
0 0.5941033925686591 0.13339382940108893 0.015347334410339256 0.038112522686025406
0 0.574313408723748 0.20508166969147004 0.01938610662358643 0.043557168784029036
0 0.552907915993538 0.16243194192377494 0.013731825525040387 0.030852994555353903
0 0.4979806138933764 0.1733212341197822 0.015347334410339256 0.038112522686025406
0 0.4693053311793215 0.16969147005444646 0.012924071082390954 0.030852994555353903
0 0.46163166397415184 0.12885662431941924 0.015347334410339256 0.036297640653357534
0 0.48222940226171246 0.11887477313974591 0.012924071082390954 0.034482758620689655
0 0.4806138933764136 0.07531760435571688 0.012924071082390954 0.02722323049001815
0 0.5100969305331179 0.10617059891107078 0.012116316639741519 0.02722323049001815
0 0.5415993537964459 0.07622504537205081 0.012116316639741519 0.029038112522686024
0 0.5807754442649434 0.09800362976406533 0.012924071082390954 0.036297640653357534
0 0.4325525040387722 0.08892921960072596 0.012116316639741519 0.036297640653357534