0 0.33838912133891214 0.20676691729323307 0.01778242677824268 0.03383458646616541
0 0.473326359832636 0.20206766917293234 0.028242677824267783 0.06203007518796992
0 0.5486401673640168 0.18984962406015038 0.01778242677824268 0.03383458646616541
0 0.5496861924686193 0.23026315789473684 0.028242677824267783 0.06203007518796992
0 0.5831589958158996 0.22274436090225563 0.021966527196652718 0.05075187969924812
0 0.6171548117154811 0.19924812030075187 0.02301255230125523 0.045112781954887216
0 0.6349372384937239 0.23402255639097744 0.02301255230125523 0.05075187969924812
0 0.6589958158995816 0.20958646616541354 0.02092050209205021 0.046992481203007516
0 0.6976987447698745 0.21146616541353383 0.01882845188284519 0.039473684210526314
0 0.7248953974895398 0.26785714285714285 0.02301255230125523 0.05827067669172932
0 0.821652719665272 0.29041353383458646 0.02615062761506276 0.05075187969924812
0 0.87081589958159 0.25845864661654133 0.021966527196652718 0.05827067669172932
0 0.9314853556485355 0.29041353383458646 0.028242677824267783 0.06578947368421052
0 0.9105648535564853 0.3026315789473684 0.02405857740585774 0.06015037593984962
0 0.9032426778242678 0.33364661654135336 0.030334728033472803 0.06578947368421052