0 0.1846590909090909 0.4513422818791946 0.05303030303030303 0.087248322147651
0 0.31013257575757575 0.23909395973154363 0.027462121212121212 0.04865771812080537
0 0.3418560606060606 0.20889261744966442 0.022727272727272728 0.03859060402684564
0 0.8910984848484849 0.46140939597315433 0.041666666666666664 0.10067114093959731
0 0.4100378787878788 0.16526845637583892 0.020833333333333332 0.025167785234899327
0 0.4412878787878788 0.1518456375838926 0.015151515151515152 0.031879194630872486
0 0.41571969696969696 0.21308724832214765 0.020833333333333332 0.03355704697986577
0 0.4275568181818182 0.17869127516778524 0.016098484848484848 0.028523489932885907
0 0.4422348484848485 0.23154362416107382 0.022727272727272728 0.040268456375838924
0 0.47679924242424243 0.23238255033557048 0.027462121212121212 0.03859060402684564
0 0.4706439393939394 0.1325503355704698 0.022727272727272728 0.020134228187919462
0 0.4578598484848485 0.17533557046979867 0.019886363636363636 0.03859060402684564
0 0.4739583333333333 0.1837248322147651 0.023674242424242424 0.04194630872483222
0 0.4914772727272727 0.1417785234899329 0.017045454545454544 0.03859060402684564
0 0.5123106060606061 0.1476510067114094 0.015151515151515152 0.03355704697986577
0 0.5326704545454546 0.11577181208053691 0.014204545454545454 0.030201342281879196
0 0.5430871212121212 0.125 0.017992424242424244 0.028523489932885907
0 0.5440340909090909 0.200503355704698 0.019886363636363636 0.03859060402684564
0 0.5317234848484849 0.16359060402684564 0.016098484848484848 0.031879194630872486
0 0.5620265151515151 0.1568791946308725 0.016098484848484848 0.04194630872483222
0 0.5980113636363636 0.16191275167785235 0.02556818181818182 0.04530201342281879
0 0.6221590909090909 0.14597315436241612 0.022727272727272728 0.03355704697986577
0 0.6534090909090909 0.1493288590604027 0.01893939393939394 0.04697986577181208
0 0.4914772727272727 0.3062080536912752 0.030303030303030304 0.0587248322147651
0 0.5629734848484849 0.26677852348993286 0.027462121212121212 0.06040268456375839
0 0.5823863636363636 0.2911073825503356 0.032196969696969696 0.07214765100671142
0 0.6098484848484849 0.22231543624161074 0.026515151515151516 0.04194630872483222
0 0.6609848484848485 0.23238255033557048 0.026515151515151516 0.03859060402684564
0 0.6235795454545454 0.30033557046979864 0.036931818181818184 0.07718120805369127
0 0.6690340909090909 0.287751677852349 0.03314393939393939 0.04530201342281879
0 0.6803977272727273 0.3422818791946309 0.03125 0.07046979865771812
0 0.6638257575757576 0.19211409395973153 0.020833333333333332 0.04530201342281879
0 0.7504734848484849 0.08640939597315436 0.017992424242424244 0.03859060402684564
0 0.6927083333333334 0.17197986577181207 0.023674242424242424 0.031879194630872486
0 0.7182765151515151 0.17365771812080538 0.021780303030303032 0.028523489932885907
0 0.7102272727272727 0.24161073825503357 0.028409090909090908 0.06040268456375839
0 0.7353219696969697 0.18708053691275167 0.021780303030303032 0.04530201342281879
0 0.7518939393939394 0.16359060402684564 0.017045454545454544 0.04194630872483222
0 0.7755681818181818 0.18708053691275167 0.020833333333333332 0.03859060402684564
0 0.7935606060606061 0.10234899328859061 0.020833333333333332 0.03691275167785235
0 0.7878787878787878 0.21728187919463088 0.022727272727272728 0.04194630872483222
0 0.7982954545454546 0.18288590604026847 0.028409090909090908 0.0436241610738255
0 0.8091856060606061 0.20385906040268456 0.017992424242424244 0.03859060402684564
0 0.8295454545454546 0.17533557046979867 0.017045454545454544 0.03859060402684564
0 0.8053977272727273 0.3011744966442953 0.02556818181818182 0.07214765100671142
0 0.8451704545454546 0.22483221476510068 0.016098484848484848 0.03691275167785235
0 0.8413825757575758 0.3145973154362416 0.027462121212121212 0.06543624161073826
0 0.8598484848484849 0.1912751677852349 0.020833333333333332 0.03691275167785235
0 0.8849431818181818 0.24328859060402686 0.023674242424242424 0.05704697986577181
0 0.8854166666666666 0.200503355704698 0.015151515151515152 0.04194630872483222
0 0.9024621212121212 0.19966442953020133 0.01893939393939394 0.040268456375838924
0 0.931344696969697 0.25 0.02556818181818182 0.053691275167785234
0 0.9242424242424242 0.3070469798657718 0.02462121212121212 0.050335570469798654
0 0.9076704545454546 0.375 0.036931818181818184 0.0587248322147651
0 0.8669507575757576 0.3036912751677852 0.02556818181818182 0.04697986577181208