0 0.09243697478991597 0.3162251655629139 0.018674136321195144 0.04304635761589404
0 0.18160597572362278 0.47019867549668876 0.03828197945845005 0.06622516556291391
0 0.3926237161531279 0.26158940397350994 0.02334267040149393 0.03642384105960265
0 0.40476190476190477 0.21274834437086093 0.015873015873015872 0.028145695364238412
0 0.46265172735760973 0.2144039735099338 0.0196078431372549 0.0380794701986755
0 0.36321195144724555 0.1879139072847682 0.013071895424836602 0.028145695364238412
0 0.35527544351073764 0.24089403973509935 0.017740429505135387 0.028145695364238412
0 0.41830065359477125 0.15314569536423842 0.014939309056956116 0.03145695364238411
0 0.472922502334267 0.11589403973509933 0.012138188608776844 0.026490066225165563
0 0.5200746965452848 0.11589403973509933 0.013071895424836602 0.026490066225165563
0 0.5364145658263305 0.11506622516556292 0.014005602240896359 0.024834437086092714
0 0.5714285714285714 0.11920529801324503 0.011204481792717087 0.026490066225165563
0 0.5882352941176471 0.11754966887417219 0.011204481792717087 0.026490066225165563
0 0.5667600373482726 0.17135761589403972 0.014939309056956116 0.0347682119205298
0 0.47945845004668536 0.3228476821192053 0.025210084033613446 0.046357615894039736
0 0.5387488328664799 0.3211920529801324 0.026143790849673203 0.04966887417218543
0 0.6148459383753502 0.25496688741721857 0.021475256769374416 0.04304635761589404
0 0.657796451914099 0.21274834437086093 0.02334267040149393 0.04470198675496689
0 0.6055088702147525 0.23178807947019867 0.0196078431372549 0.019867549668874173
0 0.7007469654528478 0.3038079470198676 0.02707749766573296 0.057947019867549666
0 0.7128851540616247 0.24917218543046357 0.02334267040149393 0.054635761589403975
0 0.7717086834733894 0.26903973509933776 0.02707749766573296 0.057947019867549666
0 0.8081232492997199 0.2905629139072848 0.025210084033613446 0.057947019867549666
0 0.9066293183940243 0.31043046357615894 0.022408963585434174 0.06456953642384106
0 0.8258636788048552 0.057119205298013245 0.012138188608776844 0.028145695364238412
0 0.8893557422969187 0.13079470198675497 0.01027077497665733 0.023178807947019868
0 0.9056956115779645 0.1382450331125828 0.011204481792717087 0.024834437086092714
0 0.9341736694677871 0.14652317880794702 0.012138188608776844 0.024834437086092714