0 0.24916573971078976 0.26587301587301587 0.024471635150166853 0.051587301587301584
0 0.3253615127919911 0.20634920634920634 0.021134593993325918 0.03968253968253968
0 0.3681868743047831 0.19444444444444445 0.01557285873192436 0.031746031746031744
0 0.3982202447163515 0.1736111111111111 0.01557285873192436 0.02976190476190476
0 0.41434927697441604 0.17559523809523808 0.01668520578420467 0.03373015873015873
0 0.42936596218020023 0.17162698412698413 0.01557285873192436 0.03373015873015873
0 0.43937708565072303 0.15674603174603174 0.013348164627363738 0.027777777777777776
0 0.44271412680756395 0.14285714285714285 0.011123470522803115 0.023809523809523808
0 0.4610678531701891 0.16765873015873015 0.014460511679644048 0.03373015873015873
0 0.4744160177975528 0.1636904761904762 0.012235817575083427 0.03373015873015873
0 0.47163515016685204 0.21031746031746032 0.020022246941045607 0.04365079365079365
0 0.4988876529477197 0.19345238095238096 0.01668520578420467 0.03373015873015873
0 0.5 0.1626984126984127 0.01668520578420467 0.031746031746031744
0 0.482202447163515 0.14384920634920634 0.010011123470522803 0.021825396825396824
0 0.4638487208008899 0.14186507936507936 0.013348164627363738 0.025793650793650792
0 0.4966629588431591 0.13194444444444445 0.012235817575083427 0.025793650793650792
0 0.5200222469410456 0.17162698412698413 0.014460511679644048 0.03373015873015873
0 0.5361512791991101 0.14781746031746032 0.013348164627363738 0.02976190476190476
0 0.5261401557285873 0.13095238095238096 0.011123470522803115 0.027777777777777776
0 0.5456062291434928 0.1884920634920635 0.01668520578420467 0.031746031746031744
0 0.5339265850945495 0.21924603174603174 0.020022246941045607 0.041666666666666664
0 0.5773081201334817 0.1865079365079365 0.020022246941045607 0.03571428571428571
0 0.5589543937708565 0.15873015873015872 0.01668520578420467 0.031746031746031744
0 0.5695216907675195 0.1349206349206349 0.013348164627363738 0.031746031746031744
0 0.5795328142380423 0.125 0.013348164627363738 0.031746031746031744
0 0.5995550611790879 0.14484126984126985 0.01557285873192436 0.027777777777777776
0 0.6184649610678532 0.1775793650793651 0.01557285873192436 0.02976190476190476
0 0.6206896551724138 0.15575396825396826 0.011123470522803115 0.021825396825396824
0 0.6201334816462737 0.1111111111111111 0.012235817575083427 0.023809523809523808
0 0.6546162402669633 0.13690476190476192 0.014460511679644048 0.027777777777777776
0 0.6612903225806451 0.11607142857142858 0.010011123470522803 0.021825396825396824
0 0.6768631813125695 0.11904761904761904 0.012235817575083427 0.023809523809523808
0 0.7041156840934372 0.12400793650793651 0.008898776418242492 0.021825396825396824
0 0.585650723025584 0.24206349206349206 0.02335928809788654 0.047619047619047616
0 0.6318131256952169 0.20238095238095238 0.017797552836484983 0.051587301587301584
0 0.657397107897664 0.19444444444444445 0.020022246941045607 0.03571428571428571
0 0.6651835372636262 0.2261904761904762 0.024471635150166853 0.051587301587301584
0 0.7085650723025584 0.23313492063492064 0.02224694104560623 0.05357142857142857
0 0.6957730812013349 0.17559523809523808 0.01668520578420467 0.037698412698412696
0 0.7163515016685206 0.18154761904761904 0.017797552836484983 0.037698412698412696
0 0.7219132369299222 0.1488095238095238 0.01557285873192436 0.031746031746031744
0 0.7385984427141268 0.1527777777777778 0.013348164627363738 0.023809523809523808
0 0.7413793103448276 0.17857142857142858 0.01668520578420467 0.03571428571428571
0 0.7597330367074527 0.14186507936507936 0.011123470522803115 0.02976190476190476
0 0.7686318131256952 0.1775793650793651 0.01557285873192436 0.03373015873015873
0 0.7769744160177976 0.15674603174603174 0.012235817575083427 0.027777777777777776
0 0.7869855394883204 0.17956349206349206 0.014460511679644048 0.03373015873015873
0 0.7986651835372637 0.20734126984126985 0.01557285873192436 0.037698412698412696
0 0.7975528364849833 0.14384920634920634 0.011123470522803115 0.02976190476190476
0 0.8075639599555061 0.1626984126984127 0.01557285873192436 0.027777777777777776
0 0.8231368186874305 0.1378968253968254 0.013348164627363738 0.02976190476190476
0 0.8292547274749722 0.1736111111111111 0.012235817575083427 0.02976190476190476
0 0.8236929922135706 0.2003968253968254 0.014460511679644048 0.03571428571428571
0 0.8548387096774194 0.21031746031746032 0.01668520578420467 0.03571428571428571
0 0.8542825361512792 0.15376984126984128 0.013348164627363738 0.03373015873015873
0 0.8854282536151279 0.15674603174603174 0.01557285873192436 0.031746031746031744
0 0.9076751946607341 0.1775793650793651 0.011123470522803115 0.02976190476190476
0 0.8971078976640712 0.24305555555555555 0.018909899888765295 0.0496031746031746
0 0.8798665183537263 0.2757936507936508 0.02224694104560623 0.03968253968253968
0 0.9254727474972191 0.2638888888888889 0.017797552836484983 0.051587301587301584
0 0.9371523915461624 0.23313492063492064 0.01668520578420467 0.037698412698412696
0 0.9371523915461624 0.20436507936507936 0.012235817575083427 0.023809523809523808
0 0.939377085650723 0.17261904761904762 0.014460511679644048 0.027777777777777776