0 0.17355043685464655 0.2577247191011236 0.011914217633042097 0.032303370786516857
0 0.2764098490865767 0.3061797752808989 0.03335980937251787 0.0702247191011236
0 0.3129467831612391 0.2422752808988764 0.023828435266084195 0.04353932584269663
0 0.29547259729944403 0.2696629213483146 0.015885623510722795 0.025280898876404494
0 0.34114376489277204 0.24157303370786518 0.023034154090548053 0.0449438202247191
0 0.35901509134233517 0.21067415730337077 0.022239872915011914 0.03651685393258427
0 0.3872120730738681 0.2148876404494382 0.024622716441620333 0.05056179775280899
0 0.3586179507545671 0.34831460674157305 0.04209690230341541 0.08146067415730338
0 0.42414614773629866 0.1973314606741573 0.025416997617156472 0.046348314606741575
0 0.47378872120730736 0.2521067415730337 0.02938840349483717 0.054775280898876406
0 0.5782366957903098 0.300561797752809 0.023828435266084195 0.042134831460674156