0 0.20652173913043478 0.3918604651162791 0.04830917874396135 0.10930232558139535
0 0.28743961352657005 0.2813953488372093 0.021739130434782608 0.05116279069767442
0 0.3278985507246377 0.24186046511627907 0.018115942028985508 0.037209302325581395
0 0.3194444444444444 0.2988372093023256 0.020531400966183576 0.053488372093023255
0 0.33756038647342995 0.30697674418604654 0.022946859903381644 0.05116279069767442
0 0.4359903381642512 0.30348837209302326 0.026570048309178744 0.053488372093023255
0 0.42995169082125606 0.23837209302325582 0.024154589371980676 0.044186046511627906
0 0.3894927536231884 0.2186046511627907 0.018115942028985508 0.03255813953488372
0 0.3822463768115942 0.2453488372093023 0.018115942028985508 0.03953488372093023
0 0.3647342995169082 0.24651162790697675 0.016908212560386472 0.04186046511627907
0 0.3496376811594203 0.2441860465116279 0.018115942028985508 0.04186046511627907
0 0.42995169082125606 0.19069767441860466 0.014492753623188406 0.037209302325581395
0 0.44504830917874394 0.21511627906976744 0.020531400966183576 0.044186046511627906
0 0.4601449275362319 0.18953488372093022 0.016908212560386472 0.03488372093023256
0 0.45108695652173914 0.16395348837209303 0.018115942028985508 0.030232558139534883
0 0.47101449275362317 0.25 0.021739130434782608 0.053488372093023255
0 0.4830917874396135 0.18023255813953487 0.016908212560386472 0.03953488372093023
0 0.5060386473429952 0.20465116279069767 0.016908212560386472 0.04186046511627907
0 0.5265700483091788 0.22441860465116278 0.021739130434782608 0.03953488372093023
0 0.49033816425120774 0.14069767441860465 0.012077294685990338 0.030232558139534883
0 0.5205314009661836 0.16627906976744186 0.016908212560386472 0.03953488372093023
0 0.5501207729468599 0.1744186046511628 0.018115942028985508 0.04186046511627907
0 0.5422705314009661 0.14302325581395348 0.016908212560386472 0.030232558139534883
0 0.5718599033816425 0.18372093023255814 0.020531400966183576 0.04186046511627907
0 0.5640096618357487 0.12790697674418605 0.012077294685990338 0.027906976744186046
0 0.5875603864734299 0.16279069767441862 0.01570048309178744 0.04186046511627907
0 0.626207729468599 0.15465116279069768 0.01570048309178744 0.03488372093023256
0 0.6008454106280193 0.10697674418604651 0.01570048309178744 0.03255813953488372
0 0.6286231884057971 0.11395348837209303 0.01570048309178744 0.037209302325581395
0 0.6497584541062802 0.11511627906976744 0.014492753623188406 0.03488372093023256
0 0.6847826086956522 0.11744186046511627 0.012077294685990338 0.03488372093023256
0 0.7028985507246377 0.1058139534883721 0.014492753623188406 0.03488372093023256
0 0.6920289855072463 0.16627906976744186 0.01932367149758454 0.03488372093023256
0 0.7421497584541062 0.1313953488372093 0.020531400966183576 0.03953488372093023
0 0.623792270531401 0.22790697674418606 0.022946859903381644 0.05116279069767442
0 0.6117149758454107 0.28604651162790695 0.025362318840579712 0.05581395348837209
0 0.5700483091787439 0.2813953488372093 0.03140096618357488 0.05581395348837209
0 0.553743961352657 0.3302325581395349 0.03260869565217391 0.07441860465116279
0 0.5054347826086957 0.33488372093023255 0.030193236714975844 0.07906976744186046
0 0.6177536231884058 0.37093023255813956 0.03260869565217391 0.07674418604651163
0 0.6829710144927537 0.3616279069767442 0.030193236714975844 0.07674418604651163
0 0.6684782608695652 0.2802325581395349 0.022946859903381644 0.06279069767441861
0 0.6811594202898551 0.22441860465116278 0.024154589371980676 0.053488372093023255
0 0.7276570048309179 0.313953488372093 0.030193236714975844 0.06046511627906977
0 0.7095410628019324 0.2255813953488372 0.022946859903381644 0.05116279069767442
0 0.7185990338164251 0.16511627906976745 0.01932367149758454 0.037209302325581395
0 0.7590579710144928 0.19883720930232557 0.020531400966183576 0.044186046511627906
0 0.7445652173913043 0.17674418604651163 0.018115942028985508 0.04186046511627907
0 0.7608695652173914 0.1569767441860465 0.016908212560386472 0.03953488372093023
0 0.7620772946859904 0.11744186046511627 0.014492753623188406 0.03953488372093023
0 0.7759661835748792 0.14534883720930233 0.01570048309178744 0.03953488372093023
0 0.8140096618357487 0.14767441860465116 0.016908212560386472 0.03953488372093023
0 0.841183574879227 0.15 0.01570048309178744 0.03953488372093023
0 0.8085748792270532 0.19883720930232557 0.018115942028985508 0.053488372093023255
0 0.8315217391304348 0.18604651162790697 0.018115942028985508 0.04186046511627907
0 0.8532608695652174 0.2116279069767442 0.018115942028985508 0.046511627906976744
0 0.8689613526570048 0.18372093023255814 0.018115942028985508 0.037209302325581395
0 0.8786231884057971 0.1697674418604651 0.018115942028985508 0.037209302325581395
0 0.8774154589371981 0.14651162790697675 0.01570048309178744 0.03255813953488372
0 0.9027777777777778 0.20813953488372092 0.01570048309178744 0.044186046511627906
0 0.9094202898550725 0.1686046511627907 0.012077294685990338 0.03488372093023256
0 0.9112318840579711 0.14186046511627906 0.013285024154589372 0.027906976744186046
0 0.9341787439613527 0.1569767441860465 0.018115942028985508 0.03953488372093023
0 0.9535024154589372 0.12325581395348838 0.018115942028985508 0.046511627906976744
0 0.9251207729468599 0.21744186046511627 0.021739130434782608 0.04883720930232558
0 0.9299516908212561 0.2941860465116279 0.021739130434782608 0.05813953488372093
0 0.8774154589371981 0.2627906976744186 0.025362318840579712 0.06046511627906977
0 0.7783816425120773 0.32325581395348835 0.03260869565217391 0.06511627906976744