0 0.1287223823246878 0.2223168654173765 0.01729106628242075 0.03236797274275979
0 0.12103746397694524 0.2512776831345826 0.01921229586935639 0.039182282793867124
0 0.17002881844380405 0.22998296422487224 0.01921229586935639 0.04088586030664395
0 0.20893371757925072 0.4301533219761499 0.03554274735830932 0.07666098807495741
0 0.2973102785782901 0.20017035775127767 0.020172910662824207 0.028960817717206135
0 0.30883765609990393 0.21039182282793867 0.010566762728146013 0.028960817717206135
0 0.34341978866474543 0.22061328790459966 0.01633045148895293 0.04258943781942078
0 0.4101825168107589 0.23764906303236796 0.01536983669548511 0.039182282793867124
0 0.43419788664745435 0.14906303236797275 0.011527377521613832 0.022146507666098807
0 0.4510086455331412 0.09454855195911414 0.01440922190201729 0.02555366269165247
0 0.47166186359269935 0.1567291311754685 0.01536983669548511 0.034071550255536626
0 0.4812680115273775 0.18313458262350937 0.01536983669548511 0.028960817717206135
0 0.4966378482228626 0.15587734241908008 0.011527377521613832 0.03236797274275979
0 0.5557156580211335 0.18739352640545145 0.01440922190201729 0.03747870528109029
0 0.627281460134486 0.262350936967632 0.01729106628242075 0.04088586030664395
0 0.8948126801152738 0.2010221465076661 0.01825168107588857 0.044293015332197615
0 0.8837656099903939 0.24787052810902896 0.021133525456292025 0.039182282793867124
0 0.9169068203650336 0.24275979557069846 0.01440922190201729 0.039182282793867124
0 0.9332372718539865 0.2061328790459966 0.01633045148895293 0.04088586030664395
0 0.9529298751200769 0.23083475298126066 0.021133525456292025 0.056218057921635436
0 0.42315081652257447 0.15076660988074958 0.01633045148895293 0.03236797274275979