0 0.08558558558558559 0.46434634974533107 0.04176904176904177 0.0899830220713073
0 0.18181818181818182 0.28777589134125636 0.019656019656019656 0.05263157894736842
0 0.21416871416871416 0.2758913412563667 0.0171990171990172 0.05263157894736842
0 0.25675675675675674 0.23429541595925296 0.018837018837018837 0.04074702886247878
0 0.29811629811629814 0.2071307300509338 0.02457002457002457 0.04753820033955857
0 0.3013923013923014 0.23429541595925296 0.01638001638001638 0.03395585738539898
0 0.3153153153153153 0.21392190152801357 0.01638001638001638 0.044142614601018676
0 0.33988533988533987 0.2071307300509338 0.021294021294021293 0.05432937181663837
0 0.38165438165438165 0.18505942275042445 0.01638001638001638 0.03735144312393888
0 0.36486486486486486 0.25891341256366723 0.02375102375102375 0.04923599320882852
0 0.38165438165438165 0.24023769100169778 0.021294021294021293 0.042444821731748725
0 0.42874692874692877 0.16129032258064516 0.0171990171990172 0.03735144312393888
0 0.42465192465192464 0.18930390492359933 0.018837018837018837 0.042444821731748725
0 0.4402129402129402 0.15959252971137522 0.010647010647010647 0.044142614601018676
0 0.4868959868959869 0.15195246179966043 0.018837018837018837 0.04923599320882852
0 0.4860769860769861 0.20203735144312393 0.020475020475020474 0.04074702886247878
0 0.46396396396396394 0.24787775891341257 0.0171990171990172 0.03735144312393888
0 0.42915642915642915 0.3098471986417657 0.02293202293202293 0.04923599320882852
0 0.5118755118755118 0.15959252971137522 0.01638001638001638 0.044142614601018676
0 0.5458640458640459 0.21052631578947367 0.025389025389025387 0.04074702886247878
0 0.5511875511875511 0.13157894736842105 0.019656019656019656 0.035653650254668934
0 0.5507780507780508 0.16298811544991512 0.022113022113022112 0.03735144312393888
0 0.5712530712530712 0.19185059422750425 0.018837018837018837 0.04074702886247878
0 0.5720720720720721 0.1366723259762309 0.020475020475020474 0.04584040747028863
0 0.5913185913185913 0.11969439728353141 0.013104013104013105 0.035653650254668934
0 0.6265356265356266 0.1273344651952462 0.018018018018018018 0.044142614601018676
0 0.6023751023751024 0.14770797962648557 0.022113022113022112 0.04074702886247878
0 0.6097461097461098 0.1774193548387097 0.018837018837018837 0.04923599320882852
0 0.6167076167076168 0.19779286926994907 0.009828009828009828 0.035653650254668934
0 0.6494676494676495 0.12903225806451613 0.018018018018018018 0.04074702886247878
0 0.6625716625716626 0.1264855687606112 0.018018018018018018 0.042444821731748725
0 0.6547911547911548 0.1731748726655348 0.018837018837018837 0.04074702886247878
0 0.6863226863226863 0.1307300509337861 0.018018018018018018 0.044142614601018676
0 0.7047502047502048 0.16129032258064516 0.0171990171990172 0.030560271646859084
0 0.6855036855036855 0.17402376910016978 0.019656019656019656 0.03904923599320883
0 0.6904176904176904 0.21222410865874364 0.02620802620802621 0.044142614601018676
0 0.6687141687141687 0.22241086587436332 0.02375102375102375 0.050933786078098474
0 0.6117936117936118 0.28862478777589134 0.02620802620802621 0.050933786078098474
0 0.5679770679770679 0.33191850594227507 0.02375102375102375 0.06281833616298811
0 0.6068796068796068 0.3794567062818336 0.031122031122031123 0.059422750424448216
0 0.6580671580671581 0.4134125636672326 0.025389025389025387 0.06281833616298811
0 0.723996723996724 0.2691001697792869 0.019656019656019656 0.05602716468590832
0 0.7411957411957412 0.22750424448217318 0.021294021294021293 0.04753820033955857
0 0.7461097461097461 0.2920203735144312 0.019656019656019656 0.03735144312393888
0 0.7301392301392301 0.4219015280135823 0.02702702702702703 0.06960950764006792
0 0.7899262899262899 0.44991511035653653 0.025389025389025387 0.09168081494057725
0 0.7469287469287469 0.19439728353140917 0.019656019656019656 0.04584040747028863
0 0.769041769041769 0.19185059422750425 0.018018018018018018 0.050933786078098474
0 0.8058968058968059 0.18930390492359933 0.018018018018018018 0.03904923599320883
0 0.7862407862407862 0.20797962648556875 0.021294021294021293 0.035653650254668934
0 0.7952497952497952 0.2495755517826825 0.019656019656019656 0.057724957555178265
0 0.8214578214578214 0.2300509337860781 0.019656019656019656 0.04584040747028863
0 0.8308763308763308 0.2164685908319185 0.0171990171990172 0.04584040747028863
0 0.8128583128583129 0.29626485568760613 0.022113022113022112 0.05602716468590832
0 0.8693693693693694 0.23259762308998302 0.02375102375102375 0.04753820033955857
0 0.8734643734643734 0.2266553480475382 0.015561015561015561 0.03904923599320883
0 0.9033579033579033 0.22495755517826826 0.01638001638001638 0.04584040747028863
0 0.9041769041769042 0.25721561969439727 0.013104013104013105 0.04584040747028863
0 0.8902538902538902 0.27928692699490665 0.0343980343980344 0.05263157894736842
0 0.8726453726453727 0.3132427843803056 0.020475020475020474 0.04923599320882852
0 0.8677313677313677 0.366723259762309 0.022113022113022112 0.057724957555178265
0 0.8865683865683865 0.40407470288624786 0.022113022113022112 0.06451612903225806
0 0.9340704340704341 0.26570458404074704 0.013923013923013924 0.04584040747028863
0 0.9512694512694513 0.2427843803056027 0.0171990171990172 0.050933786078098474
0 0.9266994266994267 0.34210526315789475 0.022113022113022112 0.042444821731748725
0 0.9852579852579852 0.2529711375212224 0.014742014742014743 0.044142614601018676
0 0.9803439803439803 0.30220713073005095 0.019656019656019656 0.044142614601018676
0 0.9754299754299754 0.32597623089983024 0.02457002457002457 0.04753820033955857
0 0.9778869778869779 0.3599320882852292 0.02457002457002457 0.05432937181663837
0 0.954954954954955 0.3794567062818336 0.02293202293202293 0.06281833616298811
0 0.9541359541359541 0.4762308998302207 0.019656019656019656 0.06621392190152801
0 0.8542178542178542 0.49490662139219016 0.02620802620802621 0.0967741935483871
0 0.3525798525798526 0.19524617996604415 0.025389025389025387 0.04074702886247878