0 0.8785471055618616 0.15612244897959185 0.011350737797956867 0.030612244897959183
0 0.8410896708286039 0.1540816326530612 0.011350737797956867 0.030612244897959183
0 0.9091940976163451 0.17244897959183675 0.011350737797956867 0.030612244897959183
0 0.9375709421112373 0.1704081632653061 0.011350737797956867 0.030612244897959183
0 0.8910329171396141 0.19591836734693877 0.015891032917139614 0.036734693877551024
0 0.8626560726447219 0.18979591836734694 0.011350737797956867 0.0326530612244898
0 0.8501702610669694 0.19183673469387755 0.015891032917139614 0.036734693877551024
0 0.8842224744608399 0.24489795918367346 0.015891032917139614 0.044897959183673466
0 0.8740068104426788 0.28469387755102044 0.015891032917139614 0.05510204081632653
0 0.905788876276958 0.3193877551020408 0.02043132803632236 0.05510204081632653
0 0.9194097616345063 0.24693877551020407 0.01362088535754824 0.04081632653061224
0 0.9290578887627696 0.23673469387755103 0.014755959137343927 0.04081632653061224
0 0.9358683314415437 0.2163265306122449 0.012485811577752554 0.0326530612244898
0 0.9318955732122588 0.28469387755102044 0.02043132803632236 0.04693877551020408
0 0.9040862656072645 0.4173469387755102 0.03064699205448354 0.07551020408163266
0 0.8183881952326901 0.35408163265306125 0.029511918274687854 0.0673469387755102
0 0.8484676503972758 0.3051020408163265 0.021566401816118047 0.05510204081632653
0 0.7883087400681045 0.28877551020408165 0.021566401816118047 0.05510204081632653
0 0.7911464245175936 0.20612244897959184 0.015891032917139614 0.04081632653061224
0 0.8081725312145289 0.24693877551020407 0.015891032917139614 0.04081632653061224
0 0.8337116912599319 0.23877551020408164 0.014755959137343927 0.04081632653061224
0 0.811577752553916 0.16938775510204082 0.011350737797956867 0.0326530612244898
0 0.8138479001135074 0.19183673469387755 0.015891032917139614 0.04081632653061224
0 0.8274687854710556 0.17448979591836736 0.01362088535754824 0.03469387755102041
0 0.7105561861520999 0.16122448979591836 0.01362088535754824 0.0326530612244898
0 0.7377979568671964 0.17448979591836736 0.01362088535754824 0.03469387755102041
0 0.7559591373439274 0.12653061224489795 0.01362088535754824 0.02857142857142857
0 0.7531214528944381 0.1510204081632653 0.012485811577752554 0.036734693877551024
0 0.7797956867196367 0.14285714285714285 0.011350737797956867 0.024489795918367346
0 0.7729852440408627 0.1816326530612245 0.01362088535754824 0.036734693877551024
0 0.7077185017026106 0.19387755102040816 0.0170261066969353 0.04081632653061224
0 0.7088535754824064 0.23979591836734693 0.019296254256526674 0.05102040816326531
0 0.7309875141884222 0.33979591836734696 0.02724177071509648 0.0673469387755102
0 0.6872871736662883 0.3306122448979592 0.026106696935300794 0.0653061224489796
0 0.6311010215664018 0.22244897959183674 0.018161180476730987 0.044897959183673466
0 0.6373439273552781 0.24693877551020407 0.019296254256526674 0.044897959183673466
0 0.6691259931895573 0.27653061224489794 0.019296254256526674 0.04693877551020408
0 0.6617480136208853 0.19081632653061226 0.015891032917139614 0.03877551020408163
0 0.6713961407491487 0.22040816326530613 0.0170261066969353 0.04081632653061224
0 0.7014755959137344 0.12448979591836734 0.009080590238365494 0.024489795918367346
0 0.6804767309875142 0.11326530612244898 0.01021566401816118 0.022448979591836733
0 0.64472190692395 0.10408163265306122 0.009080590238365494 0.02040816326530612
0 0.6396140749148694 0.11938775510204082 0.01021566401816118 0.022448979591836733
0 0.6600454029511919 0.11122448979591837 0.01021566401816118 0.018367346938775512
0 0.6651532349602725 0.12346938775510204 0.009080590238365494 0.022448979591836733
0 0.6469920544835415 0.14285714285714285 0.01362088535754824 0.0326530612244898
0 0.6282633371169126 0.14183673469387756 0.01021566401816118 0.030612244897959183
0 0.6305334846765039 0.15306122448979592 0.012485811577752554 0.0326530612244898
0 0.6095346197502838 0.10612244897959183 0.011350737797956867 0.024489795918367346
0 0.5845629965947786 0.11428571428571428 0.011350737797956867 0.02857142857142857
0 0.6027241770715096 0.12346938775510204 0.011350737797956867 0.03469387755102041
0 0.5777525539160046 0.14081632653061224 0.011350737797956867 0.02857142857142857
0 0.5539160045402951 0.11836734693877551 0.009080590238365494 0.02040816326530612
0 0.5993189557321226 0.14387755102040817 0.01362088535754824 0.030612244897959183
0 0.5794551645856981 0.17653061224489797 0.012485811577752554 0.03469387755102041
0 0.5516458569807038 0.16428571428571428 0.01362088535754824 0.03469387755102041
0 0.5601589103291714 0.18571428571428572 0.0170261066969353 0.036734693877551024
0 0.5425652667423383 0.13673469387755102 0.01362088535754824 0.02857142857142857
0 0.52894438138479 0.1540816326530612 0.01362088535754824 0.030612244897959183
0 0.5056753688989785 0.1346938775510204 0.012485811577752554 0.024489795918367346
0 0.5 0.15816326530612246 0.012485811577752554 0.030612244897959183
0 0.4267877412031782 0.1510204081632653 0.011350737797956867 0.02857142857142857
0 0.4591373439273553 0.1510204081632653 0.012485811577752554 0.02857142857142857
0 0.4767309875141884 0.18061224489795918 0.01362088535754824 0.03877551020408163
0 0.4750283768444949 0.16020408163265307 0.012485811577752554 0.030612244897959183
0 0.4188422247446084 0.186734693877551 0.015891032917139614 0.03877551020408163
0 0.4199772985244041 0.20204081632653062 0.011350737797956867 0.036734693877551024
0 0.4392735527809308 0.19387755102040816 0.015891032917139614 0.0326530612244898
0 0.44324631101021567 0.22551020408163266 0.019296254256526674 0.03877551020408163
0 0.4767309875141884 0.2316326530612245 0.02043132803632236 0.04285714285714286
0 0.46935300794551643 0.1357142857142857 0.01021566401816118 0.022448979591836733
0 0.49545970488081725 0.12755102040816327 0.01021566401816118 0.022448979591836733
0 0.18955732122587968 0.39591836734693875 0.043132803632236094 0.08979591836734693
0 0.318955732122588 0.2316326530612245 0.015891032917139614 0.03469387755102041
0 0.32690124858115777 0.20714285714285716 0.01362088535754824 0.030612244897959183
0 0.3518728717366629 0.19591836734693877 0.01362088535754824 0.02857142857142857
0 0.5317820658342792 0.2836734693877551 0.019296254256526674 0.04897959183673469
0 0.5794551645856981 0.2336734693877551 0.019296254256526674 0.04285714285714286
0 0.5953461975028377 0.2724489795918367 0.02383654937570942 0.05918367346938776
0 0.5953461975028377 0.31326530612244896 0.028376844494892167 0.0673469387755102