0 0.25046992481203006 0.22083333333333333 0.023496240601503758 0.045
0 0.3341165413533835 0.18916666666666668 0.019736842105263157 0.03833333333333333
0 0.3867481203007519 0.18916666666666668 0.017857142857142856 0.03833333333333333
0 0.39849624060150374 0.19583333333333333 0.02443609022556391 0.04833333333333333
0 0.3975563909774436 0.16833333333333333 0.016917293233082706 0.03333333333333333
0 0.42387218045112784 0.17916666666666667 0.016917293233082706 0.03166666666666667
0 0.42951127819548873 0.21 0.018796992481203006 0.03333333333333333
0 0.4483082706766917 0.22083333333333333 0.018796992481203006 0.035
0 0.44877819548872183 0.15166666666666667 0.014097744360902255 0.03333333333333333
0 0.47227443609022557 0.17833333333333334 0.015977443609022556 0.04
0 0.4732142857142857 0.14083333333333334 0.012218045112781954 0.025
0 0.4891917293233083 0.1625 0.015977443609022556 0.03166666666666667
0 0.4934210526315789 0.13916666666666666 0.015037593984962405 0.028333333333333332
0 0.49718045112781956 0.125 0.013157894736842105 0.02666666666666667
0 0.5084586466165414 0.19166666666666668 0.018796992481203006 0.04
0 0.5089285714285714 0.2275 0.019736842105263157 0.045
0 0.5535714285714286 0.18916666666666668 0.018796992481203006 0.041666666666666664
0 0.5465225563909775 0.16833333333333333 0.014097744360902255 0.02666666666666667
0 0.5244360902255639 0.16583333333333333 0.013157894736842105 0.028333333333333332
0 0.5333646616541353 0.1475 0.014097744360902255 0.028333333333333332
0 0.5441729323308271 0.13583333333333333 0.013157894736842105 0.025
0 0.575187969924812 0.14916666666666667 0.016917293233082706 0.03166666666666667
0 0.5883458646616542 0.16833333333333333 0.016917293233082706 0.03
0 0.5986842105263158 0.15416666666666667 0.013157894736842105 0.03166666666666667
0 0.5850563909774437 0.1375 0.012218045112781954 0.028333333333333332
0 0.5789473684210527 0.10583333333333333 0.013157894736842105 0.025
0 0.6282894736842105 0.14083333333333334 0.012218045112781954 0.028333333333333332
0 0.625 0.12583333333333332 0.013157894736842105 0.018333333333333333
0 0.618890977443609 0.10416666666666667 0.010338345864661654 0.025
0 0.6522556390977443 0.1075 0.015037593984962405 0.028333333333333332
0 0.6588345864661654 0.14583333333333334 0.016917293233082706 0.03166666666666667
0 0.6818609022556391 0.12166666666666667 0.014097744360902255 0.02666666666666667
0 0.7053571428571429 0.12166666666666667 0.012218045112781954 0.03
0 0.5709586466165414 0.25333333333333335 0.02913533834586466 0.06
0 0.6146616541353384 0.24583333333333332 0.022556390977443608 0.058333333333333334
0 0.6245300751879699 0.29 0.03665413533834586 0.06666666666666667
0 0.6452067669172933 0.2175 0.023496240601503758 0.045
0 0.6705827067669173 0.19833333333333333 0.019736842105263157 0.043333333333333335
0 0.706296992481203 0.18833333333333332 0.019736842105263157 0.043333333333333335
0 0.7147556390977443 0.15666666666666668 0.014097744360902255 0.03333333333333333
0 0.7241541353383458 0.14416666666666667 0.014097744360902255 0.035
0 0.7495300751879699 0.1375 0.014097744360902255 0.028333333333333332
0 0.7429511278195489 0.17 0.017857142857142856 0.03
0 0.7467105263157895 0.205 0.015977443609022556 0.03333333333333333
0 0.7617481203007519 0.16083333333333333 0.015977443609022556 0.035
0 0.7763157894736842 0.15166666666666667 0.015037593984962405 0.03333333333333333
0 0.7988721804511278 0.16333333333333333 0.015037593984962405 0.03666666666666667
0 0.7880639097744361 0.17916666666666667 0.017857142857142856 0.03166666666666667
0 0.7828947368421053 0.225 0.020676691729323307 0.04
0 0.7546992481203008 0.25 0.020676691729323307 0.04666666666666667
0 0.7227443609022557 0.285 0.02819548872180451 0.06
0 0.6781015037593985 0.3275 0.03101503759398496 0.06833333333333333
0 0.8430451127819549 0.265 0.022556390977443608 0.05333333333333334
0 0.8618421052631579 0.3125 0.02443609022556391 0.058333333333333334
0 0.8717105263157895 0.2841666666666667 0.021616541353383457 0.051666666666666666
0 0.8359962406015038 0.225 0.021616541353383457 0.043333333333333335
0 0.8308270676691729 0.17916666666666667 0.016917293233082706 0.03833333333333333
0 0.8411654135338346 0.15416666666666667 0.016917293233082706 0.03833333333333333
0 0.8717105263157895 0.17166666666666666 0.015977443609022556 0.03666666666666667
0 0.8895676691729323 0.2025 0.015977443609022556 0.03833333333333333
0 0.8848684210526315 0.24 0.019736842105263157 0.043333333333333335
0 0.9154135338345865 0.2925 0.020676691729323307 0.058333333333333334
0 0.9295112781954887 0.23916666666666667 0.016917293233082706 0.03166666666666667
0 0.8989661654135338 0.19 0.012218045112781954 0.03
0 0.9473684210526315 0.21666666666666667 0.018796992481203006 0.04
0 0.9384398496240601 0.19 0.015977443609022556 0.03333333333333333
0 0.9351503759398496 0.165 0.011278195488721804 0.03