0 0.8881700554528651 0.357379767827529 0.025878003696857672 0.06799336650082918
0 0.9140480591497228 0.25870646766169153 0.018484288354898338 0.04643449419568822
0 0.9219038817005545 0.29767827529021557 0.021256931608133085 0.05472636815920398
0 0.9228280961182994 0.1998341625207297 0.012014787430683918 0.03482587064676617
0 0.9265249537892791 0.1558872305140962 0.00831792975970425 0.02321724709784411
0 0.8918669131238447 0.1691542288557214 0.014787430683918669 0.03648424543946932
0 0.8803142329020333 0.2023217247097844 0.013863216266173753 0.04311774461028192
0 0.8613678373382625 0.25538971807628524 0.018484288354898338 0.04311774461028192
0 0.8313308687615527 0.3067993366500829 0.021256931608133085 0.05970149253731343
0 0.8017560073937153 0.4046434494195688 0.034195933456561925 0.06633499170812604
0 0.8350277264325323 0.12106135986733002 0.010166358595194085 0.026533996683250415
0 0.8331792975970426 0.14096185737976782 0.013863216266173753 0.029850746268656716
0 0.8488909426987061 0.16666666666666666 0.015711645101663587 0.03814262023217247
0 0.8627541589648798 0.12769485903814262 0.00831792975970425 0.026533996683250415
0 0.859981515711645 0.14593698175787728 0.010166358595194085 0.026533996683250415
0 0.8285582255083179 0.1998341625207297 0.015711645101663587 0.04145936981757877
0 0.8100739371534196 0.23383084577114427 0.015711645101663587 0.03648424543946932
0 0.8133086876155268 0.16003316749585406 0.012939001848428836 0.028192371475953566
0 0.7874306839186691 0.2678275290215589 0.02033271719038817 0.05140961857379768
0 0.7513863216266173 0.32587064676616917 0.025878003696857672 0.06135986733001658
0 0.7185767097966729 0.2562189054726368 0.02310536044362292 0.05472636815920398
0 0.6908502772643254 0.33250414593698174 0.026802218114602587 0.06135986733001658
0 0.7264325323475046 0.1932006633499171 0.0166358595194085 0.04145936981757877
0 0.7310536044362292 0.17412935323383086 0.014787430683918669 0.029850746268656716
0 0.7555452865064695 0.21227197346600332 0.01756007393715342 0.04643449419568822
0 0.7744916820702403 0.19817578772802655 0.0166358595194085 0.04145936981757877
0 0.7703327171903882 0.12686567164179105 0.012014787430683918 0.028192371475953566
0 0.7781885397412199 0.15422885572139303 0.014787430683918669 0.03648424543946932
0 0.7005545286506469 0.1011608623548922 0.011090573012939002 0.02321724709784411
0 0.6756007393715342 0.10281923714759536 0.011090573012939002 0.026533996683250415
0 0.7347504621072088 0.12106135986733002 0.012939001848428836 0.026533996683250415
0 0.755083179297597 0.14262023217247097 0.012939001848428836 0.029850746268656716
0 0.6677449168207024 0.16583747927031509 0.013863216266173753 0.03980099502487562
0 0.694547134935305 0.18159203980099503 0.01756007393715342 0.04145936981757877
0 0.5956561922365989 0.09950248756218906 0.00831792975970425 0.01658374792703151
0 0.5859519408502772 0.11359867330016583 0.009242144177449169 0.01824212271973466
0 0.566543438077634 0.10613598673300166 0.009242144177449169 0.01990049751243781
0 0.6224584103512015 0.09618573797678276 0.00831792975970425 0.01990049751243781
0 0.6303142329020333 0.10862354892205639 0.009242144177449169 0.02155887230514096
0 0.6178373382624769 0.14759535655058043 0.012014787430683918 0.029850746268656716
0 0.6483364140480592 0.13266998341625208 0.012014787430683918 0.02321724709784411
0 0.5808687615526802 0.16749585406301823 0.015711645101663587 0.03316749585406302
0 0.5318853974121996 0.1310116086235489 0.012014787430683918 0.026533996683250415
0 0.5489833641404805 0.17744610281923714 0.014787430683918669 0.03316749585406302
0 0.5878003696857671 0.14013266998341625 0.012939001848428836 0.028192371475953566
0 0.5184842883548983 0.14925373134328357 0.012939001848428836 0.026533996683250415
0 0.5129390018484289 0.17661691542288557 0.014787430683918669 0.03150912106135987
0 0.5369685767097967 0.18739635157545606 0.0166358595194085 0.03648424543946932
0 0.4819778188539741 0.16500829187396351 0.012014787430683918 0.028192371475953566
0 0.4570240295748614 0.18076285240464346 0.015711645101663587 0.03316749585406302
0 0.47412199630314233 0.18325041459369817 0.0166358595194085 0.03814262023217247
0 0.49630314232902034 0.19154228855721392 0.0166358595194085 0.04145936981757877
0 0.4436229205175601 0.2197346600331675 0.0166358595194085 0.03814262023217247
0 0.47365988909426987 0.22719734660033167 0.019408502772643253 0.04643449419568822
0 0.4316081330868762 0.17081260364842454 0.009242144177449169 0.02321724709784411
0 0.42282809611829947 0.175787728026534 0.012014787430683918 0.026533996683250415
0 0.40573012939001846 0.19071310116086235 0.012939001848428836 0.026533996683250415
0 0.36691312384473196 0.1932006633499171 0.012939001848428836 0.028192371475953566
0 0.378003696857671 0.21227197346600332 0.012939001848428836 0.03648424543946932
0 0.39648798521256934 0.22388059701492538 0.014787430683918669 0.029850746268656716
0 0.272181146025878 0.25207296849087896 0.010166358595194085 0.026533996683250415
0 0.28188539741219965 0.2537313432835821 0.012939001848428836 0.03316749585406302
0 0.29852125693160814 0.26616915422885573 0.014787430683918669 0.03482587064676617
0 0.34288354898336415 0.26865671641791045 0.012939001848428836 0.03648424543946932
0 0.37430683918669133 0.2802653399668325 0.0166358595194085 0.03980099502487562
0 0.11044362292051756 0.5464344941956882 0.05268022181146026 0.1111111111111111
0 0.5055452865064695 0.29519071310116085 0.022181146025878003 0.04975124378109453
0 0.5559149722735675 0.2620232172470978 0.015711645101663587 0.03980099502487562
0 0.5642329020332717 0.30265339966832505 0.02310536044362292 0.05140961857379768
0 0.6067467652495379 0.31840796019900497 0.024953789279112754 0.05306799336650083
0 0.6307763401109058 0.20149253731343283 0.013863216266173753 0.03482587064676617
0 0.6252310536044362 0.2537313432835821 0.019408502772643253 0.04643449419568822
0 0.6589648798521257 0.21724709784411278 0.0166358595194085 0.04311774461028192
0 0.47412199630314233 0.14427860696517414 0.009242144177449169 0.01990049751243781
0 0.5101663585951941 0.12354892205638475 0.0073937153419593345 0.01824212271973466