0 0.27620173364854217 0.2458448753462604 0.016548463356973995 0.04016620498614958
0 0.2868400315208826 0.25415512465373963 0.017336485421591805 0.03185595567867036
0 0.31008668242710796 0.25346260387811637 0.019700551615445233 0.036011080332409975
0 0.31639085894405045 0.29085872576177285 0.026004728132387706 0.038781163434903045
0 0.3301812450748621 0.26038781163434904 0.018912529550827423 0.036011080332409975
0 0.3301812450748621 0.2195290858725762 0.017336485421591805 0.04016620498614958
0 0.375886524822695 0.2513850415512465 0.02048857368006304 0.037396121883656507
0 0.3810086682427108 0.3033240997229917 0.027580772261623327 0.04709141274238227
0 0.3754925137903861 0.20013850415512466 0.016548463356973995 0.03462603878116344
0 0.4105594956658786 0.2257617728531856 0.02364066193853428 0.036011080332409975
0 0.42080378250591016 0.1925207756232687 0.018912529550827423 0.038781163434903045
0 0.46099290780141844 0.1592797783933518 0.017336485421591805 0.036011080332409975
0 0.4791174152876281 0.2188365650969529 0.02206461780929866 0.04709141274238227
0 0.5193065405831363 0.20152354570637118 0.02364066193853428 0.037396121883656507
0 0.5090622537431048 0.15027700831024932 0.015760441292356184 0.03462603878116344
0 0.5267927501970056 0.1772853185595568 0.018124507486209612 0.0332409972299169
0 0.5602836879432624 0.1745152354570637 0.018912529550827423 0.036011080332409975
0 0.5591016548463357 0.1461218836565097 0.018124507486209612 0.03185595567867036
0 0.5815602836879432 0.1481994459833795 0.015760441292356184 0.0332409972299169
0 0.5815602836879432 0.1018005540166205 0.015760441292356184 0.02631578947368421
0 0.6099290780141844 0.12188365650969529 0.015760441292356184 0.027700831024930747
0 0.6146572104018913 0.14265927977839335 0.015760441292356184 0.036011080332409975
0 0.5 0.2984764542936288 0.022852639873916468 0.062326869806094184
0 0.5457052797478329 0.29986149584487537 0.027580772261623327 0.05955678670360111
0 0.5559495665878644 0.25761772853185594 0.029156816390858944 0.04986149584487535
0 0.5914105594956659 0.2596952908587258 0.02442868400315209 0.05124653739612189
0 0.5961386918833728 0.2195290858725762 0.019700551615445233 0.04293628808864266
0 0.6382978723404256 0.18074792243767313 0.02048857368006304 0.04016620498614958
0 0.6461780929866037 0.22645429362880887 0.0252167060677699 0.04293628808864266
0 0.6422379826635146 0.2569252077562327 0.02048857368006304 0.045706371191135735
0 0.6473601260835303 0.3047091412742382 0.029156816390858944 0.0664819944598338
0 0.6934594168636722 0.22506925207756232 0.02364066193853428 0.05124653739612189
0 0.7174940898345153 0.24445983379501385 0.026004728132387706 0.05678670360110803
0 0.7265563435776202 0.18213296398891968 0.02048857368006304 0.04293628808864266
0 0.710401891252955 0.15512465373961218 0.018124507486209612 0.04155124653739612
0 0.6753349093774625 0.16689750692520774 0.02048857368006304 0.037396121883656507
0 0.7592592592592593 0.1329639889196676 0.014972419227738377 0.027700831024930747
0 0.7533490937746257 0.1786703601108033 0.02048857368006304 0.0332409972299169
0 0.7698975571315997 0.19321329639889195 0.02048857368006304 0.04016620498614958
0 0.7505910165484634 0.2195290858725762 0.02127659574468085 0.045706371191135735
0 0.7789598108747045 0.2804709141274238 0.029156816390858944 0.05955678670360111
0 0.7561071710007881 0.3587257617728532 0.030732860520094562 0.0664819944598338
0 0.8037825059101655 0.23545706371191136 0.02048857368006304 0.04709141274238227
0 0.8159968479117415 0.2126038781163435 0.018124507486209612 0.045706371191135735
0 0.7994483845547675 0.1814404432132964 0.018124507486209612 0.0443213296398892
0 0.7923561859732072 0.14127423822714683 0.016548463356973995 0.0332409972299169
0 0.8124507486209613 0.1523545706371191 0.015760441292356184 0.036011080332409975
0 0.8329393223010244 0.1904432132963989 0.015760441292356184 0.04016620498614958
0 0.8494877856579984 0.16204986149584488 0.014184397163120567 0.030470914127423823
0 0.8699763593380615 0.19667590027700832 0.015760441292356184 0.0332409972299169
0 0.85973207249803 0.2513850415512465 0.02206461780929866 0.05955678670360111
0 0.8364854215918046 0.29293628808864264 0.027580772261623327 0.062326869806094184
0 0.8999211977935382 0.2707756232686981 0.02206461780929866 0.04847645429362881