0 0.19456066945606695 0.3661048689138577 0.04602510460251046 0.09925093632958802
0 0.2662133891213389 0.22846441947565543 0.015690376569037656 0.0299625468164794
0 0.32792887029288703 0.24906367041198502 0.0198744769874477 0.0449438202247191
0 0.3682008368200837 0.19382022471910113 0.016736401673640166 0.028089887640449437
0 0.3875523012552301 0.16853932584269662 0.015690376569037656 0.02247191011235955
0 0.3844142259414226 0.19382022471910113 0.011506276150627616 0.028089887640449437
0 0.4341004184100418 0.14606741573033707 0.014644351464435146 0.026217228464419477
0 0.4393305439330544 0.1704119850187266 0.014644351464435146 0.033707865168539325
0 0.4811715481171548 0.13951310861423222 0.01882845188284519 0.028089887640449437
0 0.502092050209205 0.13389513108614232 0.014644351464435146 0.028089887640449437
0 0.5188284518828452 0.12827715355805244 0.010460251046025104 0.024344569288389514
0 0.5109832635983264 0.14794007490636704 0.013598326359832637 0.033707865168539325
0 0.5371338912133892 0.13202247191011235 0.013598326359832637 0.024344569288389514
0 0.4503138075313807 0.2050561797752809 0.01778242677824268 0.035580524344569285
0 0.37343096234309625 0.2565543071161049 0.02092050209205021 0.03745318352059925
0 0.43462343096234307 0.2200374531835206 0.021966527196652718 0.03932584269662921
0 0.41056485355648537 0.26779026217228463 0.02615062761506276 0.0449438202247191
0 0.49110878661087864 0.2153558052434457 0.01778242677824268 0.03745318352059925
0 0.5768828451882845 0.12359550561797752 0.013598326359832637 0.0299625468164794
0 0.5847280334728033 0.12640449438202248 0.012552301255230125 0.031835205992509365
0 0.5993723849372385 0.10955056179775281 0.012552301255230125 0.024344569288389514
0 0.5936192468619247 0.13764044943820225 0.011506276150627616 0.024344569288389514
0 0.516213389121339 0.17134831460674158 0.015690376569037656 0.031835205992509365
0 0.6202928870292888 0.1254681647940075 0.008368200836820083 0.026217228464419477
0 0.6286610878661087 0.11610486891385768 0.010460251046025104 0.02247191011235955
0 0.5643305439330544 0.18726591760299627 0.021966527196652718 0.0299625468164794
0 0.5753138075313807 0.15543071161048688 0.012552301255230125 0.02247191011235955
0 0.547071129707113 0.2940074906367041 0.027196652719665274 0.04868913857677903
0 0.5794979079497908 0.2350187265917603 0.01882845188284519 0.035580524344569285
0 0.643305439330544 0.15168539325842698 0.01882845188284519 0.0299625468164794
0 0.6600418410041841 0.11423220973782772 0.014644351464435146 0.033707865168539325
0 0.674163179916318 0.1198501872659176 0.01778242677824268 0.0449438202247191
0 0.6898535564853556 0.12734082397003746 0.013598326359832637 0.033707865168539325
0 0.6192468619246861 0.2209737827715356 0.016736401673640166 0.033707865168539325
0 0.6406903765690377 0.24157303370786518 0.021966527196652718 0.0449438202247191
0 0.6595188284518828 0.1900749063670412 0.015690376569037656 0.04307116104868914
0 0.676255230125523 0.2153558052434457 0.0198744769874477 0.03745318352059925
0 0.6809623430962343 0.2649812734082397 0.01882845188284519 0.04307116104868914
0 0.6940376569037657 0.17228464419475656 0.01778242677824268 0.0299625468164794
0 0.7071129707112971 0.13576779026217228 0.01882845188284519 0.035580524344569285
0 0.727510460251046 0.1451310861423221 0.011506276150627616 0.031835205992509365
0 0.7144351464435147 0.23127340823970038 0.02092050209205021 0.03932584269662921
0 0.7374476987447699 0.19288389513108614 0.01882845188284519 0.033707865168539325
0 0.7625523012552301 0.1647940074906367 0.016736401673640166 0.033707865168539325
0 0.7416317991631799 0.23220973782771537 0.02301255230125523 0.0449438202247191
0 0.7400627615062761 0.26591760299625467 0.021966527196652718 0.0449438202247191
0 0.7615062761506276 0.25374531835205993 0.016736401673640166 0.04307116104868914
0 0.7975941422594143 0.13670411985018727 0.013598326359832637 0.026217228464419477
0 0.7782426778242678 0.15823970037453183 0.016736401673640166 0.035580524344569285
0 0.7902719665271967 0.16104868913857678 0.015690376569037656 0.033707865168539325
0 0.797071129707113 0.2144194756554307 0.01882845188284519 0.03932584269662921
0 0.7897489539748954 0.2846441947565543 0.02510460251046025 0.052434456928838954
0 0.8221757322175732 0.14232209737827714 0.016736401673640166 0.033707865168539325
0 0.8373430962343096 0.14325842696629212 0.009414225941422594 0.020599250936329586
0 0.8357740585774058 0.16198501872659177 0.012552301255230125 0.020599250936329586
0 0.8294979079497908 0.19382022471910113 0.01882845188284519 0.031835205992509365
0 0.8530334728033473 0.2649812734082397 0.028242677824267783 0.04681647940074907
0 0.8289748953974896 0.300561797752809 0.02405857740585774 0.04307116104868914
0 0.8593096234309623 0.19850187265917604 0.0198744769874477 0.03745318352059925
0 0.8713389121338913 0.17790262172284643 0.012552301255230125 0.0299625468164794
0 0.8812761506276151 0.15730337078651685 0.011506276150627616 0.026217228464419477
0 0.9058577405857741 0.15823970037453183 0.012552301255230125 0.028089887640449437
0 0.9497907949790795 0.17696629213483145 0.014644351464435146 0.024344569288389514
0 0.9382845188284519 0.20599250936329588 0.010460251046025104 0.033707865168539325
0 0.9278242677824268 0.23689138576779026 0.02092050209205021 0.03932584269662921
0 0.9194560669456067 0.29119850187265917 0.02301255230125523 0.054307116104868915
0 0.9215481171548117 0.3642322097378277 0.02301255230125523 0.05056179775280899
0 0.4895397489539749 0.17790262172284643 0.01882845188284519 0.0299625468164794
0 0.47855648535564854 0.15823970037453183 0.015690376569037656 0.031835205992509365
0 0.8085774058577406 0.1544943820224719 0.014644351464435146 0.04307116104868914
0 0.7452928870292888 0.1441947565543071 0.011506276150627616 0.02247191011235955