0 0.0347970173985087 0.40902578796561606 0.021541010770505385 0.04154727793696275
0 0.23819386909693455 0.34885386819484243 0.014084507042253521 0.03008595988538682
0 0.2630488815244408 0.38108882521489973 0.015741507870753936 0.034383954154727794
0 0.34009942004971 0.3667621776504298 0.019055509527754765 0.03724928366762178
0 0.29536039768019884 0.3144699140401146 0.015741507870753936 0.03008595988538682
0 0.364125932062966 0.3008595988538682 0.015741507870753936 0.03151862464183381
0 0.3869096934548467 0.3345272206303725 0.0115990057995029 0.027220630372492838
0 0.4134217067108534 0.3445558739255014 0.016570008285004142 0.03868194842406877
0 0.4134217067108534 0.30873925501432664 0.016570008285004142 0.027220630372492838
0 0.4138359569179785 0.2815186246418338 0.014084507042253521 0.027220630372492838
0 0.3956089478044739 0.2664756446991404 0.012427506213753107 0.025787965616045846
0 0.43371996685998343 0.2628939828080229 0.012427506213753107 0.02148997134670487
0 0.4515327257663629 0.27435530085959886 0.013256006628003313 0.024355300859598854
0 0.4395194697597349 0.3137535816618911 0.014084507042253521 0.025787965616045846
0 0.4664457332228666 0.3467048710601719 0.018227009113504555 0.04011461318051576
0 0.4747307373653687 0.31017191977077363 0.014913007456503728 0.0329512893982808
0 0.48177299088649544 0.27793696275071633 0.012427506213753107 0.02865329512893983
0 0.46893123446561724 0.25859598853868193 0.013256006628003313 0.02148997134670487
0 0.47970173985086995 0.24283667621776503 0.016570008285004142 0.024355300859598854
0 0.5186412593206297 0.27650429799426934 0.013256006628003313 0.02865329512893983
0 0.5265120132560066 0.25859598853868193 0.009113504556752278 0.02148997134670487
0 0.5310687655343828 0.24283667621776503 0.0115990057995029 0.02148997134670487
0 0.5455675227837614 0.27722063037249284 0.014084507042253521 0.0329512893982808
0 0.5658657829328915 0.2987106017191977 0.014913007456503728 0.03008595988538682
0 0.512013256006628 0.32951289398280803 0.01988400994200497 0.03724928366762178
0 0.5903065451532725 0.2679083094555874 0.014084507042253521 0.03151862464183381
0 0.5666942833471417 0.23925501432664756 0.013256006628003313 0.02865329512893983
0 0.5836785418392709 0.23137535816618912 0.010770505385252692 0.024355300859598854
0 0.6114333057166529 0.22922636103151864 0.014913007456503728 0.02865329512893983
0 0.6184755592377796 0.2134670487106017 0.015741507870753936 0.022922636103151862
0 0.4664457332228666 0.4262177650429799 0.026512013256006627 0.044412607449856735
0 0.5443247721623861 0.3624641833810888 0.024855012427506214 0.04011461318051576
0 0.5542667771333886 0.4183381088825215 0.026512013256006627 0.06017191977077364
0 0.6197183098591549 0.4333810888252149 0.026512013256006627 0.050143266475644696
0 0.6213753106876554 0.3753581661891118 0.0231980115990058 0.04297994269340974
0 0.6072908036454018 0.34169054441260743 0.018227009113504555 0.03581661891117478
0 0.6396023198011599 0.30802292263610315 0.018227009113504555 0.04011461318051576
0 0.6474730737365368 0.25501432664756446 0.012427506213753107 0.025787965616045846
0 0.6089478044739023 0.2628939828080229 0.013256006628003313 0.024355300859598854
0 0.6358740679370339 0.22636103151862463 0.009113504556752278 0.025787965616045846
0 0.647887323943662 0.2328080229226361 0.0115990057995029 0.015759312320916905
0 0.6648715824357913 0.22063037249283668 0.010770505385252692 0.022922636103151862
0 0.6855840927920464 0.23853868194842406 0.012427506213753107 0.024355300859598854
0 0.7071251035625518 0.2328080229226361 0.010770505385252692 0.03008595988538682
0 0.6843413421706711 0.2793696275071633 0.014913007456503728 0.034383954154727794
0 0.6657000828500415 0.37607449856733527 0.02236951118475559 0.050143266475644696
0 0.6984258492129246 0.3653295128939828 0.018227009113504555 0.04011461318051576
0 0.6905550952775477 0.45487106017191975 0.03231151615575808 0.055873925501432664
0 0.7120961060480531 0.4992836676217765 0.03396851698425849 0.07306590257879657
0 0.7398508699254349 0.413323782234957 0.026512013256006627 0.04727793696275072
0 0.7352941176470589 0.2987106017191977 0.01739850869925435 0.03008595988538682
0 0.7149958574979287 0.2664756446991404 0.014913007456503728 0.02865329512893983
0 0.7493786246893124 0.252865329512894 0.012427506213753107 0.03008595988538682
0 0.7618061309030655 0.2349570200573066 0.012427506213753107 0.025787965616045846
0 0.7601491300745651 0.27722063037249284 0.014084507042253521 0.03008595988538682
0 0.771748135874068 0.2621776504297994 0.012427506213753107 0.02865329512893983
0 0.7829328914664457 0.2994269340974212 0.016570008285004142 0.04297994269340974
0 0.7879038939519469 0.2492836676217765 0.0115990057995029 0.025787965616045846
0 0.7995028997514498 0.2614613180515759 0.013256006628003313 0.027220630372492838
0 0.8272576636288318 0.27507163323782235 0.015741507870753936 0.025787965616045846
0 0.8504556752278376 0.26575931232091693 0.012427506213753107 0.027220630372492838
0 0.8289146644573322 0.30515759312320917 0.014084507042253521 0.03151862464183381
0 0.8293289146644574 0.5193409742120344 0.028169014084507043 0.05873925501432665
0 0.7879038939519469 0.4383954154727794 0.021541010770505385 0.05157593123209169
0 0.8545981772990886 0.45272206303724927 0.027340513670256836 0.05157593123209169
0 0.9266777133388566 0.4799426934097421 0.03231151615575808 0.06017191977077364
0 0.8210439105219552 0.37750716332378226 0.01988400994200497 0.044412607449856735
0 0.8272576636288318 0.3424068767908309 0.012427506213753107 0.025787965616045846
0 0.8537696768848384 0.3216332378223496 0.01739850869925435 0.03581661891117478
0 0.871996685998343 0.3853868194842407 0.019055509527754765 0.04871060171919771
0 0.8906379453189727 0.36031518624641834 0.014913007456503728 0.03581661891117478
0 0.8947804473902237 0.32736389684813755 0.014913007456503728 0.027220630372492838
0 0.9266777133388566 0.33810888252148996 0.01739850869925435 0.04011461318051576
0 0.9465617232808616 0.35744985673352436 0.019055509527754765 0.03868194842406877
0 0.9088649544324772 0.29656160458452724 0.014913007456503728 0.03151862464183381
0 0.8637116818558409 0.28796561604584525 0.014084507042253521 0.025787965616045846
0 0.8724109362054681 0.27578796561604585 0.013256006628003313 0.03008595988538682
0 0.8848384424192212 0.2607449856733524 0.014913007456503728 0.03151862464183381
0 0.9461474730737366 0.28653295128939826 0.013256006628003313 0.02865329512893983
0 0.9353769676884839 0.29727793696275073 0.0115990057995029 0.024355300859598854
0 0.29494614747307374 0.3861031518624642 0.01988400994200497 0.03868194842406877
0 0.3624689312344656 0.3445558739255014 0.019055509527754765 0.0329512893982808