0 0.1191827468785471 0.3963782696177062 0.05221339387060159 0.096579476861167
0 0.27866061293984107 0.2283702213279678 0.02383654937570942 0.03822937625754527
0 0.30419977298524403 0.22132796780684105 0.018161180476730987 0.028169014084507043
0 0.3132803632236095 0.22736418511066397 0.01362088535754824 0.03219315895372234
0 0.3348467650397276 0.1981891348088531 0.018161180476730987 0.03822937625754527
0 0.3518728717366629 0.22132796780684105 0.02043132803632236 0.04024144869215292
0 0.35811577752553914 0.2454728370221328 0.021566401816118047 0.04426559356136821
0 0.3603859250851305 0.193158953722334 0.0170261066969353 0.03621730382293763
0 0.38251986379114644 0.2152917505030181 0.015891032917139614 0.03219315895372234
0 0.3779795686719637 0.16800804828973842 0.01362088535754824 0.026156941649899398
0 0.40919409761634506 0.23943661971830985 0.019296254256526674 0.04024144869215292
0 0.40124858115777523 0.1720321931589537 0.014755959137343927 0.030181086519114688
0 0.4188422247446084 0.15694164989939638 0.011350737797956867 0.02414486921529175
0 0.43416572077185017 0.158953722334004 0.012485811577752554 0.02414486921529175
0 0.41543700340522133 0.19919517102615694 0.015891032917139614 0.03219315895372234
0 0.4318955732122588 0.19919517102615694 0.012485811577752554 0.03621730382293763
0 0.44324631101021567 0.18712273641851107 0.012485811577752554 0.028169014084507043
0 0.4438138479001135 0.24044265593561368 0.02043132803632236 0.04225352112676056
0 0.4699205448354143 0.19718309859154928 0.02043132803632236 0.03621730382293763
0 0.4738933030646992 0.19014084507042253 0.021566401816118047 0.030181086519114688
0 0.47446083995459704 0.15392354124748492 0.01362088535754824 0.030181086519114688
0 0.4841089670828604 0.14587525150905434 0.012485811577752554 0.022132796780684104
0 0.492622020431328 0.158953722334004 0.011350737797956867 0.03621730382293763
0 0.49716231555051077 0.12474849094567404 0.009080590238365494 0.02414486921529175
0 0.5045402951191827 0.14989939637826963 0.014755959137343927 0.030181086519114688
0 0.5278093076049943 0.1267605633802817 0.01362088535754824 0.02414486921529175
0 0.5419977298524404 0.13380281690140844 0.012485811577752554 0.026156941649899398
0 0.5556186152099887 0.12977867203219315 0.012485811577752554 0.026156941649899398
0 0.5675368898978433 0.13480885311871227 0.01362088535754824 0.03219315895372234
0 0.536322360953462 0.16398390342052313 0.0170261066969353 0.030181086519114688
0 0.5227014755959137 0.1790744466800805 0.019296254256526674 0.03621730382293763
0 0.5539160045402951 0.18611670020120724 0.018161180476730987 0.03822937625754527
0 0.5692395005675369 0.1659959758551308 0.014755959137343927 0.03420523138832998
0 0.583427922814983 0.1750503018108652 0.015891032917139614 0.03621730382293763
0 0.5925085130533485 0.1659959758551308 0.01362088535754824 0.026156941649899398
0 0.6010215664018161 0.11569416498993963 0.01021566401816118 0.026156941649899398
0 0.6078320090805902 0.13782696177062373 0.014755959137343927 0.026156941649899398
0 0.6293984108967083 0.1529175050301811 0.014755959137343927 0.03219315895372234
0 0.6254256526674233 0.13480885311871227 0.01362088535754824 0.02414486921529175
0 0.6322360953461975 0.11368209255533199 0.011350737797956867 0.022132796780684104
0 0.656072644721907 0.11267605633802817 0.011350737797956867 0.028169014084507043
0 0.6538024971623155 0.14788732394366197 0.015891032917139614 0.030181086519114688
0 0.6555051078320091 0.22032193158953722 0.019296254256526674 0.05030181086519115
0 0.6532349602724177 0.18611670020120724 0.0170261066969353 0.04225352112676056
0 0.5919409761634506 0.23138832997987926 0.019296254256526674 0.0482897384305835
0 0.6356413166855845 0.24346076458752516 0.022701475595913734 0.0482897384305835
0 0.6748013620885358 0.11066398390342053 0.007945516458569807 0.02012072434607646
0 0.6980703745743473 0.12474849094567404 0.011350737797956867 0.028169014084507043
0 0.6770715096481271 0.13480885311871227 0.014755959137343927 0.028169014084507043
0 0.6850170261066969 0.22635814889336017 0.0170261066969353 0.04225352112676056
0 0.6793416572077186 0.2605633802816901 0.019296254256526674 0.05030181086519115
0 0.7116912599318955 0.32293762575452717 0.02724177071509648 0.06237424547283702
0 0.7599318955732123 0.35311871227364183 0.02383654937570942 0.06639839034205232
0 0.7122587968217934 0.23943661971830985 0.019296254256526674 0.04426559356136821
0 0.7292849035187288 0.14587525150905434 0.014755959137343927 0.030181086519114688
0 0.6997729852440409 0.17806841046277666 0.019296254256526674 0.04627766599597585
0 0.7440408626560726 0.1851106639839034 0.0170261066969353 0.03219315895372234
0 0.7548240635641317 0.13078470824949698 0.011350737797956867 0.028169014084507043
0 0.7678774120317821 0.12776659959758552 0.01021566401816118 0.026156941649899398
0 0.7854710556186152 0.14185110663983905 0.01362088535754824 0.026156941649899398
0 0.8024971623155505 0.13480885311871227 0.011350737797956867 0.028169014084507043
0 0.7945516458569807 0.16901408450704225 0.01362088535754824 0.03219315895372234
0 0.7996594778660613 0.2052313883299799 0.0170261066969353 0.04024144869215292
0 0.7661748013620885 0.23440643863179075 0.02043132803632236 0.04627766599597585
0 0.7922814982973894 0.29678068410462777 0.02724177071509648 0.06237424547283702
0 0.8195232690124858 0.13480885311871227 0.011350737797956867 0.02414486921529175
0 0.8410896708286039 0.15191146881287726 0.011350737797956867 0.026156941649899398
0 0.8575482406356413 0.14989939637826963 0.01021566401816118 0.030181086519114688
0 0.8274687854710556 0.1750503018108652 0.01362088535754824 0.04024144869215292
0 0.8217934165720772 0.1981891348088531 0.015891032917139614 0.03420523138832998
0 0.8461975028376845 0.22736418511066397 0.0170261066969353 0.04426559356136821
0 0.8274687854710556 0.24949698189134809 0.022701475595913734 0.0482897384305835
0 0.9069239500567536 0.15694164989939638 0.01362088535754824 0.028169014084507043
0 0.8660612939841089 0.18309859154929578 0.015891032917139614 0.03621730382293763
0 0.9040862656072645 0.18309859154929578 0.014755959137343927 0.028169014084507043
0 0.9404086265607264 0.18108651911468812 0.014755959137343927 0.028169014084507043
0 0.9335981838819524 0.19416498993963782 0.0170261066969353 0.026156941649899398
0 0.9364358683314415 0.21227364185110664 0.01362088535754824 0.03420523138832998
0 0.9256526674233825 0.24044265593561368 0.014755959137343927 0.03822937625754527
0 0.9290578887627696 0.27062374245472837 0.0170261066969353 0.04627766599597585
0 0.9029511918274687 0.2243460764587525 0.014755959137343927 0.04225352112676056
0 0.9035187287173666 0.19919517102615694 0.01362088535754824 0.03621730382293763
0 0.8927355278093076 0.23641851106639838 0.019296254256526674 0.04225352112676056
0 0.9069239500567536 0.3319919517102616 0.024971623155505107 0.06438631790744467