0 0.06301482701812192 0.5602094240837696 0.048599670510708404 0.11169284467713787
0 0.1758649093904448 0.2931937172774869 0.02059308072487644 0.041884816753926704
0 0.20593080724876442 0.27835951134380454 0.023064250411861616 0.06108202443280977
0 0.23228995057660626 0.24607329842931938 0.018121911037891267 0.05235602094240838
0 0.28212520593080725 0.23211169284467714 0.02059308072487644 0.05235602094240838
0 0.2907742998352554 0.19982547993019198 0.019769357495881382 0.04712041884816754
0 0.31260296540362437 0.21727748691099477 0.018945634266886325 0.05759162303664921
0 0.32948929159802304 0.20157068062827224 0.016474464579901153 0.04712041884816754
0 0.35337726523887975 0.2513089005235602 0.019769357495881382 0.059336823734729496
0 0.3797364085667216 0.23298429319371727 0.018121911037891267 0.04712041884816754
0 0.34761120263591433 0.18586387434554974 0.016474464579901153 0.04363001745200698
0 0.37355848434925865 0.17888307155322863 0.018945634266886325 0.04712041884816754
0 0.41392092257001645 0.1806282722513089 0.01729818780889621 0.03664921465968586
0 0.4102141680395387 0.15095986038394416 0.016474464579901153 0.03315881326352531
0 0.41515650741350907 0.31239092495637 0.02471169686985173 0.06282722513089005
0 0.45510708401976935 0.24345549738219896 0.022240527182866558 0.05410122164048865
0 0.436161449752883 0.156195462478185 0.01729818780889621 0.04013961605584642
0 0.46252059308072485 0.16055846422338568 0.018945634266886325 0.04537521815008726
0 0.4785831960461285 0.19197207678883071 0.014827018121911038 0.038394415357766144
0 0.5127677100494233 0.21465968586387435 0.01729818780889621 0.04537521815008726
0 0.4798187808896211 0.14136125654450263 0.015650741350906095 0.034904013961605584
0 0.5020593080724877 0.15881326352530542 0.01729818780889621 0.04537521815008726
0 0.5135914332784185 0.15008726003490402 0.01400329489291598 0.041884816753926704
0 0.5378912685337727 0.12216404886561955 0.014827018121911038 0.038394415357766144
0 0.5440691927512356 0.14921465968586387 0.018945634266886325 0.03664921465968586
0 0.5658978583196046 0.12041884816753927 0.016474464579901153 0.038394415357766144
0 0.5819604612850082 0.10907504363001745 0.01729818780889621 0.04013961605584642
0 0.5683690280065898 0.16230366492146597 0.018121911037891267 0.041884816753926704
0 0.5597199341021417 0.19633507853403143 0.02059308072487644 0.04712041884816754
0 0.5897858319604613 0.1806282722513089 0.018121911037891267 0.04712041884816754
0 0.5943163097199341 0.1387434554973822 0.01400329489291598 0.03664921465968586
0 0.6099670510708401 0.18586387434554974 0.018945634266886325 0.04363001745200698
0 0.6169686985172982 0.1143106457242583 0.016474464579901153 0.04363001745200698
0 0.6359143327841845 0.13525305410122165 0.016474464579901153 0.04013961605584642
0 0.6462108731466227 0.11518324607329843 0.01729818780889621 0.04886561954624782
0 0.6449752883031301 0.1719022687609075 0.014827018121911038 0.03664921465968586
0 0.6771004942339374 0.14834205933682373 0.014827018121911038 0.038394415357766144
0 0.6841021416803954 0.1212914485165794 0.01729818780889621 0.03664921465968586
0 0.7014003294892917 0.14659685863874344 0.01729818780889621 0.04537521815008726
0 0.5440691927512356 0.33595113438045376 0.025535420098846788 0.07504363001745201
0 0.5807248764415156 0.38830715532286214 0.02471169686985173 0.06806282722513089
0 0.6062602965403624 0.2844677137870855 0.029654036243822075 0.06631762652705062
0 0.6499176276771005 0.2582897033158813 0.02471169686985173 0.06282722513089005
0 0.6482701812191104 0.3961605584642234 0.02800658978583196 0.06282722513089005
0 0.7174629324546952 0.39179755671902267 0.02800658978583196 0.06806282722513089
0 0.785831960461285 0.44502617801047123 0.03130148270181219 0.08376963350785341
0 0.7186985172981878 0.2556719022687609 0.022240527182866558 0.05759162303664921
0 0.742998352553542 0.2835951134380454 0.023064250411861616 0.05410122164048865
0 0.7314662273476112 0.21727748691099477 0.019769357495881382 0.0506108202443281
0 0.6989291598023064 0.2006980802792321 0.015650741350906095 0.038394415357766144
0 0.7561779242174629 0.18760907504363003 0.011532125205930808 0.03315881326352531
0 0.7689456342668863 0.19022687609075042 0.02059308072487644 0.06631762652705062
0 0.8027182866556837 0.17888307155322863 0.01729818780889621 0.04712041884816754
0 0.8130148270181219 0.21291448516579406 0.018121911037891267 0.041884816753926704
0 0.8224876441515651 0.2024432809773124 0.015650741350906095 0.059336823734729496
0 0.7833607907742999 0.2513089005235602 0.019769357495881382 0.04886561954624782
0 0.806836902800659 0.2870855148342059 0.02059308072487644 0.06108202443280977
0 0.8517298187808896 0.3333333333333333 0.0214168039538715 0.05235602094240838
0 0.863673805601318 0.3036649214659686 0.02059308072487644 0.06631762652705062
0 0.8846787479406919 0.2731239092495637 0.016474464579901153 0.0506108202443281
0 0.8612026359143328 0.2181500872600349 0.015650741350906095 0.041884816753926704
0 0.8949752883031301 0.24956369982547993 0.01400329489291598 0.04537521815008726
0 0.9007413509060955 0.22338568935427575 0.01400329489291598 0.041884816753926704
0 0.9242174629324547 0.32722513089005234 0.019769357495881382 0.05410122164048865
0 0.9271004942339374 0.2617801047120419 0.012355848434925865 0.041884816753926704
0 0.9427512355848435 0.22949389179755672 0.01400329489291598 0.04013961605584642
0 0.8809719934102141 0.4179755671902269 0.023887973640856673 0.08202443280977312
0 0.8612026359143328 0.4912739965095986 0.03377265238879736 0.07853403141361257
0 0.9538714991762768 0.4677137870855148 0.023064250411861616 0.08376963350785341
0 0.9588138385502472 0.36300174520069806 0.019769357495881382 0.04886561954624782
0 0.9715815485996705 0.3612565445026178 0.01729818780889621 0.055846422338568937
0 0.96499176276771 0.31151832460732987 0.015650741350906095 0.0506108202443281
0 0.9728171334431631 0.2975567190226876 0.013179571663920923 0.03315881326352531
0 0.9785831960461285 0.2469458987783595 0.014827018121911038 0.04013961605584642