0 0.1878001921229587 0.26465798045602607 0.024015369836695485 0.04071661237785016
0 0.05475504322766571 0.31677524429967424 0.01921229586935639 0.03420195439739414
0 0.41786743515850144 0.19299674267100977 0.021133525456292025 0.030944625407166124
0 0.5096061479346782 0.15065146579804561 0.01633045148895293 0.030944625407166124
0 0.5922190201729106 0.13273615635179153 0.01440922190201729 0.030944625407166124
0 0.4951969260326609 0.18648208469055375 0.01825168107588857 0.02768729641693811
0 0.5187319884726225 0.18485342019543974 0.021133525456292025 0.03745928338762215
0 0.473583093179635 0.2263843648208469 0.023054755043227664 0.04234527687296417
0 0.44332372718539864 0.254885993485342 0.027857829010566763 0.04723127035830619
0 0.5076849183477425 0.28338762214983715 0.025936599423631124 0.04560260586319218
0 0.6580211335254563 0.23859934853420195 0.023054755043227664 0.05374592833876222
0 0.7243035542747358 0.18485342019543974 0.024975984630163303 0.04071661237785016