0 0.20326173428798727 0.10877192982456141 0.011933174224343675 0.031578947368421054
0 0.3568019093078759 0.08333333333333333 0.015115354017501989 0.03684210526315789
0 0.22275258552108193 0.12894736842105264 0.015910898965791568 0.03333333333333333
0 0.1575178997613365 0.1482456140350877 0.012728719172633254 0.03684210526315789
0 0.049721559268098646 0.20789473684210527 0.016706443914081145 0.043859649122807015
0 0.12211614956245027 0.20877192982456141 0.016706443914081145 0.042105263157894736
0 0.2569610182975338 0.12280701754385964 0.017501988862370723 0.042105263157894736
0 0.38663484486873506 0.08771929824561403 0.011137629276054098 0.028070175438596492
0 0.4033412887828162 0.0824561403508772 0.00954653937947494 0.028070175438596492
0 0.4892601431980907 0.07631578947368421 0.007955449482895784 0.02631578947368421
0 0.5346062052505967 0.07543859649122807 0.00954653937947494 0.02456140350877193
0 0.1869530628480509 0.19210526315789472 0.022275258552108195 0.043859649122807015
0 0.1762132060461416 0.26403508771929823 0.01988862370723946 0.04736842105263158
0 0.060063643595863164 0.3991228070175439 0.01988862370723946 0.06491228070175438
0 0.07279236276849642 0.4789473684210526 0.024661893396976928 0.06315789473684211
0 0.12728719172633254 0.5833333333333334 0.03341288782816229 0.07894736842105263
0 0.2060461416070008 0.4368421052631579 0.02545743834526651 0.056140350877192984
0 0.20843277645186953 0.33771929824561403 0.022275258552108195 0.06842105263157895
0 0.24423229912490055 0.2736842105263158 0.015910898965791568 0.0456140350877193
0 0.28878281622911695 0.20175438596491227 0.01909307875894988 0.05263157894736842
0 0.29156722354813047 0.1631578947368421 0.018297533810660304 0.03508771929824561
0 0.30747812251392204 0.22894736842105262 0.018297533810660304 0.03333333333333333
0 0.352824184566428 0.22105263157894736 0.013524264120922832 0.0456140350877193
0 0.3727128082736675 0.1631578947368421 0.010342084327764518 0.03508771929824561
0 0.41328560063643593 0.16052631578947368 0.016706443914081145 0.04035087719298246
0 0.4590294351630867 0.12631578947368421 0.012728719172633254 0.03508771929824561
0 0.5429594272076372 0.4649122807017544 0.0294351630867144 0.07017543859649122
0 0.47215592680986473 0.2131578947368421 0.015115354017501989 0.05087719298245614
0 0.4805091487669053 0.26228070175438595 0.020684168655529037 0.04736842105263158
0 0.5369928400954654 0.2982456140350877 0.017501988862370723 0.04912280701754386
0 0.5039777247414479 0.1736842105263158 0.010342084327764518 0.031578947368421054
0 0.47573587907716786 0.11491228070175438 0.012728719172633254 0.02631578947368421
0 0.5047732696897375 0.09824561403508772 0.011933174224343675 0.021052631578947368
0 0.5934765314240255 0.12368421052631579 0.012728719172633254 0.03333333333333333
0 0.5656324582338902 0.19649122807017544 0.017501988862370723 0.03859649122807018
0 0.6073985680190931 0.2307017543859649 0.015115354017501989 0.043859649122807015
0 0.6714399363564041 0.32456140350877194 0.017501988862370723 0.04912280701754386
0 0.7040572792362768 0.2657894736842105 0.01909307875894988 0.04035087719298246
0 0.6455847255369929 0.14736842105263157 0.008750994431185362 0.028070175438596492
0 0.6141607000795545 0.10701754385964912 0.014319809069212411 0.028070175438596492
0 0.762132060461416 0.20350877192982456 0.015910898965791568 0.03859649122807018
0 0.8031026252983293 0.2236842105263158 0.013524264120922832 0.04035087719298246
0 0.8460620525059666 0.2657894736842105 0.015115354017501989 0.04035087719298246
0 0.8611774065234685 0.29912280701754385 0.013524264120922832 0.043859649122807015
0 0.9156722354813047 0.362280701754386 0.01909307875894988 0.043859649122807015
0 0.6945107398568019 0.20614035087719298 0.017501988862370723 0.043859649122807015
0 0.7171837708830548 0.21052631578947367 0.013524264120922832 0.031578947368421054
0 0.7772474144789181 0.36578947368421055 0.02386634844868735 0.05087719298245614
0 0.0405727923627685 0.23421052631578948 0.015910898965791568 0.054385964912280704
0 0.4638027048528242 0.156140350877193 0.015910898965791568 0.031578947368421054