0 0.031026252983293555 0.41935483870967744 0.02386634844868735 0.05571847507331378
0 0.2319013524264121 0.3416422287390029 0.01988862370723946 0.04105571847507331
0 0.2573587907716786 0.3555718475073314 0.023070803500397773 0.051319648093841645
0 0.284805091487669 0.374633431085044 0.020684168655529037 0.04838709677419355
0 0.28122513922036596 0.31451612903225806 0.01988862370723946 0.036656891495601175
0 0.3325377883850438 0.3658357771260997 0.028639618138424822 0.06304985337243402
0 0.373508353221957 0.3563049853372434 0.01988862370723946 0.03519061583577713
0 0.36595067621320604 0.32991202346041054 0.017501988862370723 0.03225806451612903
0 0.35083532219570407 0.2969208211143695 0.01909307875894988 0.039589442815249266
0 0.3997613365155131 0.35043988269794724 0.023070803500397773 0.04985337243401759
0 0.44590294351630866 0.34824046920821117 0.024661893396976928 0.045454545454545456
0 0.381066030230708 0.2653958944281525 0.014319809069212411 0.04105571847507331
0 0.3941925218774861 0.28152492668621704 0.015115354017501989 0.03519061583577713
0 0.4033412887828162 0.3035190615835777 0.015910898965791568 0.03812316715542522
0 0.4204455051710422 0.28812316715542524 0.015115354017501989 0.030791788856304986
0 0.4323786793953858 0.31451612903225806 0.018297533810660304 0.036656891495601175
0 0.4602227525855211 0.31085043988269795 0.016706443914081145 0.03812316715542522
0 0.41766109785202865 0.2661290322580645 0.014319809069212411 0.030791788856304986
0 0.449085123309467 0.24926686217008798 0.011933174224343675 0.03519061583577713
0 0.4602227525855211 0.23900293255131966 0.011933174224343675 0.02932551319648094
0 0.462211614956245 0.2653958944281525 0.015910898965791568 0.03225806451612903
0 0.4896579156722355 0.2697947214076246 0.016706443914081145 0.03519061583577713
0 0.5031821797931583 0.2873900293255132 0.018297533810660304 0.03812316715542522
0 0.5099443118536198 0.3225806451612903 0.017501988862370723 0.04105571847507331
0 0.548926014319809 0.2939882697947214 0.022275258552108195 0.04252199413489736
0 0.5242641209228321 0.2602639296187683 0.015910898965791568 0.036656891495601175
0 0.5059665871121718 0.24780058651026393 0.015910898965791568 0.03519061583577713
0 0.5401750198886237 0.2316715542521994 0.015910898965791568 0.02932551319648094
0 0.5584725536992841 0.24633431085043989 0.015910898965791568 0.03225806451612903
0 0.5580747812251392 0.22653958944281524 0.013524264120922832 0.02785923753665689
0 0.5902943516308672 0.2529325513196481 0.015910898965791568 0.039589442815249266
0 0.5910898965791567 0.22580645161290322 0.014319809069212411 0.03225806451612903
0 0.6276849642004774 0.2536656891495601 0.015910898965791568 0.03519061583577713
0 0.5990453460620525 0.2118768328445748 0.012728719172633254 0.03372434017595308
0 0.6101829753381066 0.21994134897360704 0.012728719172633254 0.02932551319648094
0 0.6225139220365951 0.2287390029325513 0.011933174224343675 0.02932551319648094
0 0.6412092283214001 0.21920821114369501 0.012728719172633254 0.024926686217008796
0 0.6384248210023866 0.2368035190615836 0.010342084327764518 0.024926686217008796
0 0.6539379474940334 0.2316715542521994 0.012728719172633254 0.02932551319648094
0 0.6690533015115354 0.23313782991202345 0.014319809069212411 0.03225806451612903
0 0.4896579156722355 0.4032258064516129 0.03261734287987271 0.07038123167155426
0 0.5318217979315831 0.4149560117302053 0.02784407319013524 0.06158357771260997
0 0.5290373906125696 0.374633431085044 0.02386634844868735 0.04838709677419355
0 0.5831344470962609 0.3350439882697947 0.02386634844868735 0.04838709677419355
0 0.6189339697692919 0.31158357771260997 0.01909307875894988 0.04252199413489736
0 0.6332537788385044 0.3387096774193548 0.01909307875894988 0.0469208211143695
0 0.5974542561654733 0.38269794721407624 0.02545743834526651 0.05278592375366569
0 0.5958631662688942 0.4406158357771261 0.03659506762132061 0.0718475073313783
0 0.6519490851233095 0.4626099706744868 0.03420843277645187 0.0689149560117302
0 0.6431980906921241 0.3724340175953079 0.026252983293556086 0.06158357771260997
0 0.6750198886237072 0.35777126099706746 0.023070803500397773 0.05865102639296188
0 0.6559268098647574 0.28005865102639294 0.016706443914081145 0.03812316715542522
0 0.6857597454256166 0.2565982404692082 0.017501988862370723 0.03519061583577713
0 0.7140015910898966 0.2536656891495601 0.013524264120922832 0.03225806451612903
0 0.7048528241845664 0.29838709677419356 0.01909307875894988 0.039589442815249266
0 0.7279236276849642 0.2756598240469208 0.012728719172633254 0.03812316715542522
0 0.7243436754176611 0.22727272727272727 0.013524264120922832 0.02932551319648094
0 0.7466189339697693 0.2859237536656892 0.016706443914081145 0.03519061583577713
0 0.7613365155131265 0.23387096774193547 0.014319809069212411 0.03372434017595308
0 0.788782816229117 0.24853372434017595 0.015115354017501989 0.039589442815249266
0 0.7434367541766109 0.2565982404692082 0.011933174224343675 0.02346041055718475
0 0.7541766109785203 0.2653958944281525 0.012728719172633254 0.03519061583577713
0 0.7219570405727923 0.41055718475073316 0.026252983293556086 0.05865102639296188
0 0.6992840095465394 0.5183284457478006 0.03818615751789976 0.08651026392961877
0 0.8126491646778043 0.5469208211143695 0.03579952267303103 0.07624633431085044
0 0.7692919649960223 0.4156891495601173 0.028639618138424822 0.05718475073313783
0 0.7903739061256961 0.374633431085044 0.026252983293556086 0.05718475073313783
0 0.8245823389021479 0.45527859237536655 0.03261734287987271 0.06598240469208211
0 0.8878281622911695 0.47214076246334313 0.035003977724741446 0.07331378299120235
0 0.8890214797136038 0.40542521994134895 0.023070803500397773 0.06304985337243402
0 0.8540175019888624 0.3651026392961877 0.024661893396976928 0.05278592375366569
0 0.8325377883850438 0.4156891495601173 0.024661893396976928 0.054252199413489736
0 0.7915672235481305 0.3093841642228739 0.017501988862370723 0.03812316715542522
0 0.8221957040572793 0.3152492668621701 0.016706443914081145 0.04105571847507331
0 0.8321400159108989 0.29105571847507333 0.015910898965791568 0.03372434017595308
0 0.8198090692124105 0.26466275659824046 0.013524264120922832 0.036656891495601175
0 0.8369132856006364 0.2690615835777126 0.012728719172633254 0.02785923753665689
0 0.8488464598249801 0.25146627565982405 0.012728719172633254 0.03372434017595308
0 0.8695306284805091 0.2939882697947214 0.015910898965791568 0.039589442815249266
0 0.8496420047732697 0.32111436950146627 0.017501988862370723 0.04105571847507331
0 0.9017501988862371 0.3621700879765396 0.016706443914081145 0.04105571847507331
0 0.8997613365155132 0.3291788856304985 0.014319809069212411 0.03372434017595308
0 0.9101034208432777 0.28885630498533726 0.012728719172633254 0.026392961876832845
0 0.9081145584725537 0.32038123167155425 0.011933174224343675 0.03372434017595308