0 0.08240887480190175 0.4518156424581006 0.04120443740095087 0.09078212290502793
0 0.2864500792393027 0.26536312849162014 0.02456418383518225 0.03910614525139665
0 0.3094294770206022 0.21717877094972068 0.019809825673534072 0.03770949720670391
0 0.34667194928684625 0.20879888268156424 0.018225039619651346 0.034916201117318434
0 0.33637083993660855 0.2534916201117318 0.019809825673534072 0.034916201117318434
0 0.3684627575277338 0.2681564245810056 0.022187004754358162 0.05027932960893855
0 0.3672741679873217 0.210195530726257 0.018225039619651346 0.03770949720670391
0 0.3981774960380349 0.21927374301675978 0.021394611727416798 0.036312849162011177
0 0.38946117274167985 0.2751396648044693 0.0277337559429477 0.04189944134078212
0 0.420364500792393 0.18016759776536312 0.015055467511885896 0.036312849162011177
0 0.4488906497622821 0.210195530726257 0.018225039619651346 0.046089385474860335
0 0.4766244057052298 0.22206703910614525 0.01664025356576862 0.0335195530726257
0 0.4655309033280507 0.13547486033519554 0.015055467511885896 0.0335195530726257
0 0.48415213946117275 0.13058659217877094 0.01584786053882726 0.029329608938547486
0 0.49247226624405704 0.14874301675977653 0.015055467511885896 0.03212290502793296
0 0.5019809825673535 0.13268156424581007 0.015055467511885896 0.025139664804469275
0 0.5213946117274167 0.12918994413407822 0.014263074484944533 0.02094972067039106
0 0.5015847860538827 0.18016759776536312 0.028526148969889066 0.03910614525139665
0 0.5388272583201268 0.1627094972067039 0.01584786053882726 0.034916201117318434
0 0.5515055467511886 0.12290502793296089 0.01584786053882726 0.027932960893854747
0 0.562202852614897 0.13337988826815642 0.022979397781299524 0.029329608938547486
0 0.555863708399366 0.1808659217877095 0.018225039619651346 0.03770949720670391
0 0.572107765451664 0.11452513966480447 0.014263074484944533 0.025139664804469275
0 0.5891442155309033 0.1005586592178771 0.021394611727416798 0.027932960893854747
0 0.6034072900158478 0.12081005586592179 0.021394611727416798 0.03770949720670391
0 0.6101426307448494 0.13966480446927373 0.012678288431061807 0.025139664804469275
0 0.6370839936608558 0.0935754189944134 0.012678288431061807 0.025139664804469275
0 0.6596671949286846 0.10474860335195531 0.01347068145800317 0.030726256983240222
0 0.6461965134706814 0.12849162011173185 0.015055467511885896 0.027932960893854747
0 0.6707606973058637 0.11452513966480447 0.010301109350237718 0.0223463687150838
0 0.695324881141046 0.1026536312849162 0.010301109350237718 0.02094972067039106
0 0.5570522979397782 0.22625698324022347 0.022187004754358162 0.0446927374301676
0 0.5582408874801902 0.27164804469273746 0.022979397781299524 0.046089385474860335
0 0.6145007923930269 0.2346368715083799 0.02456418383518225 0.05027932960893855
0 0.6137083993660856 0.20460893854748605 0.021394611727416798 0.04329608938547486
0 0.6782884310618067 0.1920391061452514 0.022187004754358162 0.040502793296089384
0 0.6584786053882726 0.2611731843575419 0.025356576862123614 0.04748603351955307
0 0.626782884310618 0.33868715083798884 0.030110935023771792 0.04888268156424581
0 0.7048335974643423 0.2185754189944134 0.022979397781299524 0.034916201117318434
0 0.7072107765451664 0.15991620111731844 0.018225039619651346 0.03770949720670391
0 0.7194928684627575 0.1829608938547486 0.020602218700475437 0.0335195530726257
0 0.7305863708399366 0.1361731843575419 0.01901743264659271 0.03212290502793296
0 0.7503961965134707 0.13337988826815642 0.020602218700475437 0.03770949720670391
0 0.7793185419968305 0.11033519553072625 0.01664025356576862 0.025139664804469275
0 0.7765451664025357 0.14385474860335196 0.022187004754358162 0.04189944134078212
0 0.7472266244057052 0.23812849162011174 0.028526148969889066 0.051675977653631286
0 0.8015055467511886 0.2786312849162011 0.026148969889064975 0.04888268156424581
0 0.7999207606973059 0.11452513966480447 0.018225039619651346 0.0335195530726257
0 0.8082408874801902 0.15502793296089384 0.020602218700475437 0.030726256983240222
0 0.8363708399366085 0.236731843575419 0.022979397781299524 0.04888268156424581
0 0.8244849445324881 0.1319832402234637 0.015055467511885896 0.034916201117318434
0 0.8577654516640254 0.13477653631284917 0.019809825673534072 0.029329608938547486
0 0.8545958795562599 0.164804469273743 0.015055467511885896 0.030726256983240222
0 0.8958003169572107 0.1389664804469274 0.01347068145800317 0.034916201117318434
0 0.8870839936608558 0.1871508379888268 0.015055467511885896 0.025139664804469275
0 0.8272583201267829 0.2988826815642458 0.025356576862123614 0.04748603351955307
0 0.839540412044374 0.35893854748603354 0.022979397781299524 0.06424581005586592
0 0.8835182250396196 0.329608938547486 0.030110935023771792 0.06424581005586592
0 0.8878763866877971 0.44064245810055863 0.03565768621236133 0.07681564245810056
0 0.8748019017432647 0.2430167597765363 0.02377179080824089 0.05027932960893855
0 0.9120443740095087 0.2297486033519553 0.02377179080824089 0.04329608938547486
0 0.9282884310618067 0.1962290502793296 0.011885895404120444 0.03212290502793296
0 0.9318541996830428 0.14874301675977653 0.00792393026941363 0.02653631284916201
0 0.9049128367670365 0.2946927374301676 0.02694136291600634 0.061452513966480445
0 0.8613312202852615 0.2011173184357542 0.01901743264659271 0.036312849162011177
0 0.7729793977812995 0.2164804469273743 0.030903328050713153 0.05865921787709497
0 0.7519809825673535 0.1738826815642458 0.025356576862123614 0.040502793296089384
0 0.803486529318542 0.24162011173184358 0.02377179080824089 0.0446927374301676
0 0.8264659270998416 0.20810055865921787 0.025356576862123614 0.03910614525139665
0 0.5796354992076069 0.14594972067039105 0.030903328050713153 0.03770949720670391
0 0.46909667194928684 0.1634078212290503 0.01901743264659271 0.030726256983240222
0 0.4318541996830428 0.1808659217877095 0.025356576862123614 0.034916201117318434
0 0.4528526148969889 0.18365921787709497 0.015055467511885896 0.029329608938547486
0 0.615689381933439 0.09427374301675978 0.020602218700475437 0.023743016759776536
0 0.7127575277337559 0.13337988826815642 0.021394611727416798 0.029329608938547486