0 0.06025267249757046 0.29668411867364747 0.027210884353741496 0.05235602094240838
0 0.26773566569484936 0.2198952879581152 0.01652089407191448 0.034904013961605584
0 0.32653061224489793 0.1980802792321117 0.01749271137026239 0.03315881326352531
0 0.3556851311953353 0.225130890052356 0.019436345966958212 0.034904013961605584
0 0.36977648202137997 0.18673647469458987 0.012633624878522837 0.031413612565445025
0 0.3872691933916424 0.19284467713787085 0.01652089407191448 0.03315881326352531
0 0.3877551020408163 0.2425828970331588 0.019436345966958212 0.04537521815008726
0 0.4067055393586006 0.23298429319371727 0.0184645286686103 0.03315881326352531
0 0.44412050534499514 0.25741710296684117 0.023323615160349854 0.0506108202443281
0 0.42419825072886297 0.17452006980802792 0.012633624878522837 0.031413612565445025
0 0.4033041788143829 0.16230366492146597 0.013605442176870748 0.027923211169284468
0 0.391642371234208 0.1649214659685864 0.013605442176870748 0.029668411867364748
0 0.42759961127308066 0.14659685863874344 0.011661807580174927 0.027923211169284468
0 0.47230320699708456 0.20157068062827224 0.019436345966958212 0.03315881326352531
0 0.46647230320699706 0.13612565445026178 0.013605442176870748 0.027923211169284468
0 0.478134110787172 0.1518324607329843 0.011661807580174927 0.031413612565445025
0 0.48542274052478135 0.16841186736474695 0.01652089407191448 0.03315881326352531
0 0.48931000971817296 0.13350785340314136 0.010689990281827016 0.02617801047120419
0 0.4970845481049563 0.1300174520069808 0.010689990281827016 0.02268760907504363
0 0.5179786200194364 0.13176265270506107 0.011661807580174927 0.02268760907504363
0 0.5262390670553936 0.12827225130890052 0.010689990281827016 0.03315881326352531
0 0.5383867832847424 0.13525305410122165 0.013605442176870748 0.029668411867364748
0 0.5179786200194364 0.17452006980802792 0.021379980563654033 0.038394415357766144
0 0.5029154518950437 0.20855148342059338 0.02040816326530612 0.04363001745200698
0 0.5539358600583091 0.17975567190226877 0.019436345966958212 0.038394415357766144
0 0.5748299319727891 0.11954624781849912 0.010689990281827016 0.02617801047120419
0 0.5855199222546161 0.11954624781849912 0.012633624878522837 0.03315881326352531
0 0.5903790087463557 0.15095986038394416 0.012633624878522837 0.03664921465968586
0 0.6112730806608357 0.1012216404886562 0.011661807580174927 0.020942408376963352
0 0.6059280855199223 0.12303664921465969 0.012633624878522837 0.029668411867364748
0 0.6263362487852284 0.11954624781849912 0.010689990281827016 0.02617801047120419
0 0.6341107871720116 0.11169284467713787 0.010689990281827016 0.02443280977312391
0 0.6370262390670554 0.14659685863874344 0.012633624878522837 0.02443280977312391
0 0.6175898931000972 0.1980802792321117 0.022351797862001945 0.04013961605584642
0 0.6511175898931001 0.1387434554973822 0.015549076773566569 0.029668411867364748
0 0.6584062196307094 0.11518324607329843 0.012633624878522837 0.02443280977312391
0 0.6622934888241011 0.09947643979057591 0.010689990281827016 0.020942408376963352
0 0.6812439261418853 0.12652705061082026 0.013605442176870748 0.02617801047120419
0 0.685131195335277 0.10471204188481675 0.013605442176870748 0.02443280977312391
0 0.7133138969873664 0.10907504363001745 0.013605442176870748 0.02617801047120419
0 0.7123420796890184 0.16143106457242584 0.015549076773566569 0.03315881326352531
0 0.6540330417881438 0.18760907504363003 0.01749271137026239 0.04013961605584642
0 0.640427599611273 0.2443280977312391 0.021379980563654033 0.04886561954624782
0 0.5709426627793974 0.2486910994764398 0.022351797862001945 0.0506108202443281
0 0.5753158406219631 0.27399650959860383 0.029154518950437316 0.05235602094240838
0 0.6720116618075802 0.2164048865619546 0.02040816326530612 0.041884816753926704
0 0.7040816326530612 0.1893542757417103 0.0184645286686103 0.03664921465968586
0 0.7322643343051506 0.13612565445026178 0.014577259475218658 0.027923211169284468
0 0.7444120505344995 0.16230366492146597 0.015549076773566569 0.031413612565445025
0 0.749271137026239 0.20157068062827224 0.015549076773566569 0.04712041884816754
0 0.7147716229348883 0.2338568935427574 0.022351797862001945 0.038394415357766144
0 0.685131195335277 0.2582897033158813 0.021379980563654033 0.04537521815008726
0 0.7400388726919339 0.25654450261780104 0.026239067055393587 0.05235602094240838
0 0.7755102040816326 0.23472949389179756 0.019436345966958212 0.03664921465968586
0 0.7619047619047619 0.14048865619546247 0.015549076773566569 0.03315881326352531
0 0.7779397473275025 0.13612565445026178 0.010689990281827016 0.027923211169284468
0 0.7978620019436345 0.12652705061082026 0.013605442176870748 0.02617801047120419
0 0.7915451895043731 0.15270506108202445 0.01652089407191448 0.029668411867364748
0 0.8134110787172012 0.14048865619546247 0.013605442176870748 0.02268760907504363
0 0.827016520894072 0.17888307155322863 0.013605442176870748 0.029668411867364748
0 0.8435374149659864 0.1544502617801047 0.011661807580174927 0.02617801047120419
0 0.8503401360544217 0.14397905759162305 0.011661807580174927 0.02617801047120419
0 0.8527696793002916 0.17539267015706805 0.014577259475218658 0.03315881326352531
0 0.8070942662779398 0.14921465968586387 0.012633624878522837 0.02617801047120419
0 0.8702623906705539 0.17102966841186737 0.01652089407191448 0.038394415357766144
0 0.8935860058309038 0.1544502617801047 0.010689990281827016 0.02617801047120419
0 0.9091350826044704 0.16230366492146597 0.010689990281827016 0.027923211169284468
0 0.8809523809523809 0.23036649214659685 0.01652089407191448 0.038394415357766144
0 0.8449951409135082 0.20418848167539266 0.014577259475218658 0.038394415357766144
0 0.8401360544217688 0.23298429319371727 0.0184645286686103 0.04363001745200698
0 0.793002915451895 0.21029668411867364 0.01749271137026239 0.03664921465968586
0 0.793002915451895 0.28097731239092494 0.023323615160349854 0.055846422338568937
0 0.8634596695821186 0.2469458987783595 0.02040816326530612 0.0506108202443281
0 0.8435374149659864 0.3411867364746946 0.023323615160349854 0.06108202443280977
0 0.9387755102040817 0.1719022687609075 0.013605442176870748 0.02617801047120419
0 0.902332361516035 0.19633507853403143 0.012633624878522837 0.02268760907504363
0 0.935374149659864 0.22338568935427575 0.014577259475218658 0.041884816753926704
0 0.9285714285714286 0.2547993019197208 0.0184645286686103 0.04537521815008726
0 0.9373177842565598 0.19982547993019198 0.014577259475218658 0.03664921465968586
0 0.9373177842565598 0.3045375218150087 0.0184645286686103 0.05410122164048865
0 0.9271137026239067 0.37521815008726006 0.031098153547133137 0.06282722513089005
0 0.9008746355685131 0.2181500872600349 0.015549076773566569 0.020942408376963352
0 0.7541302235179786 0.13350785340314136 0.011661807580174927 0.02617801047120419