0 0.3927255985267035 0.6650246305418719 0.09300184162062615 0.17733990147783252
0 0.4198895027624309 0.5246305418719212 0.06077348066298342 0.13628899835796388
0 0.43554327808471455 0.4548440065681445 0.049723756906077346 0.10180623973727422
0 0.2058011049723757 0.4293924466338259 0.06537753222836096 0.12643678160919541
0 0.20257826887661143 0.2372742200328407 0.027624309392265192 0.047619047619047616
0 0.30248618784530384 0.2569786535303777 0.03222836095764273 0.07060755336617405
0 0.322744014732965 0.17898193760262726 0.024861878453038673 0.04597701149425287
0 0.3816758747697974 0.2134646962233169 0.026703499079189688 0.05582922824302135
0 0.4631675874769797 0.22249589490968802 0.022099447513812154 0.04433497536945813
0 0.5041436464088398 0.2651888341543514 0.03038674033149171 0.054187192118226604
0 0.5515653775322283 0.11330049261083744 0.027624309392265192 0.04597701149425287
0 0.5676795580110497 0.08702791461412152 0.013812154696132596 0.03284072249589491
0 0.5893186003683242 0.10919540229885058 0.016574585635359115 0.04433497536945813
0 0.6072744014732965 0.1297208538587849 0.02302025782688766 0.04597701149425287
0 0.6312154696132597 0.12643678160919541 0.02117863720073665 0.04597701149425287
0 0.6523941068139963 0.09441707717569786 0.02117863720073665 0.041050903119868636
0 0.6740331491712708 0.07307060755336617 0.01841620626151013 0.041050903119868636
0 0.6896869244935543 0.12643678160919541 0.027624309392265192 0.052545155993431854