0 0.17166979362101314 0.4974832214765101 0.03377110694183865 0.07214765100671142
0 0.27439024390243905 0.23573825503355705 0.012195121951219513 0.031879194630872486
0 0.2964352720450281 0.2533557046979866 0.0150093808630394 0.026845637583892617
0 0.30816135084427765 0.21224832214765102 0.012195121951219513 0.028523489932885907
0 0.3151969981238274 0.2348993288590604 0.0150093808630394 0.03355704697986577
0 0.33864915572232646 0.24664429530201343 0.016885553470919325 0.040268456375838924
0 0.34380863039399623 0.20889261744966442 0.012195121951219513 0.031879194630872486
0 0.3517823639774859 0.22483221476510068 0.0150093808630394 0.03691275167785235
0 0.3625703564727955 0.23825503355704697 0.014071294559099437 0.040268456375838924
0 0.37570356472795496 0.1837248322147651 0.014071294559099437 0.031879194630872486
0 0.3902439024390244 0.1837248322147651 0.0150093808630394 0.03523489932885906
0 0.3869606003752345 0.2139261744966443 0.01594746716697936 0.03859060402684564
0 0.3921200750469043 0.2600671140939597 0.016885553470919325 0.03355704697986577
0 0.4263602251407129 0.2525167785234899 0.017823639774859287 0.03859060402684564
0 0.4151031894934334 0.1820469798657718 0.014071294559099437 0.031879194630872486
0 0.44606003752345214 0.17785234899328858 0.014071294559099437 0.03691275167785235
0 0.4596622889305816 0.2214765100671141 0.0150093808630394 0.040268456375838924
0 0.4732645403377111 0.22399328859060402 0.01594746716697936 0.03859060402684564
0 0.4554409005628518 0.14513422818791946 0.010318949343339587 0.02181208053691275
0 0.46857410881801126 0.15268456375838926 0.012195121951219513 0.016778523489932886
0 0.475140712945591 0.16359060402684564 0.010318949343339587 0.018456375838926176
0 0.4826454033771107 0.13590604026845637 0.012195121951219513 0.026845637583892617
0 0.4948405253283302 0.14261744966442952 0.012195121951219513 0.020134228187919462
0 0.47889305816135086 0.18624161073825504 0.01594746716697936 0.026845637583892617
0 0.50187617260788 0.18456375838926176 0.0150093808630394 0.026845637583892617
0 0.5192307692307693 0.16023489932885907 0.014071294559099437 0.028523489932885907
0 0.5225140712945591 0.18540268456375839 0.0150093808630394 0.031879194630872486
0 0.550187617260788 0.15436241610738255 0.012195121951219513 0.026845637583892617
0 0.5619136960600375 0.14681208053691275 0.01125703564727955 0.02181208053691275
0 0.5600375234521576 0.11661073825503356 0.013133208255159476 0.028523489932885907
0 0.5825515947467167 0.11912751677852348 0.01125703564727955 0.026845637583892617
0 0.5895872420262664 0.13758389261744966 0.012195121951219513 0.026845637583892617
0 0.5811444652908068 0.15855704697986578 0.014071294559099437 0.03523489932885906
0 0.6078799249530957 0.1174496644295302 0.01125703564727955 0.026845637583892617
0 0.6139774859287055 0.14093959731543623 0.012195121951219513 0.02348993288590604
0 0.6313320825515948 0.13171140939597314 0.013133208255159476 0.025167785234899327
0 0.6369606003752345 0.10906040268456375 0.01125703564727955 0.02348993288590604
0 0.624296435272045 0.19630872483221476 0.01594746716697936 0.03355704697986577
0 0.6519699812382739 0.17197986577181207 0.0150093808630394 0.031879194630872486
0 0.6805816135084428 0.11828859060402684 0.012195121951219513 0.025167785234899327
0 0.5656660412757973 0.28187919463087246 0.0225140712945591 0.0436241610738255
0 0.5178236397748592 0.2953020134228188 0.020637898686679174 0.03355704697986577
0 0.549249530956848 0.24328859060402686 0.017823639774859287 0.026845637583892617
0 0.6186679174484052 0.24496644295302014 0.019699812382739212 0.040268456375838924
0 0.6411819887429644 0.31208053691275167 0.025328330206378986 0.050335570469798654
0 0.6702626641651032 0.2139261744966443 0.019699812382739212 0.031879194630872486
0 0.6801125703564728 0.24916107382550334 0.016885553470919325 0.05201342281879195
0 0.7040337711069419 0.2751677852348993 0.021575984990619138 0.053691275167785234
0 0.7640712945590994 0.27181208053691275 0.02345215759849906 0.053691275167785234
0 0.7528142589118199 0.23406040268456377 0.019699812382739212 0.04530201342281879
0 0.7073170731707317 0.21140939597315436 0.0225140712945591 0.03355704697986577
0 0.6946529080675422 0.18036912751677853 0.017823639774859287 0.03859060402684564
0 0.6890243902439024 0.14681208053691275 0.014071294559099437 0.028523489932885907
0 0.7134146341463414 0.12919463087248323 0.012195121951219513 0.030201342281879196
0 0.7199812382739212 0.1568791946308725 0.014071294559099437 0.028523489932885907
0 0.7303001876172608 0.13171140939597314 0.014071294559099437 0.02181208053691275
0 0.7467166979362101 0.13171140939597314 0.013133208255159476 0.031879194630872486
0 0.7617260787992496 0.12164429530201343 0.013133208255159476 0.025167785234899327
0 0.7354596622889306 0.18624161073825504 0.016885553470919325 0.03355704697986577
0 0.7645403377110694 0.1552013422818792 0.016885553470919325 0.031879194630872486
0 0.7833020637898687 0.14513422818791946 0.013133208255159476 0.028523489932885907
0 0.7987804878048781 0.15100671140939598 0.014071294559099437 0.026845637583892617
0 0.774859287054409 0.19966442953020133 0.020637898686679174 0.050335570469798654
0 0.8255159474671669 0.14848993288590603 0.01125703564727955 0.02181208053691275
0 0.8442776735459663 0.15436241610738255 0.013133208255159476 0.02348993288590604
0 0.8452157598499062 0.17281879194630873 0.0150093808630394 0.030201342281879196
0 0.8363039399624765 0.19211409395973153 0.014071294559099437 0.03859060402684564
0 0.8611632270168855 0.22902684563758388 0.01876172607879925 0.04530201342281879
0 0.8386491557223265 0.29278523489932884 0.0225140712945591 0.04865771812080537
0 0.8939962476547842 0.19379194630872484 0.0150093808630394 0.03523489932885906
0 0.8836772983114447 0.1686241610738255 0.013133208255159476 0.028523489932885907
0 0.8893058161350844 0.1535234899328859 0.013133208255159476 0.025167785234899327
0 0.9282363977485929 0.2424496644295302 0.017823639774859287 0.03523489932885906
0 0.9296435272045028 0.26174496644295303 0.0225140712945591 0.040268456375838924