0 0.16587677725118483 0.2775453277545328 0.026856240126382307 0.04184100418410042
0 0.27093206951026855 0.2601115760111576 0.020537124802527645 0.03765690376569038
0 0.28278041074249605 0.2524407252440725 0.018957345971563982 0.03347280334728033
0 0.30963665086887837 0.2203626220362622 0.018957345971563982 0.03626220362622036
0 0.33688783570300157 0.21408647140864714 0.018167456556082148 0.03486750348675035
0 0.32306477093206953 0.25592747559274753 0.02527646129541864 0.03765690376569038
0 0.31635071090047395 0.2928870292887029 0.02132701421800948 0.03905160390516039
0 0.3108214849921011 0.2601115760111576 0.018167456556082148 0.03486750348675035
0 0.3617693522906793 0.2733612273361227 0.023696682464454975 0.044630404463040445
0 0.3795418641390205 0.301952580195258 0.02448657187993681 0.04602510460251046
0 0.3941548183254344 0.200139470013947 0.022116903633491312 0.040446304044630406
0 0.41113744075829384 0.1799163179916318 0.015007898894154818 0.03905160390516039
0 0.41429699842022116 0.22245467224546722 0.02448657187993681 0.040446304044630406
0 0.4399684044233807 0.2099023709902371 0.022116903633491312 0.04602510460251046
0 0.47788309636650866 0.2217573221757322 0.02527646129541864 0.04184100418410042
0 0.46484992101105843 0.16178521617852162 0.015007898894154818 0.03626220362622036
0 0.45734597156398105 0.1499302649930265 0.017377567140600316 0.029288702928870293
0 0.47432859399684046 0.1387726638772664 0.013428120063191154 0.03207810320781032
0 0.533175355450237 0.19246861924686193 0.020537124802527645 0.04184100418410042
0 0.5268562401263823 0.14853556485355648 0.020537124802527645 0.03765690376569038
0 0.5616113744075829 0.14295676429567644 0.01579778830963665 0.03207810320781032
0 0.5837282780410743 0.16178521617852162 0.018957345971563982 0.03626220362622036
0 0.6141390205371248 0.1492329149232915 0.016587677725118485 0.03347280334728033
0 0.6165086887835703 0.13528591352859135 0.016587677725118485 0.02789400278940028
0 0.5833333333333334 0.10460251046025104 0.016587677725118485 0.02789400278940028
0 0.4928909952606635 0.29916317991631797 0.022116903633491312 0.04602510460251046
0 0.5390995260663507 0.30404463040446306 0.029225908372827805 0.05299860529986053
0 0.5778041074249605 0.2384937238493724 0.02764612954186414 0.044630404463040445
0 0.6046603475513428 0.21827057182705717 0.02448657187993681 0.04602510460251046
0 0.6165086887835703 0.22594142259414227 0.02448657187993681 0.05299860529986053
0 0.6457345971563981 0.26569037656903766 0.022906793048973143 0.05160390516039052
0 0.655608214849921 0.20502092050209206 0.018957345971563982 0.03905160390516039
0 0.6386255924170616 0.17642956764295675 0.019747235387045814 0.040446304044630406
0 0.6287519747235387 0.37447698744769875 0.0315955766192733 0.07112970711297072
0 0.7436808846761453 0.2789400278940028 0.030805687203791468 0.061366806136680614
0 0.7622432859399684 0.33542538354253837 0.0315955766192733 0.06834030683403068
0 0.7938388625592417 0.2775453277545328 0.02843601895734597 0.06415620641562064
0 0.8025276461295419 0.25313807531380755 0.023696682464454975 0.05160390516039052
0 0.8451816745655608 0.29567642956764295 0.030015797788309637 0.06694560669456066
0 0.8562401263823065 0.25313807531380755 0.030015797788309637 0.05439330543933055
0 0.9024486571879937 0.2900976290097629 0.02448657187993681 0.061366806136680614
0 0.7018167456556083 0.22315202231520223 0.02132701421800948 0.04184100418410042
0 0.6777251184834123 0.16596931659693165 0.017377567140600316 0.03347280334728033
0 0.7164296998420221 0.15760111576011157 0.020537124802527645 0.03626220362622036
0 0.731437598736177 0.18758716875871687 0.020537124802527645 0.03765690376569038
0 0.740521327014218 0.2280334728033473 0.019747235387045814 0.03765690376569038
0 0.7677725118483413 0.20223152022315202 0.017377567140600316 0.03905160390516039
0 0.8171406003159558 0.21827057182705717 0.02132701421800948 0.043235704323570434
0 0.8372827804107424 0.18200836820083682 0.01579778830963665 0.040446304044630406
0 0.8759873617693523 0.200139470013947 0.018957345971563982 0.040446304044630406
0 0.8566350710900474 0.14644351464435146 0.013428120063191154 0.03347280334728033
0 0.8131911532385466 0.15829846582984658 0.015007898894154818 0.03207810320781032
0 0.7993680884676145 0.17294281729428174 0.017377567140600316 0.03905160390516039
0 0.7902843601895735 0.14225941422594143 0.015007898894154818 0.03626220362622036
0 0.773696682464455 0.15202231520223153 0.016587677725118485 0.030683403068340307
0 0.7630331753554502 0.1708507670850767 0.017377567140600316 0.03486750348675035
0 0.7527646129541864 0.13458856345885634 0.017377567140600316 0.03207810320781032