0 0.07392996108949416 0.29930795847750863 0.02529182879377432 0.04844290657439446
0 0.3122568093385214 0.2370242214532872 0.019455252918287938 0.04152249134948097
0 0.3448443579766537 0.1903114186851211 0.016536964980544747 0.031141868512110725
0 0.3458171206225681 0.21539792387543252 0.014591439688715954 0.029411764705882353
0 0.41196498054474706 0.20761245674740483 0.016536964980544747 0.04152249134948097
0 0.44503891050583655 0.21453287197231835 0.01848249027237354 0.03806228373702422
0 0.4581712062256809 0.17993079584775087 0.01556420233463035 0.03460207612456748
0 0.4693579766536965 0.2309688581314879 0.01848249027237354 0.04325259515570934
0 0.4795719844357977 0.1842560553633218 0.017509727626459144 0.03633217993079585
0 0.4961089494163424 0.16003460207612458 0.01556420233463035 0.0328719723183391
0 0.5145914396887159 0.16695501730103807 0.013618677042801557 0.0328719723183391
0 0.5233463035019456 0.13062283737024222 0.009727626459143969 0.025951557093425604
0 0.5311284046692607 0.14273356401384082 0.011673151750972763 0.025951557093425604
0 0.539396887159533 0.13062283737024222 0.010700389105058366 0.025951557093425604
0 0.5491245136186771 0.1894463667820069 0.016536964980544747 0.04325259515570934
0 0.5817120622568094 0.11678200692041522 0.011673151750972763 0.025951557093425604
0 0.5826848249027238 0.1773356401384083 0.01556420233463035 0.029411764705882353
0 0.5909533073929961 0.15397923875432526 0.014591439688715954 0.02768166089965398
0 0.5997081712062257 0.12975778546712802 0.008754863813229572 0.02422145328719723
0 0.617704280155642 0.11072664359861592 0.007782101167315175 0.02422145328719723
0 0.6269455252918288 0.12110726643598616 0.010700389105058366 0.020761245674740483
0 0.6415369649805448 0.11332179930795848 0.010700389105058366 0.02249134948096886
0 0.629863813229572 0.15484429065743946 0.014591439688715954 0.029411764705882353
0 0.6517509727626459 0.12889273356401384 0.009727626459143969 0.01903114186851211
0 0.6634241245136187 0.11764705882352941 0.009727626459143969 0.02422145328719723
0 0.6750972762645915 0.12283737024221453 0.011673151750972763 0.02422145328719723
0 0.693579766536965 0.1453287197231834 0.011673151750972763 0.02422145328719723
0 0.5233463035019456 0.2897923875432526 0.021400778210116732 0.04671280276816609
0 0.5880350194552529 0.2378892733564014 0.02237354085603113 0.04325259515570934
0 0.5914396887159533 0.28719723183391005 0.021400778210116732 0.05536332179930796
0 0.6133268482490273 0.31055363321799306 0.026264591439688716 0.06401384083044982
0 0.6254863813229572 0.21366782006920415 0.017509727626459144 0.04325259515570934
0 0.6361867704280155 0.25432525951557095 0.021400778210116732 0.04844290657439446
0 0.6673151750972762 0.2231833910034602 0.017509727626459144 0.04498269896193772
0 0.6605058365758755 0.27076124567474047 0.021400778210116732 0.04671280276816609
0 0.6609922178988327 0.185121107266436 0.016536964980544747 0.03806228373702422
0 0.666828793774319 0.3460207612456747 0.02821011673151751 0.07612456747404844
0 0.7037937743190662 0.39705882352941174 0.03988326848249027 0.05709342560553633
0 0.703307392996109 0.19896193771626297 0.019455252918287938 0.04152249134948097
0 0.7164396887159533 0.222318339100346 0.020428015564202335 0.04671280276816609
0 0.7358949416342413 0.1842560553633218 0.014591439688715954 0.03633217993079585
0 0.7786964980544747 0.1444636678200692 0.01264591439688716 0.029411764705882353
0 0.7748054474708171 0.19204152249134948 0.016536964980544747 0.02768166089965398
0 0.7796692607003891 0.22404844290657439 0.020428015564202335 0.039792387543252594
0 0.789396887159533 0.16782006920415224 0.014591439688715954 0.03806228373702422
0 0.811284046692607 0.2041522491349481 0.013618677042801557 0.03460207612456748
0 0.8249027237354085 0.1842560553633218 0.013618677042801557 0.0328719723183391
0 0.7971789883268483 0.29411764705882354 0.020428015564202335 0.05536332179930796
0 0.8059338521400778 0.2742214532871972 0.01848249027237354 0.04325259515570934
0 0.8025291828793775 0.35294117647058826 0.0311284046692607 0.06228373702422145
0 0.8380350194552529 0.31228373702422146 0.02237354085603113 0.05709342560553633
0 0.8424124513618677 0.1583044982698962 0.011673151750972763 0.0328719723183391
0 0.8472762645914397 0.19636678200692043 0.01556420233463035 0.03633217993079585
0 0.8638132295719845 0.19204152249134948 0.013618677042801557 0.03460207612456748
0 0.8764591439688716 0.15916955017301038 0.013618677042801557 0.031141868512110725
0 0.853112840466926 0.2378892733564014 0.017509727626459144 0.039792387543252594
0 0.8745136186770428 0.25432525951557095 0.01556420233463035 0.04498269896193772
0 0.8574902723735408 0.2897923875432526 0.020428015564202335 0.04671280276816609
0 0.8891050583657587 0.22145328719723184 0.01556420233463035 0.03806228373702422
0 0.894455252918288 0.1643598615916955 0.010700389105058366 0.031141868512110725
0 0.9304474708171206 0.17214532871972318 0.014591439688715954 0.029411764705882353
0 0.936284046692607 0.20588235294117646 0.014591439688715954 0.02768166089965398
0 0.9309338521400778 0.24394463667820068 0.019455252918287938 0.04498269896193772
0 0.9202334630350194 0.27854671280276816 0.019455252918287938 0.04844290657439446
0 0.8988326848249028 0.27076124567474047 0.017509727626459144 0.04325259515570934
0 0.9071011673151751 0.31920415224913495 0.024319066147859923 0.05363321799307959
0 0.8934824902723736 0.38494809688581316 0.026264591439688716 0.08131487889273356
0 0.7514591439688716 0.13667820069204153 0.010700389105058366 0.031141868512110725
0 0.754863813229572 0.16262975778546712 0.013618677042801557 0.03460207612456748
0 0.42266536964980544 0.18166089965397925 0.01264591439688716 0.031141868512110725
0 0.4494163424124514 0.16608996539792387 0.01556420233463035 0.031141868512110725
0 0.5014591439688716 0.12889273356401384 0.010700389105058366 0.02249134948096886
0 0.5063229571984436 0.1375432525951557 0.010700389105058366 0.02249134948096886