0 0.15311804008908686 0.39202334630350194 0.052338530066815145 0.10311284046692606
0 0.339086859688196 0.17996108949416342 0.01893095768374165 0.03696498054474708
0 0.3825167037861915 0.1916342412451362 0.01893095768374165 0.033073929961089495
0 0.3930957683741648 0.21011673151750973 0.017817371937639197 0.042801556420233464
0 0.4198218262806236 0.2140077821011673 0.0200445434298441 0.03501945525291829
0 0.4515590200445434 0.22665369649805447 0.021158129175946547 0.033073929961089495
0 0.388641425389755 0.1605058365758755 0.013363028953229399 0.029182879377431907
0 0.4771714922048998 0.16342412451361868 0.01670378619153675 0.03501945525291829
0 0.44766146993318484 0.17412451361867703 0.013363028953229399 0.021400778210116732
0 0.5189309576837416 0.19066147859922178 0.022271714922048998 0.038910505836575876
0 0.549554565701559 0.193579766536965 0.01893095768374165 0.03696498054474708
0 0.5779510022271714 0.1254863813229572 0.015590200445434299 0.029182879377431907
0 0.623608017817372 0.25583657587548636 0.031180400890868598 0.05252918287937743
0 0.7912026726057907 0.21108949416342412 0.021158129175946547 0.04085603112840467
0 0.8658129175946548 0.11964980544747082 0.01670378619153675 0.04085603112840467
0 0.8190423162583519 0.2616731517509728 0.021158129175946547 0.05252918287937743
0 0.9292873051224945 0.26653696498054474 0.01893095768374165 0.03501945525291829