0 0.042723004694835684 0.3968386023294509 0.02910798122065728 0.064891846921797
0 0.2431924882629108 0.26206322795341097 0.015023474178403756 0.03494176372712146
0 0.2676056338028169 0.259567387687188 0.016901408450704224 0.03993344425956739
0 0.2868544600938967 0.25540765391014975 0.0215962441314554 0.04159733777038269
0 0.3126760563380282 0.2637271214642263 0.020657276995305163 0.03826955074875208
0 0.31220657276995306 0.2221297836938436 0.01784037558685446 0.028286189683860232
0 0.3474178403755869 0.20632279534109818 0.013145539906103286 0.026622296173044926
0 0.3568075117370892 0.1821963394342762 0.015023474178403756 0.03494176372712146
0 0.3751173708920188 0.1788685524126456 0.014084507042253521 0.03161397670549085
0 0.39812206572769954 0.21797004991680533 0.015023474178403756 0.026622296173044926
0 0.4023474178403756 0.18801996672212978 0.014084507042253521 0.029950083194675542
0 0.3845070422535211 0.27703826955074873 0.023474178403755867 0.048252911813643926
0 0.3539906103286385 0.2529118136439268 0.022535211267605635 0.029950083194675542
0 0.4422535211267606 0.21547420965058237 0.016901408450704224 0.03161397670549085
0 0.4647887323943662 0.23377703826955074 0.016901408450704224 0.03161397670549085
0 0.4779342723004695 0.3119800332778702 0.022535211267605635 0.05490848585690516
0 0.532394366197183 0.30282861896838603 0.024413145539906103 0.05324459234608985
0 0.5981220657276995 0.3277870216306156 0.03380281690140845 0.056572379367720464
0 0.612206572769953 0.2504159733777038 0.022535211267605635 0.04492512479201331
0 0.5553990610328638 0.24625623960066556 0.02535211267605634 0.036605657237936774
0 0.5253521126760563 0.18635607321131448 0.01596244131455399 0.036605657237936774
0 0.4830985915492958 0.19384359400998336 0.01784037558685446 0.03494176372712146
0 0.43990610328638496 0.1622296173044925 0.012206572769953052 0.021630615640599003
0 0.4765258215962441 0.1314475873544093 0.01596244131455399 0.026622296173044926
0 0.5596244131455399 0.1772046589018303 0.018779342723004695 0.03494176372712146
0 0.5784037558685446 0.13394342762063227 0.015023474178403756 0.03494176372712146
0 0.5516431924882629 0.12728785357737105 0.01596244131455399 0.028286189683860232
0 0.6089201877934273 0.11231281198003328 0.010328638497652582 0.03161397670549085
0 0.6338028169014085 0.11064891846921797 0.009389671361502348 0.028286189683860232
0 0.676056338028169 0.11480865224625623 0.016901408450704224 0.033277870216306155
0 0.7314553990610329 0.11148086522462562 0.013145539906103286 0.02329450915141431
0 0.7582159624413145 0.12479201331114809 0.01596244131455399 0.026622296173044926
0 0.8084507042253521 0.11980033277870217 0.015023474178403756 0.019966722129783693
0 0.8333333333333334 0.13727121464226288 0.01596244131455399 0.03161397670549085
0 0.8943661971830986 0.15141430948419302 0.01971830985915493 0.02329450915141431
0 0.887793427230047 0.16722129783693843 0.01971830985915493 0.03161397670549085
0 0.8525821596244132 0.15474209650582363 0.018779342723004695 0.026622296173044926
0 0.8408450704225352 0.18136439267886856 0.0215962441314554 0.026622296173044926
0 0.9056338028169014 0.2221297836938436 0.0215962441314554 0.04159733777038269
0 0.8516431924882629 0.2254575707154742 0.020657276995305163 0.03494176372712146
0 0.819718309859155 0.21713810316139767 0.020657276995305163 0.03494176372712146
0 0.7924882629107981 0.17387687188019968 0.016901408450704224 0.03161397670549085
0 0.784037558685446 0.14143094841930118 0.015023474178403756 0.026622296173044926
0 0.7511737089201878 0.16472545757071547 0.020657276995305163 0.029950083194675542
0 0.715962441314554 0.15307820299500832 0.014084507042253521 0.02329450915141431
0 0.6896713615023474 0.20049916805324458 0.01596244131455399 0.03494176372712146
0 0.6530516431924883 0.20715474209650583 0.01784037558685446 0.028286189683860232
0 0.6314553990610329 0.20049916805324458 0.01784037558685446 0.03826955074875208
0 0.6619718309859155 0.24875207986688852 0.024413145539906103 0.04159733777038269
0 0.7183098591549296 0.28036605657237934 0.020657276995305163 0.03826955074875208
0 0.7474178403755869 0.23044925124792012 0.018779342723004695 0.03161397670549085
0 0.7859154929577464 0.26206322795341097 0.020657276995305163 0.04159733777038269
0 0.8328638497652582 0.30449251247920134 0.02629107981220657 0.04658901830282862
0 0.9154929577464789 0.27703826955074873 0.018779342723004695 0.04159733777038269
0 0.6516431924882629 0.17387687188019968 0.013145539906103286 0.024958402662229616
0 0.6774647887323944 0.1622296173044925 0.014084507042253521 0.03161397670549085
0 0.7037558685446009 0.14392678868552414 0.012206572769953052 0.028286189683860232
0 0.7652582159624414 0.21630615640599002 0.018779342723004695 0.04658901830282862
0 0.7323943661971831 0.19550748752079866 0.018779342723004695 0.048252911813643926
0 0.6061032863849766 0.14226289517470883 0.01784037558685446 0.03494176372712146
0 0.6333333333333333 0.14309484193011648 0.01596244131455399 0.033277870216306155
0 0.5065727699530517 0.17054908485856904 0.01596244131455399 0.028286189683860232
0 0.5417840375586854 0.15391014975041598 0.020657276995305163 0.03826955074875208
0 0.45868544600938965 0.14309484193011648 0.014084507042253521 0.026622296173044926
0 0.45774647887323944 0.1930116472545757 0.01596244131455399 0.033277870216306155
0 0.4356807511737089 0.18552412645590682 0.013145539906103286 0.03494176372712146
0 0.48826291079812206 0.16472545757071547 0.016901408450704224 0.036605657237936774
0 0.3741784037558685 0.2129783693843594 0.01784037558685446 0.04326123128119801
0 0.9032863849765258 0.18386023294509152 0.015023474178403756 0.04159733777038269