0 0.4345 0.22719141323792486 0.019 0.03220035778175313
0 0.465 0.23881932021466906 0.018 0.03041144901610018
0 0.5935 0.11449016100178891 0.019 0.05008944543828265
0 0.685 0.13148479427549195 0.018 0.04830053667262969
0 0.6205 0.19051878354203935 0.023 0.044722719141323794
0 0.6255 0.22361359570661896 0.027 0.03577817531305903
0 0.678 0.20214669051878353 0.02 0.04293381037567084
0 0.7235 0.29964221824686943 0.023 0.055456171735241505
0 0.8125 0.25402504472271914 0.023 0.05008944543828265
0 0.842 0.22719141323792486 0.022 0.05008944543828265
0 0.8435 0.29338103756708406 0.029 0.07513416815742398
0 0.8605 0.2629695885509839 0.021 0.03935599284436494
0 0.9165 0.31932021466905186 0.033 0.07692307692307693
0 0.948 0.3041144901610018 0.034 0.1037567084078712
0 0.9805 0.35330948121645794 0.037 0.09838998211091235