0 0.19608778625954199 0.44435075885328834 0.04866412213740458 0.09274873524451939
0 0.43320610687022904 0.15598650927487354 0.013358778625954198 0.02866779089376054
0 0.4551526717557252 0.15851602023608768 0.01717557251908397 0.03035413153456998
0 0.48377862595419846 0.178752107925801 0.02099236641221374 0.03709949409780776
0 0.5071564885496184 0.18718381112984822 0.01812977099236641 0.03372681281618887
0 0.48520992366412213 0.13406408094435077 0.012404580152671756 0.03204047217537943
0 0.5052480916030534 0.14249578414839797 0.01812977099236641 0.02866779089376054
0 0.5286259541984732 0.14418212478920742 0.01717557251908397 0.03204047217537943
0 0.7013358778625954 0.18381112984822934 0.019083969465648856 0.03709949409780776
0 0.7204198473282443 0.19224283305227655 0.019083969465648856 0.04047217537942664
0 0.7428435114503816 0.18634064080944351 0.01812977099236641 0.03541315345699832
0 0.7609732824427481 0.1821247892074199 0.01812977099236641 0.03372681281618887
0 0.8005725190839694 0.178752107925801 0.01717557251908397 0.03709949409780776
0 0.8382633587786259 0.19308600337268128 0.016221374045801526 0.04215851602023609
0 0.8816793893129771 0.2917369308600337 0.02099236641221374 0.05733558178752108
0 0.9083969465648855 0.16863406408094436 0.01717557251908397 0.03709949409780776
0 0.9456106870229007 0.1736930860033727 0.015267175572519083 0.03372681281618887
0 0.9379770992366412 0.23018549747048903 0.015267175572519083 0.0387858347386172