0 0.06421647819063005 0.310126582278481 0.020193861066235864 0.040787623066104076
0 0.0864297253634895 0.29324894514767935 0.017770597738287562 0.03234880450070324
0 0.1991114701130856 0.2250351617440225 0.020193861066235864 0.03656821378340366
0 0.24273021001615508 0.28621659634317864 0.02665589660743134 0.04922644163150492
0 0.22617124394184168 0.4247538677918425 0.048465266558966075 0.10970464135021098
0 0.3525848142164782 0.2707454289732771 0.03796445880452343 0.057665260196905765
0 0.3045234248788368 0.15822784810126583 0.01938610662358643 0.035161744022503515
0 0.3436995153473344 0.14556962025316456 0.016962843295638127 0.035161744022503515
0 0.3691437802907916 0.14556962025316456 0.01615508885298869 0.03234880450070324
0 0.4123586429725363 0.09985935302390998 0.016962843295638127 0.03938115330520394
0 0.45718901453957994 0.10126582278481013 0.017770597738287562 0.03656821378340366
0 0.5141357027463651 0.20675105485232068 0.020193861066235864 0.04219409282700422
0 0.5415993537964459 0.19479606188466947 0.018578352180936994 0.0379746835443038
0 0.5331179321486268 0.17369901547116737 0.017770597738287562 0.035161744022503515
0 0.5694668820678513 0.10618846694796062 0.01938610662358643 0.040787623066104076
0 0.5977382875605816 0.0850914205344585 0.014539579967689823 0.026722925457102673