0 0.11862990810359231 0.5128939828080229 0.040100250626566414 0.07449856733524356
0 0.20927318295739347 0.32521489971346706 0.017543859649122806 0.03151862464183381
0 0.23642439431913115 0.34813753581661894 0.018379281537176273 0.04011461318051576
0 0.2631578947368421 0.37106017191977075 0.020050125313283207 0.03724928366762178
0 0.2669172932330827 0.29727793696275073 0.015873015873015872 0.03008595988538682
0 0.30116959064327486 0.3159025787965616 0.017543859649122806 0.027220630372492838
0 0.3157894736842105 0.34885386819484243 0.018379281537176273 0.0329512893982808
0 0.33458646616541354 0.3194842406876791 0.017543859649122806 0.03151862464183381
0 0.3362573099415205 0.2829512893982808 0.017543859649122806 0.03008595988538682
0 0.36215538847117795 0.333810888252149 0.01921470342522974 0.034383954154727794
0 0.391812865497076 0.31805157593123207 0.020050125313283207 0.034383954154727794
0 0.3888888888888889 0.28581661891117477 0.017543859649122806 0.0329512893982808
0 0.3738512949039265 0.2492836676217765 0.014202172096908938 0.025787965616045846
0 0.40977443609022557 0.24713467048710602 0.012531328320802004 0.024355300859598854
0 0.42815371762740184 0.248567335243553 0.014202172096908938 0.024355300859598854
0 0.4352548036758563 0.32879656160458454 0.02172096908939014 0.03581661891117478
0 0.4152046783625731 0.3030085959885387 0.01670843776106934 0.03008595988538682
0 0.45614035087719296 0.29369627507163326 0.015037593984962405 0.022922636103151862
0 0.46365914786967416 0.2492836676217765 0.015037593984962405 0.022922636103151862
0 0.4519632414369256 0.22994269340974213 0.011695906432748537 0.02148997134670487
0 0.4548872180451128 0.22134670487106017 0.012531328320802004 0.01862464183381089
0 0.49373433583959897 0.2507163323782235 0.015037593984962405 0.025787965616045846
0 0.49874686716791977 0.23638968481375358 0.013366750208855471 0.02005730659025788
0 0.5434419381787803 0.21203438395415472 0.012531328320802004 0.022922636103151862
0 0.5580618212197159 0.20558739255014327 0.015037593984962405 0.02148997134670487
0 0.5292397660818714 0.25716332378223494 0.015873015873015872 0.03008595988538682
0 0.543859649122807 0.2700573065902579 0.01670843776106934 0.03008595988538682
0 0.5639097744360902 0.25358166189111747 0.015037593984962405 0.02865329512893983
0 0.5881370091896407 0.23638968481375358 0.013366750208855471 0.025787965616045846
0 0.5898078529657477 0.20702005730659026 0.013366750208855471 0.024355300859598854
0 0.5952380952380952 0.19484240687679083 0.012531328320802004 0.022922636103151862
0 0.6152882205513784 0.1998567335243553 0.012531328320802004 0.024355300859598854
0 0.6265664160401002 0.21131805157593123 0.011695906432748537 0.024355300859598854
0 0.6248955722639933 0.22851002865329512 0.011695906432748537 0.024355300859598854
0 0.6604010025062657 0.19627507163323782 0.012531328320802004 0.022922636103151862
0 0.6624895572263994 0.2163323782234957 0.011695906432748537 0.022922636103151862
0 0.672514619883041 0.21060171919770773 0.011695906432748537 0.022922636103151862
0 0.48705096073517123 0.3151862464183381 0.01670843776106934 0.03151862464183381
0 0.4644945697577276 0.38825214899713467 0.02506265664160401 0.04871060171919771
0 0.5325814536340853 0.3997134670487106 0.025898078529657476 0.045845272206303724
0 0.525062656641604 0.3431232091690544 0.022556390977443608 0.03868194842406877
0 0.5714285714285714 0.44412607449856734 0.031746031746031744 0.0659025787965616
0 0.6236424394319131 0.45415472779369626 0.03258145363408521 0.0659025787965616
0 0.6048454469507101 0.34742120343839544 0.020050125313283207 0.03868194842406877
0 0.5881370091896407 0.3137535816618911 0.018379281537176273 0.034383954154727794
0 0.6215538847117794 0.28939828080229224 0.01670843776106934 0.02865329512893983
0 0.6436925647451963 0.34742120343839544 0.022556390977443608 0.04154727793696275
0 0.6608187134502924 0.2607449856733524 0.015037593984962405 0.02865329512893983
0 0.6649958228905597 0.2979942693409742 0.02172096908939014 0.04011461318051576
0 0.6946532999164579 0.2342406876790831 0.014202172096908938 0.0329512893982808
0 0.6934001670843776 0.2829512893982808 0.018379281537176273 0.0329512893982808
0 0.6821219715956558 0.3431232091690544 0.022556390977443608 0.050143266475644696
0 0.7130325814536341 0.3846704871060172 0.02756892230576441 0.04727793696275072
0 0.6900584795321637 0.5265042979942693 0.03341687552213868 0.06446991404011461
0 0.7936507936507936 0.5515759312320917 0.031746031746031744 0.07163323782234957
0 0.8320802005012531 0.45630372492836674 0.028404344193817876 0.055873925501432664
0 0.7769423558897243 0.4061604584527221 0.026733500417710943 0.044412607449856735
0 0.918546365914787 0.45558739255014324 0.02756892230576441 0.054441260744985676
0 0.843358395989975 0.3989971346704871 0.022556390977443608 0.044412607449856735
0 0.924812030075188 0.38896848137535817 0.020050125313283207 0.03868194842406877
0 0.9110275689223057 0.30873925501432664 0.015873015873015872 0.03008595988538682
0 0.9281537176274018 0.29584527220630374 0.01670843776106934 0.03008595988538682
0 0.9277360066833751 0.25859598853868193 0.012531328320802004 0.027220630372492838
0 0.8888888888888888 0.26504297994269344 0.015037593984962405 0.03151862464183381
0 0.8822055137844611 0.3037249283667622 0.013366750208855471 0.034383954154727794
0 0.8646616541353384 0.3230659025787966 0.01670843776106934 0.03581661891117478
0 0.8387635756056808 0.2979942693409742 0.015037593984962405 0.03151862464183381
0 0.8467000835421888 0.25859598853868193 0.017543859649122806 0.0329512893982808
0 0.8721804511278195 0.24283667621776503 0.011695906432748537 0.024355300859598854
0 0.8366750208855472 0.24355300859598855 0.014202172096908938 0.022922636103151862
0 0.8078529657477026 0.25859598853868193 0.013366750208855471 0.024355300859598854
0 0.8007518796992481 0.22707736389684813 0.012531328320802004 0.027220630372492838
0 0.7857142857142857 0.2829512893982808 0.020885547201336674 0.03581661891117478
0 0.7677527151211362 0.27507163323782235 0.018379281537176273 0.03724928366762178
0 0.7761069340016709 0.2507163323782235 0.013366750208855471 0.02865329512893983
0 0.7719298245614035 0.22492836676217765 0.015037593984962405 0.02865329512893983
0 0.7276524644945698 0.24283667621776503 0.013366750208855471 0.0329512893982808
0 0.7268170426065163 0.22636103151862463 0.013366750208855471 0.022922636103151862
0 0.7364243943191312 0.22421203438395415 0.01086048454469507 0.024355300859598854
0 0.8015873015873016 0.34742120343839544 0.01921470342522974 0.03581661891117478
0 0.802422723475355 0.32449856733524357 0.017543859649122806 0.027220630372492838