0 0.2964071856287425 0.2117437722419929 0.01996007984031936 0.03558718861209965
0 0.3408183632734531 0.20818505338078291 0.018962075848303395 0.03558718861209965
0 0.3562874251497006 0.24199288256227758 0.015968063872255488 0.042704626334519574
0 0.3712574850299401 0.19572953736654805 0.013972055888223553 0.03558718861209965
0 0.4151696606786427 0.23576512455516013 0.031936127744510975 0.05516014234875445
0 0.38622754491017963 0.17259786476868327 0.017964071856287425 0.03558718861209965
0 0.4286427145708583 0.15302491103202848 0.018962075848303395 0.03202846975088968
0 0.4471057884231537 0.21708185053380782 0.029940119760479042 0.0498220640569395
0 0.44461077844311375 0.17793594306049823 0.012974051896207584 0.03558718861209965
0 0.45758483033932135 0.1494661921708185 0.016966067864271458 0.02491103202846975
0 0.47704590818363274 0.15391459074733096 0.015968063872255488 0.030249110320284697
0 0.4865269461077844 0.22686832740213522 0.028942115768463075 0.05516014234875445
0 0.49201596806387227 0.17793594306049823 0.013972055888223553 0.03558718861209965
0 0.5054890219560878 0.18505338078291814 0.020958083832335328 0.03558718861209965
0 0.5169660678642715 0.13523131672597866 0.017964071856287425 0.028469750889679714
0 0.5369261477045908 0.20462633451957296 0.023952095808383235 0.042704626334519574
0 0.5339321357285429 0.1396797153024911 0.015968063872255488 0.030249110320284697
0 0.5563872255489022 0.2508896797153025 0.028942115768463075 0.0498220640569395
0 0.5708582834331337 0.2873665480427046 0.02594810379241517 0.051601423487544484
0 0.5489021956087824 0.14412811387900357 0.011976047904191617 0.03558718861209965
0 0.5548902195608783 0.14323843416370108 0.01996007984031936 0.033807829181494664
0 0.5843313373253493 0.1290035587188612 0.016966067864271458 0.037366548042704624
0 0.5863273453093812 0.17437722419928825 0.016966067864271458 0.03558718861209965
0 0.6177644710578842 0.16637010676156583 0.015968063872255488 0.033807829181494664
0 0.6157684630738522 0.13701067615658363 0.013972055888223553 0.028469750889679714
0 0.6302395209580839 0.12099644128113879 0.014970059880239521 0.028469750889679714
0 0.6367265469061876 0.10142348754448399 0.013972055888223553 0.028469750889679714
0 0.655688622754491 0.10676156583629894 0.015968063872255488 0.03202846975088968
0 0.6332335329341318 0.20284697508896798 0.020958083832335328 0.03914590747330961
0 0.625748502994012 0.25 0.02594810379241517 0.05871886120996441
0 0.6766467065868264 0.10676156583629894 0.011976047904191617 0.028469750889679714
0 0.689620758483034 0.12188612099644128 0.011976047904191617 0.026690391459074734
0 0.7095808383233533 0.12099644128113879 0.013972055888223553 0.028469750889679714
0 0.6601796407185628 0.2571174377224199 0.0249500998003992 0.04804270462633452
0 0.6676646706586826 0.2206405693950178 0.021956087824351298 0.042704626334519574
0 0.6976047904191617 0.1699288256227758 0.01996007984031936 0.04092526690391459
0 0.6996007984031936 0.19217081850533807 0.01996007984031936 0.042704626334519574
0 0.7085828343313373 0.23220640569395018 0.01996007984031936 0.04448398576512456
0 0.7609780439121756 0.12455516014234876 0.018962075848303395 0.028469750889679714
0 0.7365269461077845 0.16459074733096085 0.017964071856287425 0.033807829181494664
0 0.7245508982035929 0.2873665480427046 0.02594810379241517 0.05871886120996441
0 0.748003992015968 0.19306049822064056 0.022954091816367265 0.037366548042704624
0 0.7594810379241517 0.1610320284697509 0.015968063872255488 0.033807829181494664
0 0.7694610778443114 0.2580071174377224 0.02594810379241517 0.05693950177935943
0 0.780938123752495 0.1494661921708185 0.018962075848303395 0.042704626334519574
0 0.7914171656686627 0.29626334519572955 0.031936127744510975 0.06227758007117438
0 0.8353293413173652 0.3113879003558719 0.02594810379241517 0.06761565836298933
0 0.8053892215568862 0.2188612099644128 0.017964071856287425 0.042704626334519574
0 0.7949101796407185 0.15302491103202848 0.012974051896207584 0.03202846975088968
0 0.8078842315369261 0.1512455516014235 0.012974051896207584 0.046263345195729534
0 0.8368263473053892 0.2304270462633452 0.022954091816367265 0.051601423487544484
0 0.8238522954091816 0.17704626334519574 0.014970059880239521 0.037366548042704624
0 0.8213572854291418 0.14145907473309607 0.013972055888223553 0.033807829181494664
0 0.8398203592814372 0.14768683274021352 0.014970059880239521 0.042704626334519574
0 0.841816367265469 0.18861209964412812 0.012974051896207584 0.028469750889679714
0 0.8677644710578842 0.199288256227758 0.018962075848303395 0.03914590747330961
0 0.8837325349301397 0.15658362989323843 0.022954091816367265 0.042704626334519574
0 0.9116766467065869 0.1592526690391459 0.018962075848303395 0.030249110320284697
0 0.8932135728542914 0.2090747330960854 0.015968063872255488 0.026690391459074734
0 0.8817365269461078 0.2606761565836299 0.0249500998003992 0.05516014234875445
0 0.8972055888223552 0.34341637010676157 0.033932135728542916 0.060498220640569395
0 0.9166666666666666 0.297153024911032 0.0249500998003992 0.05338078291814947
0 0.9246506986027944 0.21352313167259787 0.014970059880239521 0.03558718861209965
0 0.9366267465069861 0.1797153024911032 0.016966067864271458 0.03558718861209965
0 0.7155688622754491 0.1512455516014235 0.023952095808383235 0.03914590747330961
0 0.656187624750499 0.148576512455516 0.02694610778443114 0.04448398576512456
0 0.499500998003992 0.13701067615658363 0.020958083832335328 0.03558718861209965
0 0.4431137724550898 0.25444839857651247 0.03592814371257485 0.046263345195729534
0 0.3972055888223553 0.23487544483985764 0.013972055888223553 0.042704626334519574
0 0.9446107784431138 0.2197508896797153 0.014970059880239521 0.037366548042704624
0 0.39471057884231536 0.19128113879003558 0.014970059880239521 0.033807829181494664