0 0.09674728940783987 0.5376712328767124 0.04670558798999166 0.11986301369863013
0 0.16430358632193495 0.2893835616438356 0.021684737281067557 0.05136986301369863
0 0.19140950792326938 0.285958904109589 0.02585487906588824 0.0547945205479452
0 0.2389491242702252 0.23972602739726026 0.019182652210175146 0.04452054794520548
0 0.2819015846538782 0.23715753424657535 0.021684737281067557 0.04965753424657534
0 0.30150125104253545 0.22345890410958905 0.01751459549624687 0.04965753424657534
0 0.27773144286905754 0.2071917808219178 0.020016680567139282 0.04452054794520548
0 0.3240200166805671 0.20804794520547945 0.01751459549624687 0.04280821917808219
0 0.34361968306922436 0.2551369863013699 0.01834862385321101 0.04794520547945205
0 0.3711426188490409 0.2405821917808219 0.01834862385321101 0.046232876712328765
0 0.40950792326939117 0.3227739726027397 0.026688907422852376 0.059931506849315065
0 0.36363636363636365 0.1934931506849315 0.01834862385321101 0.0410958904109589
0 0.3402835696413678 0.19777397260273974 0.016680567139282735 0.03595890410958904
0 0.4103419516263553 0.18835616438356165 0.016680567139282735 0.04452054794520548
0 0.4078398665554629 0.16095890410958905 0.016680567139282735 0.03767123287671233
0 0.44578815679733114 0.2457191780821918 0.022518765638031693 0.059931506849315065
0 0.43077564637197663 0.1618150684931507 0.014178482068390326 0.03595890410958904
0 0.44412010008340286 0.1678082191780822 0.0158465387823186 0.03767123287671233
0 0.45871559633027525 0.16866438356164384 0.01834862385321101 0.04965753424657534
0 0.4724770642201835 0.20205479452054795 0.0158465387823186 0.04452054794520548
0 0.4724770642201835 0.1464041095890411 0.01751459549624687 0.04965753424657534
0 0.49791492910758967 0.1660958904109589 0.016680567139282735 0.04452054794520548
0 0.5287739783152627 0.2166095890410959 0.01834862385321101 0.039383561643835614
0 0.5437864887406172 0.16095890410958905 0.016680567139282735 0.03767123287671233
0 0.5496246872393661 0.2106164383561644 0.01834862385321101 0.04794520547945205
0 0.5333611342785655 0.13527397260273974 0.014178482068390326 0.03767123287671233
0 0.5575479566305255 0.1284246575342466 0.0158465387823186 0.0410958904109589
0 0.579232693911593 0.1232876712328767 0.0158465387823186 0.0410958904109589
0 0.5900750625521268 0.14982876712328766 0.0158465387823186 0.039383561643835614
0 0.5834028356964137 0.18493150684931506 0.0158465387823186 0.0410958904109589
0 0.5658882402001668 0.1720890410958904 0.01751459549624687 0.039383561643835614
0 0.6050875729774813 0.1952054794520548 0.01751459549624687 0.04452054794520548
0 0.6134278565471226 0.1267123287671233 0.0158465387823186 0.03767123287671233
0 0.6388657214345288 0.18065068493150685 0.01834862385321101 0.039383561643835614
0 0.6363636363636364 0.1429794520547945 0.015012510425354461 0.039383561643835614
0 0.6509591326105088 0.13527397260273974 0.014178482068390326 0.0410958904109589
0 0.6734778982485404 0.15753424657534246 0.01751459549624687 0.0410958904109589
0 0.6751459549624688 0.1327054794520548 0.014178482068390326 0.032534246575342464
0 0.7001668056713928 0.14897260273972604 0.01751459549624687 0.04452054794520548
0 0.682652210175146 0.21404109589041095 0.019182652210175146 0.05136986301369863
0 0.6480400333611342 0.2508561643835616 0.025020850708924104 0.06335616438356165
0 0.6017514595496247 0.2851027397260274 0.022518765638031693 0.04965753424657534
0 0.5558798999165971 0.3339041095890411 0.027522935779816515 0.0547945205479452
0 0.591326105087573 0.3792808219178082 0.026688907422852376 0.06678082191780822
0 0.6430358632193495 0.3998287671232877 0.0316930775646372 0.0702054794520548
0 0.7089241034195163 0.4041095890410959 0.030025020850708923 0.07876712328767123
0 0.718932443703086 0.2662671232876712 0.02335279399499583 0.05650684931506849
0 0.7397831526271893 0.2868150684931507 0.02335279399499583 0.053082191780821915
0 0.7289407839866555 0.23116438356164384 0.020016680567139282 0.04794520547945205
0 0.7343619683069225 0.1832191780821918 0.0158465387823186 0.0410958904109589
0 0.7677231025854879 0.2029109589041096 0.01751459549624687 0.04280821917808219
0 0.7589658048373644 0.17893835616438356 0.015012510425354461 0.04280821917808219
0 0.7998331943286072 0.19006849315068494 0.01834862385321101 0.0410958904109589
0 0.8102585487906588 0.2208904109589041 0.019182652210175146 0.0410958904109589
0 0.8327773144286906 0.21404109589041095 0.0158465387823186 0.04452054794520548
0 0.7852376980817348 0.2525684931506849 0.019182652210175146 0.05650684931506849
0 0.8010842368640534 0.2936643835616438 0.02418682235195997 0.059931506849315065
0 0.7798165137614679 0.4503424657534247 0.0316930775646372 0.09246575342465753
0 0.8577981651376146 0.4922945205479452 0.03419516263552961 0.09075342465753425
0 0.8753127606338615 0.4169520547945205 0.02585487906588824 0.06678082191780822
0 0.9553794829024187 0.4443493150684932 0.027522935779816515 0.07363013698630137
0 0.8394495412844036 0.3775684931506849 0.027522935779816515 0.06678082191780822
0 0.8607172643869891 0.3210616438356164 0.025020850708924104 0.053082191780821915
0 0.8832360300250208 0.2756849315068493 0.020016680567139282 0.04794520547945205
0 0.9132610508757297 0.3441780821917808 0.020016680567139282 0.05136986301369863
0 0.9416180150125104 0.3827054794520548 0.02335279399499583 0.06335616438356165
0 0.9674728940783986 0.3638698630136986 0.016680567139282735 0.059931506849315065
0 0.8628023352793995 0.22945205479452055 0.014178482068390326 0.0410958904109589
0 0.872393661384487 0.2268835616438356 0.013344453711426188 0.032534246575342464
0 0.8974145120934112 0.22517123287671234 0.015012510425354461 0.04280821917808219
0 0.8944954128440367 0.2585616438356164 0.0158465387823186 0.0410958904109589
0 0.9232693911592994 0.2679794520547945 0.015012510425354461 0.053082191780821915
0 0.9420350291909925 0.2422945205479452 0.012510425354462052 0.039383561643835614
0 0.9674728940783986 0.3184931506849315 0.016680567139282735 0.0410958904109589
0 0.9837364470391994 0.2594178082191781 0.01751459549624687 0.046232876712328765