0 0.20106382978723406 0.36302681992337166 0.04680851063829787 0.09386973180076628
0 0.31170212765957445 0.23275862068965517 0.023404255319148935 0.04789272030651341
0 0.3202127659574468 0.1925287356321839 0.019148936170212766 0.040229885057471264
0 0.350531914893617 0.19444444444444445 0.02021276595744681 0.040229885057471264
0 0.40691489361702127 0.19923371647509577 0.022340425531914895 0.04597701149425287
0 0.44840425531914896 0.20881226053639848 0.02021276595744681 0.038314176245210725
0 0.4377659574468085 0.1685823754789272 0.018085106382978722 0.038314176245210725
0 0.41914893617021276 0.1532567049808429 0.01702127659574468 0.038314176245210725
0 0.4563829787234043 0.1657088122605364 0.01702127659574468 0.03639846743295019
0 0.47712765957446807 0.18486590038314177 0.02446808510638298 0.044061302681992334
0 0.47393617021276596 0.15421455938697318 0.015957446808510637 0.032567049808429116
0 0.46063829787234045 0.13984674329501914 0.01276595744680851 0.02681992337164751
0 0.4968085106382979 0.12643678160919541 0.010638297872340425 0.02681992337164751
0 0.5037234042553191 0.14367816091954022 0.011702127659574468 0.03065134099616858
0 0.5085106382978724 0.21168582375478928 0.02127659574468085 0.040229885057471264
0 0.5537234042553192 0.17624521072796934 0.013829787234042552 0.038314176245210725
0 0.5138297872340426 0.2739463601532567 0.027659574468085105 0.06130268199233716
0 0.5813829787234043 0.28448275862068967 0.02872340425531915 0.06321839080459771
0 0.5957446808510638 0.23850574712643677 0.023404255319148935 0.04789272030651341
0 0.6287234042553191 0.29310344827586204 0.027659574468085105 0.06513409961685823
0 0.5218085106382979 0.15996168582375478 0.015957446808510637 0.028735632183908046
0 0.5175531914893617 0.1331417624521073 0.011702127659574468 0.02490421455938697
0 0.5106382978723404 0.11206896551724138 0.010638297872340425 0.0210727969348659
0 0.5409574468085107 0.13697318007662834 0.013829787234042552 0.028735632183908046
0 0.55 0.1206896551724138 0.01276595744680851 0.02681992337164751
0 0.574468085106383 0.13122605363984674 0.014893617021276596 0.032567049808429116
0 0.5888297872340426 0.16283524904214558 0.013829787234042552 0.034482758620689655
0 0.6 0.1388888888888889 0.01702127659574468 0.03639846743295019
0 0.625 0.15229885057471265 0.018085106382978722 0.032567049808429116
0 0.5872340425531914 0.10919540229885058 0.01276595744680851 0.02681992337164751
0 0.6095744680851064 0.09195402298850575 0.01276595744680851 0.022988505747126436
0 0.6042553191489362 0.11685823754789272 0.014893617021276596 0.022988505747126436
0 0.6308510638297873 0.12643678160919541 0.01702127659574468 0.022988505747126436
0 0.6388297872340426 0.1111111111111111 0.015957446808510637 0.022988505747126436
0 0.6303191489361702 0.09386973180076628 0.009574468085106383 0.02681992337164751
0 0.6590425531914894 0.10727969348659004 0.011702127659574468 0.02681992337164751
0 0.6664893617021277 0.11685823754789272 0.011702127659574468 0.022988505747126436
0 0.6787234042553192 0.11685823754789272 0.010638297872340425 0.022988505747126436
0 0.6898936170212766 0.12547892720306514 0.013829787234042552 0.032567049808429116
0 0.7095744680851064 0.1206896551724138 0.010638297872340425 0.03065134099616858
0 0.725 0.13409961685823754 0.015957446808510637 0.034482758620689655
0 0.7079787234042553 0.1532567049808429 0.015957446808510637 0.034482758620689655
0 0.6542553191489362 0.14655172413793102 0.02127659574468085 0.032567049808429116
0 0.6611702127659574 0.18486590038314177 0.018085106382978722 0.03639846743295019
0 0.6319148936170212 0.19540229885057472 0.02127659574468085 0.04980842911877394
0 0.627127659574468 0.24616858237547892 0.022340425531914895 0.044061302681992334
0 0.6686170212765957 0.210727969348659 0.02021276595744681 0.0421455938697318
0 0.675 0.2720306513409962 0.02446808510638298 0.04597701149425287
0 0.6835106382978723 0.3457854406130268 0.039361702127659576 0.07471264367816093
0 0.7553191489361702 0.33045977011494254 0.027659574468085105 0.06704980842911877
0 0.723404255319149 0.22030651340996169 0.023404255319148935 0.04980842911877394
0 0.700531914893617 0.21455938697318008 0.02021276595744681 0.0421455938697318
0 0.7425531914893617 0.16379310344827586 0.01702127659574468 0.03639846743295019
0 0.7590425531914894 0.11973180076628352 0.015957446808510637 0.03639846743295019
0 0.7675531914893617 0.14080459770114942 0.013829787234042552 0.032567049808429116
0 0.7872340425531915 0.13409961685823754 0.01276595744680851 0.034482758620689655
0 0.7978723404255319 0.1475095785440613 0.014893617021276596 0.034482758620689655
0 0.7781914893617021 0.1781609195402299 0.013829787234042552 0.034482758620689655
0 0.7920212765957447 0.20114942528735633 0.018085106382978722 0.0421455938697318
0 0.8127659574468085 0.19157088122605365 0.019148936170212766 0.038314176245210725
0 0.8281914893617022 0.17337164750957854 0.013829787234042552 0.03639846743295019
0 0.8430851063829787 0.15134099616858238 0.013829787234042552 0.02681992337164751
0 0.8420212765957447 0.20977011494252873 0.013829787234042552 0.040229885057471264
0 0.8569148936170212 0.20593869731800765 0.013829787234042552 0.044061302681992334
0 0.8643617021276596 0.17337164750957854 0.013829787234042552 0.032567049808429116
0 0.8792553191489362 0.16666666666666666 0.011702127659574468 0.02681992337164751
0 0.8797872340425532 0.14559386973180077 0.01276595744680851 0.03065134099616858
0 0.8909574468085106 0.19061302681992337 0.015957446808510637 0.03639846743295019
0 0.9031914893617021 0.1810344827586207 0.01276595744680851 0.03639846743295019
0 0.9117021276595745 0.16379310344827586 0.014893617021276596 0.040229885057471264
0 0.9404255319148936 0.19444444444444445 0.01702127659574468 0.03639846743295019
0 0.9404255319148936 0.1685823754789272 0.01276595744680851 0.03065134099616858
0 0.923936170212766 0.24233716475095785 0.015957446808510637 0.044061302681992334
0 0.9170212765957447 0.32375478927203066 0.02553191489361702 0.06896551724137931
0 0.925531914893617 0.2950191570881226 0.023404255319148935 0.04597701149425287
0 0.8787234042553191 0.2662835249042146 0.027659574468085105 0.06130268199233716
0 0.8851063829787233 0.22126436781609196 0.019148936170212766 0.03639846743295019
0 0.850531914893617 0.2988505747126437 0.026595744680851064 0.06130268199233716
0 0.8117021276595745 0.2825670498084291 0.019148936170212766 0.04789272030651341
0 0.8292553191489361 0.35727969348659006 0.035106382978723406 0.06321839080459771
0 0.7914893617021277 0.2681992337164751 0.02553191489361702 0.05363984674329502