0 0.15634517766497463 0.4483695652173913 0.06091370558375635 0.125
0 0.3751269035532995 0.22916666666666666 0.019289340101522844 0.03804347826086957
0 0.39238578680203046 0.23007246376811594 0.025380710659898477 0.050724637681159424
0 0.3730964467005076 0.18931159420289856 0.02131979695431472 0.03804347826086957
0 0.39695431472081216 0.16304347826086957 0.02030456852791878 0.036231884057971016
0 0.42690355329949237 0.16757246376811594 0.019289340101522844 0.034420289855072464
0 0.43299492385786803 0.19655797101449277 0.019289340101522844 0.03804347826086957
0 0.44416243654822335 0.24547101449275363 0.027411167512690356 0.041666666666666664
0 0.41878172588832485 0.22554347826086957 0.02131979695431472 0.03804347826086957
0 0.467005076142132 0.23369565217391305 0.02233502538071066 0.043478260869565216
0 0.46802030456852795 0.18659420289855072 0.018274111675126905 0.036231884057971016
0 0.4649746192893401 0.15579710144927536 0.018274111675126905 0.03260869565217391
0 0.4532994923857868 0.151268115942029 0.015228426395939087 0.034420289855072464
0 0.4370558375634518 0.1403985507246377 0.015228426395939087 0.030797101449275364
0 0.48375634517766497 0.1403985507246377 0.013197969543147208 0.034420289855072464
0 0.49441624365482234 0.11865942028985507 0.01015228426395939 0.02355072463768116
0 0.5324873096446701 0.15579710144927536 0.017258883248730966 0.03260869565217391
0 0.5015228426395939 0.19746376811594202 0.02030456852791878 0.04710144927536232
0 0.5314720812182742 0.1947463768115942 0.019289340101522844 0.041666666666666664
0 0.5527918781725888 0.1585144927536232 0.017258883248730966 0.03804347826086957
0 0.5720812182741116 0.13677536231884058 0.017258883248730966 0.034420289855072464
0 0.5309644670050762 0.13405797101449277 0.012182741116751269 0.025362318840579712
0 0.583756345177665 0.16757246376811594 0.02030456852791878 0.041666666666666664
0 0.582741116751269 0.10597826086956522 0.014213197969543147 0.02717391304347826
0 0.6030456852791878 0.1286231884057971 0.018274111675126905 0.036231884057971016
0 0.617258883248731 0.14130434782608695 0.016243654822335026 0.03260869565217391
0 0.6208121827411167 0.11865942028985507 0.015228426395939087 0.02717391304347826
0 0.6035532994923858 0.09873188405797101 0.013197969543147208 0.02355072463768116
0 0.6553299492385787 0.09782608695652174 0.019289340101522844 0.03260869565217391
0 0.6593908629441624 0.1331521739130435 0.017258883248730966 0.034420289855072464
0 0.6842639593908629 0.11775362318840579 0.014213197969543147 0.03260869565217391
0 0.6989847715736041 0.11594202898550725 0.013197969543147208 0.028985507246376812
0 0.6365482233502539 0.21739130434782608 0.02030456852791878 0.043478260869565216
0 0.6065989847715736 0.25271739130434784 0.03147208121827411 0.06702898550724638
0 0.5558375634517766 0.2717391304347826 0.025380710659898477 0.04710144927536232
0 0.6223350253807106 0.296195652173913 0.028426395939086295 0.05615942028985507
0 0.6928934010152284 0.3197463768115942 0.03350253807106599 0.05615942028985507
0 0.7228426395939086 0.2817028985507246 0.03248730964467005 0.07065217391304347
0 0.751269035532995 0.24003623188405798 0.02233502538071066 0.04891304347826087
0 0.7477157360406091 0.2028985507246377 0.02131979695431472 0.04710144927536232
0 0.7274111675126903 0.1693840579710145 0.019289340101522844 0.041666666666666664
0 0.7121827411167513 0.1539855072463768 0.015228426395939087 0.043478260869565216
0 0.7025380710659899 0.1983695652173913 0.02030456852791878 0.04528985507246377
0 0.6913705583756345 0.16485507246376813 0.02030456852791878 0.03985507246376811
0 0.6781725888324873 0.1802536231884058 0.02030456852791878 0.04528985507246377
0 0.7390862944162436 0.1322463768115942 0.02030456852791878 0.036231884057971016
0 0.7624365482233503 0.14402173913043478 0.018274111675126905 0.034420289855072464
0 0.7857868020304568 0.12771739130434784 0.02030456852791878 0.041666666666666664
0 0.7857868020304568 0.15579710144927536 0.018274111675126905 0.03985507246376811
0 0.7730964467005076 0.18478260869565216 0.02131979695431472 0.04710144927536232
0 0.8101522842639594 0.24365942028985507 0.024365482233502538 0.05615942028985507
0 0.782741116751269 0.2318840579710145 0.026395939086294416 0.043478260869565216
0 0.8314720812182741 0.33152173913043476 0.028426395939086295 0.06884057971014493
0 0.8314720812182741 0.2318840579710145 0.018274111675126905 0.04710144927536232
0 0.817766497461929 0.1721014492753623 0.019289340101522844 0.03985507246376811
0 0.8380710659898477 0.15579710144927536 0.017258883248730966 0.050724637681159424
0 0.8563451776649746 0.19202898550724637 0.015228426395939087 0.036231884057971016
0 0.8725888324873097 0.17844202898550723 0.013197969543147208 0.034420289855072464
0 0.8934010152284264 0.1983695652173913 0.016243654822335026 0.034420289855072464
0 0.8908629441624365 0.23097826086956522 0.02131979695431472 0.041666666666666664
0 0.882741116751269 0.2644927536231884 0.02131979695431472 0.05434782608695652
0 0.918274111675127 0.3197463768115942 0.025380710659898477 0.05615942028985507
0 0.9451776649746193 0.2164855072463768 0.016243654822335026 0.04891304347826087
0 0.9390862944162437 0.16485507246376813 0.016243654822335026 0.043478260869565216