0 0.21365853658536585 0.3619791666666667 0.03902439024390244 0.08159722222222222
0 0.30878048780487805 0.2378472222222222 0.018536585365853658 0.03819444444444445
0 0.3175609756097561 0.2170138888888889 0.018536585365853658 0.03125
0 0.33414634146341465 0.2387152777777778 0.018536585365853658 0.03993055555555555
0 0.3463414634146341 0.203125 0.015609756097560976 0.03125
0 0.3521951219512195 0.1779513888888889 0.013658536585365854 0.029513888888888888
0 0.37414634146341463 0.20052083333333334 0.018536585365853658 0.036458333333333336
0 0.3770731707317073 0.2456597222222222 0.018536585365853658 0.03993055555555555
0 0.41121951219512193 0.24305555555555555 0.02048780487804878 0.041666666666666664
0 0.4 0.19444444444444445 0.0175609756097561 0.03125
0 0.4117073170731707 0.20399305555555555 0.01951219512195122 0.029513888888888888
0 0.4141463414634146 0.16927083333333334 0.016585365853658537 0.029513888888888888
0 0.4346341463414634 0.140625 0.012682926829268294 0.027777777777777776
0 0.45121951219512196 0.21961805555555555 0.02048780487804878 0.03993055555555555
0 0.4424390243902439 0.1779513888888889 0.02048780487804878 0.036458333333333336
0 0.4624390243902439 0.14930555555555555 0.015609756097560976 0.03125
0 0.47365853658536583 0.1328125 0.016585365853658537 0.022569444444444444
0 0.4814634146341463 0.1545138888888889 0.014634146341463415 0.034722222222222224
0 0.4878048780487805 0.18489583333333334 0.015609756097560976 0.036458333333333336
0 0.4853658536585366 0.2230902777777778 0.0224390243902439 0.03993055555555555
0 0.4926829268292683 0.2743055555555556 0.02926829268292683 0.059027777777777776
0 0.4946341463414634 0.13975694444444445 0.015609756097560976 0.029513888888888888
0 0.5058536585365854 0.125 0.010731707317073172 0.024305555555555556
0 0.5117073170731707 0.14930555555555555 0.016585365853658537 0.03125
0 0.5185365853658537 0.13368055555555555 0.014634146341463415 0.020833333333333332
0 0.5282926829268293 0.1267361111111111 0.012682926829268294 0.027777777777777776
0 0.52 0.171875 0.015609756097560976 0.034722222222222224
0 0.5575609756097561 0.1796875 0.014634146341463415 0.036458333333333336
0 0.5526829268292683 0.15711805555555555 0.014634146341463415 0.029513888888888888
0 0.5565853658536586 0.13802083333333334 0.010731707317073172 0.022569444444444444
0 0.5565853658536586 0.125 0.014634146341463415 0.027777777777777776
0 0.5795121951219512 0.1171875 0.013658536585365854 0.029513888888888888
0 0.5912195121951219 0.11197916666666667 0.013658536585365854 0.029513888888888888
0 0.5892682926829268 0.1423611111111111 0.0175609756097561 0.03125
0 0.588780487804878 0.17274305555555555 0.014634146341463415 0.03298611111111111
0 0.628780487804878 0.15104166666666666 0.014634146341463415 0.03125
0 0.6195121951219512 0.1267361111111111 0.011707317073170732 0.024305555555555556
0 0.6107317073170732 0.11631944444444445 0.011707317073170732 0.03125
0 0.6195121951219512 0.10677083333333333 0.00975609756097561 0.022569444444444444
0 0.6390243902439025 0.11631944444444445 0.015609756097560976 0.024305555555555556
0 0.6565853658536586 0.11979166666666667 0.011707317073170732 0.027777777777777776
0 0.6639024390243903 0.1467013888888889 0.012682926829268294 0.03298611111111111
0 0.671219512195122 0.1015625 0.011707317073170732 0.026041666666666668
0 0.6897560975609756 0.1171875 0.013658536585365854 0.029513888888888888
0 0.697560975609756 0.09895833333333333 0.011707317073170732 0.024305555555555556
0 0.7248780487804878 0.1111111111111111 0.011707317073170732 0.024305555555555556
0 0.7063414634146341 0.1484375 0.015609756097560976 0.029513888888888888
0 0.7092682926829268 0.1796875 0.0175609756097561 0.043402777777777776
0 0.6721951219512196 0.1875 0.021463414634146343 0.03819444444444445
0 0.6341463414634146 0.2361111111111111 0.021463414634146343 0.04861111111111111
0 0.6253658536585366 0.22395833333333334 0.0175609756097561 0.034722222222222224
0 0.5692682926829268 0.2543402777777778 0.0224390243902439 0.03993055555555555
0 0.5546341463414635 0.2777777777777778 0.024390243902439025 0.04861111111111111
0 0.6092682926829268 0.3385416666666667 0.02829268292682927 0.06597222222222222
0 0.6941463414634146 0.3038194444444444 0.024390243902439025 0.05555555555555555
0 0.686829268292683 0.2717013888888889 0.023414634146341463 0.050347222222222224
0 0.7234146341463414 0.2326388888888889 0.018536585365853658 0.04513888888888889
0 0.7331707317073171 0.3003472222222222 0.02829268292682927 0.05555555555555555
0 0.7746341463414634 0.2517361111111111 0.025365853658536587 0.04861111111111111
0 0.7648780487804878 0.1953125 0.021463414634146343 0.03993055555555555
0 0.7551219512195122 0.171875 0.0175609756097561 0.03125
0 0.7395121951219512 0.1388888888888889 0.015609756097560976 0.034722222222222224
0 0.7565853658536585 0.1284722222222222 0.012682926829268294 0.03125
0 0.7790243902439025 0.15711805555555555 0.016585365853658537 0.029513888888888888
0 0.786829268292683 0.13802083333333334 0.012682926829268294 0.026041666666666668
0 0.8029268292682927 0.1623263888888889 0.013658536585365854 0.029513888888888888
0 0.8141463414634146 0.1519097222222222 0.014634146341463415 0.029513888888888888
0 0.8097560975609757 0.2048611111111111 0.015609756097560976 0.034722222222222224
0 0.8253658536585365 0.2439236111111111 0.021463414634146343 0.050347222222222224
0 0.78 0.3463541666666667 0.024390243902439025 0.046875
0 0.7468292682926829 0.40625 0.03219512195121951 0.0763888888888889
0 0.8195121951219512 0.4045138888888889 0.037073170731707315 0.0625
0 0.8380487804878048 0.3585069444444444 0.027317073170731707 0.050347222222222224
0 0.9087804878048781 0.4270833333333333 0.03219512195121951 0.07291666666666667
0 0.9185365853658537 0.34375 0.02829268292682927 0.0625
0 0.9287804878048781 0.2855902777777778 0.021463414634146343 0.043402777777777776
0 0.8965853658536586 0.23177083333333334 0.0175609756097561 0.03993055555555555
0 0.8736585365853659 0.2682291666666667 0.0224390243902439 0.05381944444444445
0 0.9409756097560975 0.2109375 0.016585365853658537 0.043402777777777776