0 0.3326923076923077 0.2993421052631579 0.021153846153846155 0.039473684210526314
0 0.34471153846153846 0.23355263157894737 0.0125 0.039473684210526314
0 0.35721153846153847 0.22615131578947367 0.020192307692307693 0.03782894736842105
0 0.41586538461538464 0.29769736842105265 0.022115384615384617 0.039473684210526314
0 0.39375 0.22286184210526316 0.0125 0.03453947368421053
0 0.4081730769230769 0.21217105263157895 0.016346153846153847 0.039473684210526314
0 0.4283653846153846 0.24177631578947367 0.01826923076923077 0.03289473684210526
0 0.4576923076923077 0.20888157894736842 0.019230769230769232 0.03618421052631579
0 0.47692307692307695 0.17434210526315788 0.021153846153846155 0.03289473684210526
0 0.4701923076923077 0.2680921052631579 0.021153846153846155 0.03289473684210526
0 0.49375 0.2236842105263158 0.022115384615384617 0.03618421052631579
0 0.5230769230769231 0.16200657894736842 0.023076923076923078 0.03453947368421053
0 0.541826923076923 0.17351973684210525 0.014423076923076924 0.03782894736842105
0 0.5576923076923077 0.16036184210526316 0.023076923076923078 0.03125
0 0.5307692307692308 0.203125 0.021153846153846155 0.03782894736842105
0 0.5764423076923076 0.18009868421052633 0.020192307692307693 0.03453947368421053
0 0.5956730769230769 0.1669407894736842 0.020192307692307693 0.03453947368421053
0 0.5639423076923077 0.2631578947368421 0.025961538461538463 0.04276315789473684
0 0.6019230769230769 0.26480263157894735 0.026923076923076925 0.049342105263157895
0 0.5711538461538461 0.3190789473684211 0.025 0.049342105263157895
0 0.6533653846153846 0.3100328947368421 0.025961538461538463 0.06414473684210527
0 0.6543269230769231 0.20559210526315788 0.016346153846153847 0.04276315789473684
0 0.6677884615384615 0.21792763157894737 0.02403846153846154 0.047697368421052634
0 0.6947115384615384 0.16940789473684212 0.016346153846153847 0.03289473684210526
0 0.7725961538461539 0.14309210526315788 0.01826923076923077 0.029605263157894735
0 0.7355769230769231 0.17105263157894737 0.01730769230769231 0.03618421052631579
0 0.7403846153846154 0.1981907894736842 0.01730769230769231 0.047697368421052634
0 0.7115384615384616 0.2393092105263158 0.021153846153846155 0.044407894736842105
0 0.7379807692307693 0.26398026315789475 0.027884615384615386 0.054276315789473686
0 0.7730769230769231 0.23766447368421054 0.019230769230769232 0.047697368421052634
0 0.7817307692307692 0.203125 0.021153846153846155 0.04111842105263158
0 0.7995192307692308 0.14967105263157895 0.014423076923076924 0.03289473684210526
0 0.8278846153846153 0.17023026315789475 0.019230769230769232 0.03453947368421053
0 0.7668269230769231 0.3618421052631579 0.035576923076923075 0.07236842105263158
0 0.7841346153846154 0.30098684210526316 0.02403846153846154 0.05263157894736842
0 0.8153846153846154 0.2557565789473684 0.025 0.06085526315789474
0 0.8317307692307693 0.22697368421052633 0.023076923076923078 0.049342105263157895
0 0.8634615384615385 0.15625 0.01730769230769231 0.03289473684210526
0 0.8884615384615384 0.2080592105263158 0.019230769230769232 0.03782894736842105
0 0.8533653846153846 0.20559210526315788 0.020192307692307693 0.03618421052631579
0 0.8721153846153846 0.27055921052631576 0.025 0.054276315789473686
0 0.8475961538461538 0.31743421052631576 0.02403846153846154 0.049342105263157895
0 0.9206730769230769 0.26973684210526316 0.03173076923076923 0.05263157894736842
0 0.7697115384615385 0.1875 0.022115384615384617 0.039473684210526314
0 0.6149038461538462 0.11348684210526316 0.016346153846153847 0.02631578947368421
0 0.6057692307692307 0.23519736842105263 0.028846153846153848 0.04276315789473684