0 0.06552044609665428 0.3929159802306425 0.03810408921933085 0.07084019769357495
0 0.2555762081784387 0.27924217462932455 0.016728624535315983 0.03459637561779242
0 0.2829925650557621 0.2660626029654036 0.017657992565055763 0.02800658978583196
0 0.3006505576208178 0.2644151565074135 0.015799256505576207 0.044481054365733116
0 0.30808550185873607 0.23476112026359144 0.017657992565055763 0.03130148270181219
0 0.32388475836431224 0.24629324546952225 0.017657992565055763 0.03130148270181219
0 0.34014869888475835 0.2751235584843493 0.020446096654275093 0.042833607907743
0 0.400092936802974 0.2841845140032949 0.023234200743494422 0.047775947281713346
0 0.36988847583643125 0.21252059308072488 0.016728624535315983 0.029654036243822075
0 0.3805762081784387 0.21499176276771004 0.015799256505576207 0.03789126853377265
0 0.3856877323420074 0.19604612850082373 0.016728624535315983 0.029654036243822075
0 0.4070631970260223 0.17380560131795716 0.016728624535315983 0.03130148270181219
0 0.40566914498141265 0.22817133443163098 0.015799256505576207 0.03130148270181219
0 0.4284386617100372 0.1902800658978583 0.01486988847583643 0.03130148270181219
0 0.4433085501858736 0.19439868204283361 0.016728624535315983 0.029654036243822075
0 0.44144981412639406 0.22405271828665568 0.016728624535315983 0.039538714991762765
0 0.4637546468401487 0.23064250411861614 0.022304832713754646 0.036243822075782535
0 0.4628252788104089 0.19439868204283361 0.01486988847583643 0.032948929159802305
0 0.4837360594795539 0.19522240527182866 0.017657992565055763 0.03130148270181219
0 0.45724907063197023 0.16803953871499178 0.013011152416356878 0.026359143327841845
0 0.46236059479553904 0.15403624382207579 0.017657992565055763 0.03130148270181219
0 0.4837360594795539 0.16227347611202636 0.02137546468401487 0.03130148270181219
0 0.4851301115241636 0.12932454695222406 0.011152416356877323 0.0214168039538715
0 0.5153345724907064 0.1630971993410214 0.015799256505576207 0.029654036243822075
0 0.5162639405204461 0.13591433278418452 0.012081784386617101 0.02471169686985173
0 0.5260223048327137 0.13920922570016475 0.013011152416356878 0.02800658978583196
0 0.5385687732342007 0.15650741350906094 0.013940520446096654 0.032948929159802305
0 0.5325278810408922 0.200164744645799 0.01858736059479554 0.03789126853377265
0 0.5515799256505576 0.13838550247116968 0.013940520446096654 0.029654036243822075
0 0.5599442379182156 0.11120263591433278 0.012081784386617101 0.02471169686985173
0 0.5724907063197026 0.1630971993410214 0.01858736059479554 0.042833607907743
0 0.5808550185873605 0.13179571663920922 0.00929368029739777 0.026359143327841845
0 0.5938661710037175 0.14662273476112025 0.01858736059479554 0.032948929159802305
0 0.6059479553903345 0.12767710049423395 0.013011152416356878 0.02800658978583196
0 0.5961895910780669 0.09967051070840198 0.013940520446096654 0.02800658978583196
0 0.6217472118959108 0.09967051070840198 0.01486988847583643 0.02471169686985173
0 0.6338289962825279 0.12273476112026359 0.013011152416356878 0.018121911037891267
0 0.6468401486988847 0.09802306425041186 0.013011152416356878 0.02800658978583196
0 0.6672862453531598 0.1243822075782537 0.013011152416356878 0.02800658978583196
0 0.6816914498141264 0.1013179571663921 0.013940520446096654 0.02800658978583196
0 0.6849442379182156 0.14332784184514002 0.01486988847583643 0.032948929159802305
0 0.7091078066914498 0.14332784184514002 0.01486988847583643 0.036243822075782535
0 0.7049256505576208 0.1828665568369028 0.017657992565055763 0.036243822075782535
0 0.6435873605947955 0.18533772652388797 0.023234200743494422 0.03459637561779242
0 0.6398698884758365 0.23064250411861614 0.019516728624535316 0.04612850082372323
0 0.599907063197026 0.2042833607907743 0.02137546468401487 0.036243822075782535
0 0.570631970260223 0.24299835255354202 0.022304832713754646 0.04118616144975288
0 0.6092007434944238 0.25123558484349257 0.02509293680297398 0.047775947281713346
0 0.6589219330855018 0.25617792421746294 0.022304832713754646 0.047775947281713346
0 0.6909851301115242 0.22405271828665568 0.019516728624535316 0.042833607907743
0 0.7170074349442379 0.2800658978583196 0.02509293680297398 0.05271828665568369
0 0.6672862453531598 0.35337726523887975 0.031598513011152414 0.0642504118616145
0 0.6073420074349443 0.328665568369028 0.02695167286245353 0.0642504118616145
0 0.554368029739777 0.28912685337726524 0.028810408921933085 0.054365733113673806
0 0.48280669144981414 0.30642504118616143 0.02509293680297398 0.04942339373970346
0 0.7342007434944238 0.12355848434925865 0.013011152416356878 0.029654036243822075
0 0.7481412639405205 0.10626029654036244 0.011152416356877323 0.02800658978583196
0 0.7411710037174721 0.14991762767710048 0.013940520446096654 0.026359143327841845
0 0.7365241635687733 0.17298187808896212 0.015799256505576207 0.032948929159802305
0 0.7304832713754646 0.19934102141680396 0.01858736059479554 0.039538714991762765
0 0.7444237918215614 0.25205930807248766 0.020446096654275093 0.04942339373970346
0 0.7820631970260223 0.2825370675453048 0.028810408921933085 0.057660626029654036
0 0.8150557620817844 0.2545304777594728 0.020446096654275093 0.047775947281713346
0 0.7555762081784386 0.171334431630972 0.01486988847583643 0.036243822075782535
0 0.7978624535315985 0.18698517298187808 0.015799256505576207 0.03459637561779242
0 0.7639405204460966 0.13179571663920922 0.013011152416356878 0.026359143327841845
0 0.7732342007434945 0.12191103789126853 0.011152416356877323 0.026359143327841845
0 0.7862453531598513 0.13838550247116968 0.011152416356877323 0.029654036243822075
0 0.8006505576208178 0.13756177924217464 0.012081784386617101 0.02471169686985173
0 0.8285315985130112 0.14332784184514002 0.013940520446096654 0.032948929159802305
0 0.8471189591078067 0.14909390444810544 0.015799256505576207 0.03459637561779242
0 0.862453531598513 0.1301482701812191 0.013011152416356878 0.026359143327841845
0 0.8657063197026023 0.15815485996705106 0.013940520446096654 0.036243822075782535
0 0.891728624535316 0.1301482701812191 0.012081784386617101 0.029654036243822075
0 0.8907992565055762 0.16227347611202636 0.012081784386617101 0.02471169686985173
0 0.9205390334572491 0.15650741350906094 0.010223048327137546 0.023064250411861616
0 0.9177509293680297 0.17545304777594728 0.013940520446096654 0.02800658978583196
0 0.921003717472119 0.20840197693574958 0.016728624535315983 0.03789126853377265
0 0.8801115241635687 0.1985172981878089 0.01486988847583643 0.03789126853377265
0 0.8396840148698885 0.18451400329489293 0.015799256505576207 0.042833607907743
0 0.8350371747211895 0.17051070840197693 0.015799256505576207 0.03459637561779242
0 0.8619888475836431 0.22075782537067545 0.015799256505576207 0.04612850082372323
0 0.9149628252788105 0.2833607907742998 0.023234200743494422 0.05271828665568369