0 0.23043052837573386 0.27461139896373055 0.030332681017612523 0.04835924006908463
0 0.37818003913894327 0.27202072538860106 0.02837573385518591 0.03626943005181347
0 0.40998043052837574 0.2763385146804836 0.029354207436399216 0.055267702936096716
0 0.4608610567514677 0.22107081174438686 0.021526418786692758 0.044905008635578586
0 0.4863013698630137 0.307426597582038 0.029354207436399216 0.06563039723661486
0 0.5376712328767124 0.3290155440414508 0.026418786692759294 0.05008635578583765
0 0.589041095890411 0.38946459412780654 0.03718199608610567 0.05699481865284974
0 0.6340508806262231 0.2452504317789292 0.0273972602739726 0.031088082901554404
0 0.6761252446183953 0.20898100172711573 0.025440313111545987 0.04835924006908463
0 0.7891389432485323 0.27806563039723664 0.026418786692759294 0.04145077720207254
0 0.850293542074364 0.31001727115716754 0.025440313111545987 0.046632124352331605
0 0.9055772994129159 0.14853195164075994 0.018590998043052837 0.027633851468048358
0 0.9363992172211351 0.15803108808290156 0.021526418786692758 0.04317789291882556
0 0.5694716242661448 0.13471502590673576 0.023483365949119372 0.031088082901554404
0 0.5958904109589042 0.11658031088082901 0.019569471624266144 0.03626943005181347
0 0.41731898238747556 0.16321243523316062 0.02446183953033268 0.03281519861830743