0 0.07897196261682243 0.4132996632996633 0.04018691588785047 0.08249158249158249
0 0.2588785046728972 0.25925925925925924 0.014953271028037384 0.030303030303030304
0 0.2794392523364486 0.2601010101010101 0.016822429906542057 0.03535353535353535
0 0.29345794392523367 0.25841750841750843 0.020560747663551402 0.03872053872053872
0 0.3233644859813084 0.21464646464646464 0.016822429906542057 0.03198653198653199
0 0.34579439252336447 0.21548821548821548 0.018691588785046728 0.030303030303030304
0 0.3322429906542056 0.24915824915824916 0.017757009345794394 0.037037037037037035
0 0.3378504672897196 0.2845117845117845 0.02336448598130841 0.037037037037037035
0 0.37009345794392523 0.20875420875420875 0.014953271028037384 0.030303030303030304
0 0.3855140186915888 0.19276094276094277 0.01588785046728972 0.025252525252525252
0 0.38691588785046727 0.2239057239057239 0.020560747663551402 0.03367003367003367
0 0.4074766355140187 0.23316498316498316 0.020560747663551402 0.03872053872053872
0 0.40373831775700936 0.28535353535353536 0.022429906542056073 0.05555555555555555
0 0.40654205607476634 0.17255892255892255 0.013084112149532711 0.025252525252525252
0 0.42336448598130844 0.18181818181818182 0.016822429906542057 0.026936026936026935
0 0.44532710280373833 0.18686868686868688 0.017757009345794394 0.03367003367003367
0 0.4392523364485981 0.2281144781144781 0.018691588785046728 0.03872053872053872
0 0.46401869158878506 0.24494949494949494 0.02149532710280374 0.03535353535353535
0 0.4504672897196262 0.14562289562289563 0.014953271028037384 0.02861952861952862
0 0.4588785046728972 0.17003367003367004 0.014953271028037384 0.030303030303030304
0 0.47897196261682246 0.18434343434343434 0.01588785046728972 0.03198653198653199
0 0.47990654205607475 0.15993265993265993 0.017757009345794394 0.03367003367003367
0 0.4742990654205608 0.14646464646464646 0.01588785046728972 0.030303030303030304
0 0.48598130841121495 0.13131313131313133 0.013084112149532711 0.02356902356902357
0 0.4976635514018692 0.14646464646464646 0.01588785046728972 0.03367003367003367
0 0.5233644859813084 0.15235690235690236 0.016822429906542057 0.03198653198653199
0 0.5336448598130841 0.12878787878787878 0.014953271028037384 0.02861952861952862
0 0.555607476635514 0.1111111111111111 0.012149532710280374 0.02356902356902357
0 0.5616822429906542 0.14309764309764308 0.020560747663551402 0.03367003367003367
0 0.5406542056074767 0.1675084175084175 0.02149532710280374 0.03535353535353535
0 0.5042056074766356 0.20117845117845118 0.019626168224299065 0.04208754208754209
0 0.5275700934579439 0.21885521885521886 0.02336448598130841 0.04040404040404041
0 0.5827102803738318 0.12878787878787878 0.014018691588785047 0.03198653198653199
0 0.5813084112149532 0.15656565656565657 0.020560747663551402 0.04040404040404041
0 0.5929906542056075 0.09764309764309764 0.014018691588785047 0.026936026936026935
0 0.6098130841121495 0.10942760942760943 0.010280373831775701 0.026936026936026935
0 0.6130841121495327 0.14393939393939395 0.020560747663551402 0.04208754208754209
0 0.6233644859813084 0.09427609427609428 0.009345794392523364 0.026936026936026935
0 0.6378504672897196 0.10101010101010101 0.010280373831775701 0.030303030303030304
0 0.6457943925233645 0.1069023569023569 0.011214953271028037 0.025252525252525252
0 0.6686915887850468 0.117003367003367 0.012149532710280374 0.025252525252525252
0 0.6906542056074766 0.09175084175084175 0.013084112149532711 0.03198653198653199
0 0.733177570093458 0.117003367003367 0.014018691588785047 0.03198653198653199
0 0.75 0.10185185185185185 0.012149532710280374 0.025252525252525252
0 0.7799065420560748 0.10942760942760943 0.012149532710280374 0.030303030303030304
0 0.7682242990654206 0.12457912457912458 0.013084112149532711 0.030303030303030304
0 0.7967289719626168 0.13047138047138046 0.012149532710280374 0.03198653198653199
0 0.8098130841121496 0.12121212121212122 0.010280373831775701 0.026936026936026935
0 0.8289719626168224 0.13383838383838384 0.014953271028037384 0.03198653198653199
0 0.8677570093457944 0.12121212121212122 0.014018691588785047 0.037037037037037035
0 0.8906542056074767 0.12373737373737374 0.013084112149532711 0.03198653198653199
0 0.9247663551401869 0.14898989898989898 0.012149532710280374 0.02861952861952862
0 0.7042056074766355 0.14225589225589225 0.014018691588785047 0.02861952861952862
0 0.6827102803738317 0.14898989898989898 0.01588785046728972 0.03198653198653199
0 0.7411214953271028 0.1388888888888889 0.016822429906542057 0.02861952861952862
0 0.6967289719626168 0.1750841750841751 0.01588785046728972 0.030303030303030304
0 0.6560747663551402 0.18181818181818182 0.016822429906542057 0.04040404040404041
0 0.6102803738317757 0.2037037037037037 0.018691588785046728 0.03367003367003367
0 0.5546728971962617 0.2441077441077441 0.02336448598130841 0.03367003367003367
0 0.48130841121495327 0.30892255892255893 0.026168224299065422 0.05218855218855219
0 0.5607476635514018 0.29124579124579125 0.024299065420560748 0.04713804713804714
0 0.5976635514018691 0.33164983164983164 0.027102803738317756 0.05387205387205387
0 0.6761682242990654 0.34764309764309764 0.02897196261682243 0.058922558922558925
0 0.608411214953271 0.27525252525252525 0.028037383177570093 0.04208754208754209
0 0.6668224299065421 0.25252525252525254 0.02897196261682243 0.050505050505050504
0 0.8 0.16835016835016836 0.018691588785046728 0.04713804713804714
0 0.8107476635514018 0.15993265993265993 0.017757009345794394 0.03367003367003367
0 0.847196261682243 0.17087542087542087 0.01588785046728972 0.02861952861952862
0 0.8654205607476636 0.1574074074074074 0.013084112149532711 0.02861952861952862
0 0.9200934579439253 0.1893939393939394 0.019626168224299065 0.03872053872053872
0 0.8953271028037383 0.17929292929292928 0.020560747663551402 0.03198653198653199
0 0.8813084112149533 0.1978114478114478 0.016822429906542057 0.03198653198653199
0 0.8658878504672897 0.2255892255892256 0.02149532710280374 0.04377104377104377
0 0.9196261682242991 0.28114478114478114 0.024299065420560748 0.05387205387205387
0 0.7542056074766356 0.17592592592592593 0.018691588785046728 0.02861952861952862
0 0.7168224299065421 0.16666666666666666 0.018691588785046728 0.030303030303030304
0 0.7350467289719627 0.20454545454545456 0.02149532710280374 0.03535353535353535
0 0.7579439252336448 0.2281144781144781 0.024299065420560748 0.05218855218855219
0 0.7060747663551402 0.21801346801346802 0.02336448598130841 0.05218855218855219
0 0.7065420560747664 0.2962962962962963 0.03177570093457944 0.04377104377104377
0 0.7780373831775701 0.2904040404040404 0.02336448598130841 0.05555555555555555