0 0.8821070234113713 0.25285714285714284 0.010033444816053512 0.02857142857142857
0 0.8482441471571907 0.2507142857142857 0.010869565217391304 0.03
0 0.8653846153846154 0.2664285714285714 0.011705685618729096 0.032857142857142856
0 0.8595317725752508 0.275 0.015050167224080268 0.03571428571428571
0 0.9017558528428093 0.27714285714285714 0.01254180602006689 0.03142857142857143
0 0.9452341137123745 0.27785714285714286 0.010869565217391304 0.024285714285714285
0 0.9414715719063546 0.30214285714285716 0.011705685618729096 0.03571428571428571
0 0.8988294314381271 0.3057142857142857 0.015050167224080268 0.03428571428571429
0 0.9201505016722408 0.3192857142857143 0.01588628762541806 0.03857142857142857
0 0.9347826086956522 0.3457142857142857 0.01839464882943144 0.04285714285714286
0 0.8896321070234113 0.33 0.016722408026755852 0.04
0 0.8678929765886287 0.3678571428571429 0.01839464882943144 0.055714285714285716
0 0.9126254180602007 0.4564285714285714 0.024247491638795988 0.06428571428571428
0 0.8545150501672241 0.4407142857142857 0.026755852842809364 0.06142857142857143
0 0.842391304347826 0.52 0.025919732441471572 0.06857142857142857
0 0.8173076923076923 0.3585714285714286 0.017558528428093644 0.045714285714285714
0 0.842809364548495 0.335 0.015050167224080268 0.041428571428571426
0 0.7775919732441472 0.4207142857142857 0.02508361204013378 0.055714285714285716
0 0.7796822742474916 0.2807142857142857 0.014214046822742474 0.03571428571428571
0 0.8244147157190636 0.30357142857142855 0.013377926421404682 0.03857142857142857
0 0.8461538461538461 0.3171428571428571 0.015050167224080268 0.04
0 0.830267558528428 0.27785714285714286 0.015050167224080268 0.032857142857142856
0 0.7679765886287625 0.23142857142857143 0.01254180602006689 0.03142857142857143
0 0.7479096989966555 0.24214285714285713 0.014214046822742474 0.03571428571428571
0 0.7474916387959866 0.2571428571428571 0.013377926421404682 0.03428571428571429
0 0.7658862876254181 0.26071428571428573 0.013377926421404682 0.032857142857142856
0 0.7855351170568562 0.24357142857142858 0.01254180602006689 0.03571428571428571
0 0.7918060200668896 0.245 0.015050167224080268 0.03
0 0.7324414715719063 0.28214285714285714 0.015050167224080268 0.03571428571428571
0 0.7031772575250836 0.21785714285714286 0.011705685618729096 0.027142857142857142
0 0.7061036789297659 0.24 0.01254180602006689 0.03142857142857143
0 0.6797658862876255 0.22642857142857142 0.011705685618729096 0.027142857142857142
0 0.6609531772575251 0.2042857142857143 0.00919732441471572 0.022857142857142857
0 0.6789297658862876 0.2592857142857143 0.015050167224080268 0.032857142857142856
0 0.6914715719063546 0.295 0.016722408026755852 0.03857142857142857
0 0.6433946488294314 0.24285714285714285 0.014214046822742474 0.02857142857142857
0 0.6433946488294314 0.22 0.01254180602006689 0.025714285714285714
0 0.6295986622073578 0.21357142857142858 0.013377926421404682 0.024285714285714285
0 0.6120401337792643 0.20357142857142857 0.010033444816053512 0.024285714285714285
0 0.637123745819398 0.29214285714285715 0.01839464882943144 0.03857142857142857
0 0.6074414715719063 0.21642857142857144 0.010869565217391304 0.03
0 0.600752508361204 0.245 0.01254180602006689 0.027142857142857142
0 0.5664715719063546 0.21285714285714286 0.00919732441471572 0.022857142857142857
0 0.5831939799331104 0.25642857142857145 0.01254180602006689 0.032857142857142856
0 0.5748327759197325 0.245 0.01254180602006689 0.03
0 0.5464046822742475 0.24285714285714285 0.014214046822742474 0.03142857142857143
0 0.5551839464882943 0.2757142857142857 0.011705685618729096 0.03428571428571429
0 0.5255016722408027 0.24571428571428572 0.010869565217391304 0.02857142857142857
0 0.520066889632107 0.2714285714285714 0.015050167224080268 0.03428571428571429
0 0.47491638795986624 0.23285714285714285 0.011705685618729096 0.025714285714285714
0 0.4289297658862876 0.23285714285714285 0.011705685618729096 0.025714285714285714
0 0.4389632107023411 0.26285714285714284 0.015050167224080268 0.03428571428571429
0 0.47240802675585286 0.26142857142857145 0.013377926421404682 0.02857142857142857
0 0.49247491638795987 0.26 0.015050167224080268 0.03428571428571429
0 0.4744983277591973 0.2957142857142857 0.01588628762541806 0.03428571428571429
0 0.5012541806020067 0.3142857142857143 0.017558528428093644 0.04
0 0.3879598662207358 0.2592857142857143 0.011705685618729096 0.027142857142857142
0 0.4059364548494983 0.2642857142857143 0.014214046822742474 0.02857142857142857
0 0.43561872909698995 0.30357142857142855 0.016722408026755852 0.03857142857142857
0 0.4096989966555184 0.2957142857142857 0.013377926421404682 0.03142857142857143
0 0.3532608695652174 0.28714285714285714 0.01254180602006689 0.03142857142857143
0 0.35827759197324416 0.32142857142857145 0.014214046822742474 0.03142857142857143
0 0.3858695652173913 0.32785714285714285 0.017558528428093644 0.03857142857142857
0 0.4080267558528428 0.3335714285714286 0.01839464882943144 0.03857142857142857
0 0.3302675585284281 0.35 0.020066889632107024 0.04285714285714286
0 0.2830267558528428 0.30142857142857143 0.014214046822742474 0.03142857142857143
0 0.2909698996655518 0.355 0.020066889632107024 0.041428571428571426
0 0.2265886287625418 0.3335714285714286 0.015050167224080268 0.032857142857142856
0 0.2512541806020067 0.36642857142857144 0.01588628762541806 0.04428571428571428
0 0.709866220735786 0.47785714285714287 0.03177257525083612 0.08428571428571428
0 0.7265886287625418 0.4035714285714286 0.02508361204013378 0.05
0 0.6948160535117057 0.3492857142857143 0.020066889632107024 0.04428571428571428
0 0.6609531772575251 0.36214285714285716 0.024247491638795988 0.05285714285714286
0 0.5999163879598662 0.33071428571428574 0.020903010033444816 0.04428571428571428
0 0.6479933110367893 0.3385714285714286 0.01839464882943144 0.045714285714285714
0 0.6446488294314381 0.46285714285714286 0.033444816053511704 0.06571428571428571
0 0.5994983277591973 0.39571428571428574 0.023411371237458192 0.06
0 0.6028428093645485 0.43357142857142855 0.026755852842809364 0.07
0 0.44774247491638797 0.34 0.020903010033444816 0.045714285714285714
0 0.4661371237458194 0.4 0.027591973244147156 0.05714285714285714
0 0.012123745819397994 0.41928571428571426 0.024247491638795988 0.05285714285714286
0 0.5355351170568562 0.3457142857142857 0.0225752508361204 0.04857142857142857
0 0.5476588628762542 0.3985714285714286 0.026755852842809364 0.054285714285714284