0 0.16559633027522935 0.46404682274247494 0.05963302752293578 0.11538461538461539
0 0.33990825688073395 0.21321070234113712 0.01926605504587156 0.0451505016722408
0 0.3481651376146789 0.18812709030100336 0.01743119266055046 0.03177257525083612
0 0.3422018348623853 0.17642140468227424 0.01651376146788991 0.03511705685618729
0 0.41376146788990825 0.1956521739130435 0.02018348623853211 0.043478260869565216
0 0.44678899082568807 0.20903010033444816 0.022018348623853212 0.043478260869565216
0 0.48394495412844035 0.21153846153846154 0.01926605504587156 0.0451505016722408
0 0.4798165137614679 0.16387959866220736 0.02018348623853211 0.04013377926421405
0 0.45091743119266053 0.1697324414715719 0.01743119266055046 0.03511705685618729
0 0.45137614678899085 0.13879598662207357 0.01651376146788991 0.03678929765886288
0 0.4270642201834862 0.14046822742474915 0.015596330275229359 0.030100334448160536
0 0.42201834862385323 0.1697324414715719 0.01834862385321101 0.038461538461538464
0 0.4793577981651376 0.1354515050167224 0.015596330275229359 0.026755852842809364
0 0.5064220183486239 0.13712374581939799 0.014678899082568808 0.030100334448160536
0 0.5403669724770642 0.17809364548494983 0.02018348623853211 0.038461538461538464
0 0.5334862385321101 0.1496655518394649 0.01743119266055046 0.038461538461538464
0 0.5160550458715596 0.12290969899665552 0.013761467889908258 0.02508361204013378
0 0.49862385321100916 0.10953177257525083 0.015596330275229359 0.021739130434782608
0 0.5288990825688074 0.11036789297658862 0.013761467889908258 0.033444816053511704
0 0.5431192660550459 0.11872909698996656 0.012844036697247707 0.023411371237458192
0 0.5628440366972477 0.14715719063545152 0.01743119266055046 0.03678929765886288
0 0.5871559633027523 0.15719063545150502 0.01834862385321101 0.03678929765886288
0 0.6009174311926605 0.1346153846153846 0.014678899082568808 0.03511705685618729
0 0.5889908256880734 0.09949832775919733 0.011009174311926606 0.02508361204013378
0 0.6055045871559633 0.10618729096989966 0.012844036697247707 0.028428093645484948
0 0.6045871559633027 0.08862876254180602 0.012844036697247707 0.023411371237458192
0 0.6165137614678899 0.1028428093645485 0.014678899082568808 0.028428093645484948
0 0.6229357798165137 0.13879598662207357 0.01834862385321101 0.03678929765886288
0 0.6362385321100917 0.08862876254180602 0.013761467889908258 0.030100334448160536
0 0.6591743119266055 0.09448160535117058 0.015596330275229359 0.03511705685618729
0 0.6545871559633027 0.1262541806020067 0.015596330275229359 0.03511705685618729
0 0.6784403669724771 0.11204013377926421 0.010091743119266056 0.023411371237458192
0 0.6885321100917431 0.11204013377926421 0.015596330275229359 0.03678929765886288
0 0.7077981651376147 0.11371237458193979 0.011926605504587157 0.030100334448160536
0 0.6215596330275229 0.18729096989966554 0.02110091743119266 0.05016722408026756
0 0.5761467889908257 0.2391304347826087 0.022018348623853212 0.05016722408026756
0 0.5536697247706422 0.2817725752508361 0.030275229357798167 0.06856187290969899
0 0.5224770642201835 0.26421404682274247 0.03211009174311927 0.06020066889632107
0 0.6059633027522936 0.2968227424749164 0.03577981651376147 0.07859531772575251
0 0.6279816513761468 0.23745819397993312 0.024770642201834864 0.05351170568561873
0 0.6711009174311927 0.24247491638795987 0.026605504587155965 0.046822742474916385
0 0.6688073394495413 0.20317725752508362 0.02018348623853211 0.0451505016722408
0 0.6678899082568808 0.17307692307692307 0.01834862385321101 0.04180602006688963
0 0.6811926605504587 0.3219063545150502 0.04128440366972477 0.08528428093645485
0 0.7605504587155963 0.3319397993311037 0.03669724770642202 0.07859531772575251
0 0.7 0.1939799331103679 0.022018348623853212 0.043478260869565216
0 0.7197247706422019 0.22073578595317725 0.026605504587155965 0.05016722408026756
0 0.7091743119266055 0.15217391304347827 0.01834862385321101 0.033444816053511704
0 0.7243119266055046 0.12290969899665552 0.01743119266055046 0.03511705685618729
0 0.7463302752293578 0.16137123745819398 0.015596330275229359 0.038461538461538464
0 0.7564220183486239 0.13377926421404682 0.01926605504587156 0.03678929765886288
0 0.7564220183486239 0.10785953177257525 0.015596330275229359 0.028428093645484948
0 0.7697247706422018 0.10785953177257525 0.011009174311926606 0.03177257525083612
0 0.7779816513761468 0.12709030100334448 0.014678899082568808 0.033444816053511704
0 0.7747706422018349 0.17307692307692307 0.01743119266055046 0.04180602006688963
0 0.789908256880734 0.20066889632107024 0.022018348623853212 0.043478260869565216
0 0.7729357798165137 0.27424749163879597 0.028440366972477066 0.06688963210702341
0 0.8357798165137614 0.3486622073578595 0.03486238532110092 0.07859531772575251
0 0.810091743119266 0.2633779264214047 0.025688073394495414 0.05852842809364549
0 0.8123853211009174 0.15635451505016723 0.015596330275229359 0.03177257525083612
0 0.8151376146788991 0.19063545150501673 0.01743119266055046 0.043478260869565216
0 0.8399082568807339 0.229933110367893 0.024770642201834864 0.051839464882943144
0 0.8545871559633027 0.29180602006688966 0.022935779816513763 0.05852842809364549
0 0.863302752293578 0.2734113712374582 0.01834862385321101 0.051839464882943144
0 0.8513761467889909 0.17558528428093645 0.01651376146788991 0.043478260869565216
0 0.8330275229357799 0.16471571906354515 0.01651376146788991 0.0451505016722408
0 0.8408256880733945 0.14381270903010032 0.015596330275229359 0.033444816053511704
0 0.8697247706422019 0.1688963210702341 0.014678899082568808 0.03678929765886288
0 0.8761467889908257 0.14297658862876253 0.014678899082568808 0.03511705685618729
0 0.8889908256880734 0.14464882943143811 0.012844036697247707 0.03511705685618729
0 0.8912844036697247 0.18896321070234115 0.01743119266055046 0.043478260869565216
0 0.8839449541284403 0.21989966555183946 0.01743119266055046 0.05518394648829431
0 0.9022935779816513 0.17558528428093645 0.013761467889908258 0.03678929765886288
0 0.9100917431192661 0.16137123745819398 0.014678899082568808 0.038461538461538464
0 0.9160550458715596 0.3294314381270903 0.024770642201834864 0.07357859531772576
0 0.9293577981651376 0.2976588628762542 0.025688073394495414 0.05351170568561873
0 0.9298165137614679 0.2399665551839465 0.01926605504587156 0.051839464882943144
0 0.9486238532110092 0.19983277591973245 0.014678899082568808 0.038461538461538464
0 0.9435779816513762 0.1605351170568562 0.01926605504587156 0.04013377926421405