0 0.2749301025163094 0.2579034941763727 0.014911463187325256 0.029950083194675542
0 0.2893755824790308 0.2420965058236273 0.015843429636533086 0.024958402662229616
0 0.2977632805219012 0.26955074875207985 0.013979496738117428 0.029950083194675542
0 0.3597390493942218 0.259567387687188 0.014911463187325256 0.029950083194675542
0 0.3704566635601118 0.2878535773710483 0.017707362534948742 0.033277870216306155
0 0.3429636533084809 0.24126455906821964 0.0130475302889096 0.026622296173044926
0 0.38024231127679403 0.23211314475873543 0.0130475302889096 0.03161397670549085
0 0.36533084808946875 0.1913477537437604 0.0130475302889096 0.029950083194675542
0 0.38630009319664493 0.20299500831946754 0.013979496738117428 0.029950083194675542
0 0.4026095060577819 0.19633943427620631 0.0130475302889096 0.029950083194675542
0 0.4058713886300093 0.17554076539101499 0.013979496738117428 0.028286189683860232
0 0.4380242311276794 0.2254575707154742 0.014911463187325256 0.03494176372712146
0 0.4543336439888164 0.19633943427620631 0.017707362534948742 0.04991680532445923
0 0.46971109040074555 0.2221297836938436 0.016775396085740912 0.03826955074875208
0 0.4380242311276794 0.15391014975041598 0.011183597390493943 0.021630615640599003
0 0.44967381174277726 0.15806988352745424 0.010251630941286114 0.026622296173044926
0 0.46318732525629075 0.15557404326123128 0.011183597390493943 0.024958402662229616
0 0.47809878844361603 0.18302828618968386 0.0130475302889096 0.033277870216306155
0 0.5181733457595527 0.20881863560732114 0.016775396085740912 0.03494176372712146
0 0.49254426840633736 0.19800332778702162 0.013979496738117428 0.036605657237936774
0 0.483690587138863 0.16472545757071547 0.014911463187325256 0.029950083194675542
0 0.5093196644920783 0.12728785357737105 0.010251630941286114 0.021630615640599003
0 0.5130475302889096 0.15391014975041598 0.015843429636533086 0.024958402662229616
0 0.5209692451071761 0.17803660565723795 0.0130475302889096 0.026622296173044926
0 0.5400745573159367 0.18386023294509152 0.013979496738117428 0.028286189683860232
0 0.5647716682199441 0.17803660565723795 0.0130475302889096 0.029950083194675542
0 0.603448275862069 0.1589018302828619 0.013979496738117428 0.03494176372712146
0 0.581081081081081 0.1464226289517471 0.013979496738117428 0.026622296173044926
0 0.5396085740913327 0.11980033277870217 0.011183597390493943 0.02329450915141431
0 0.565237651444548 0.13227953410981697 0.012115563839701771 0.024958402662229616
0 0.5573159366262814 0.11896838602329451 0.011183597390493943 0.024958402662229616
0 0.5955265610438024 0.1048252911813644 0.011183597390493943 0.02329450915141431
0 0.6132339235787512 0.13227953410981697 0.011183597390493943 0.028286189683860232
0 0.6407269338303822 0.13810316139767054 0.010251630941286114 0.02329450915141431
0 0.6477166821994408 0.11730449251247921 0.009319664492078284 0.024958402662229616
0 0.6383970177073626 0.10066555740432612 0.009319664492078284 0.024958402662229616
0 0.6714818266542405 0.10399334442595674 0.012115563839701771 0.028286189683860232
0 0.6150978564771669 0.09983361064891846 0.009319664492078284 0.019966722129783693
0 0.4902143522833178 0.3011647254575707 0.027958993476234855 0.04658901830282862
0 0.5400745573159367 0.324459234608985 0.02516309412861137 0.04326123128119801
0 0.5601118359739049 0.25374376039933444 0.02050326188257223 0.04159733777038269
0 0.6090400745573159 0.31697171381031614 0.02516309412861137 0.048252911813643926
0 0.6160298229263746 0.27121464226289516 0.01863932898415657 0.036605657237936774
0 0.6290773532152842 0.20382695507487522 0.016775396085740912 0.03494176372712146
0 0.6696178937558248 0.20715474209650583 0.017707362534948742 0.03826955074875208
0 0.6840633737185461 0.31281198003327787 0.02982292637465051 0.05324459234608985
0 0.727865796831314 0.24958402662229617 0.024231127679403542 0.05324459234608985
0 0.700838769804287 0.10149750415973377 0.011183597390493943 0.026622296173044926
0 0.6691519105312209 0.16971713810316139 0.014911463187325256 0.033277870216306155
0 0.6808014911463187 0.15806988352745424 0.013979496738117428 0.029950083194675542
0 0.6952469711090401 0.18552412645590682 0.014911463187325256 0.03161397670549085
0 0.727865796831314 0.19717138103161397 0.016775396085740912 0.03826955074875208
0 0.7530288909599254 0.21630615640599002 0.01863932898415657 0.04326123128119801
0 0.7833178005591799 0.2753743760399334 0.023299161230195712 0.051580698835274545
0 0.7441752096924511 0.34193011647254573 0.02702702702702703 0.05490848585690516
0 0.7726001863932899 0.3793677204658902 0.02982292637465051 0.0632279534109817
0 0.8960857409133272 0.3519134775374376 0.028890959925442685 0.07154742096505824
0 0.8583410997204101 0.2895174708818636 0.022367194780987885 0.04658901830282862
0 0.8061509785647717 0.240432612312812 0.022367194780987885 0.04159733777038269
0 0.7809878844361603 0.20133111480865223 0.01863932898415657 0.04658901830282862
0 0.7460391425908667 0.1497504159733777 0.013979496738117428 0.029950083194675542
0 0.7395153774464119 0.11314475873544093 0.012115563839701771 0.026622296173044926
0 0.7665424044734389 0.1314475873544093 0.013979496738117428 0.026622296173044926
0 0.7763280521901211 0.1572379367720466 0.0130475302889096 0.03161397670549085
0 0.7996272134203168 0.15973377703826955 0.014911463187325256 0.033277870216306155
0 0.8289841565703635 0.13394342762063227 0.010251630941286114 0.024958402662229616
0 0.8387698042870456 0.11730449251247921 0.011183597390493943 0.028286189683860232
0 0.8522833178005592 0.17470881863560733 0.015843429636533086 0.033277870216306155
0 0.8308480894687791 0.21630615640599002 0.015843429636533086 0.03993344425956739
0 0.8732525629077353 0.2021630615640599 0.01863932898415657 0.04492512479201331
0 0.8606710158434296 0.1464226289517471 0.010251630941286114 0.026622296173044926
0 0.8616029822926374 0.12562396006655574 0.012115563839701771 0.028286189683860232
0 0.8876980428704566 0.13394342762063227 0.010251630941286114 0.021630615640599003
0 0.8886300093196645 0.16472545757071547 0.010251630941286114 0.026622296173044926
0 0.8956197576887233 0.18136439267886856 0.0130475302889096 0.029950083194675542
0 0.9156570363466915 0.259567387687188 0.017707362534948742 0.04658901830282862
0 0.9221808014911463 0.23960066555740434 0.017707362534948742 0.04658901830282862
0 0.9254426840633737 0.21381031613976706 0.0130475302889096 0.03161397670549085
0 0.924044734389562 0.15557404326123128 0.010251630941286114 0.028286189683860232