0 0.22535211267605634 0.38130252100840334 0.05868544600938967 0.09873949579831932
0 0.5422535211267606 0.29831932773109243 0.025821596244131457 0.06302521008403361
0 0.5522300469483568 0.18382352941176472 0.017605633802816902 0.03571428571428571
0 0.6273474178403756 0.19012605042016806 0.01995305164319249 0.04411764705882353
0 0.6731220657276995 0.2027310924369748 0.017605633802816902 0.03991596638655462
0 0.6660798122065728 0.1869747899159664 0.015258215962441314 0.029411764705882353
0 0.6672535211267606 0.24894957983193278 0.022300469483568074 0.04831932773109244
0 0.6678403755868545 0.31092436974789917 0.028169014084507043 0.058823529411764705
0 0.7089201877934272 0.19852941176470587 0.018779342723004695 0.03571428571428571
0 0.7411971830985915 0.20483193277310924 0.017605633802816902 0.03571428571428571
0 0.7664319248826291 0.2342436974789916 0.02112676056338028 0.04411764705882353
0 0.7259389671361502 0.2647058823529412 0.022300469483568074 0.046218487394957986
0 0.8268779342723005 0.36554621848739494 0.029342723004694836 0.06722689075630252
0 0.8926056338028169 0.45063025210084034 0.03169014084507042 0.06932773109243698