0 0.16308411214953272 0.4782971619365609 0.03644859813084112 0.05843071786310518
0 0.252803738317757 0.2662771285475793 0.014018691588785047 0.028380634390651086
0 0.27289719626168224 0.27295492487479134 0.016822429906542057 0.028380634390651086
0 0.29485981308411213 0.2604340567612688 0.014018691588785047 0.0333889816360601
0 0.30934579439252335 0.27545909849749584 0.016822429906542057 0.0333889816360601
0 0.3252336448598131 0.2888146911519199 0.014953271028037384 0.0333889816360601
0 0.3621495327102804 0.27963272120200333 0.017757009345794394 0.035058430717863104
0 0.34766355140186916 0.2604340567612688 0.018691588785046728 0.03005008347245409
0 0.3275700934579439 0.23205342237061768 0.01588785046728972 0.03005008347245409
0 0.3121495327102804 0.22537562604340566 0.013084112149532711 0.0333889816360601
0 0.35841121495327105 0.2278797996661102 0.014018691588785047 0.035058430717863104
0 0.3939252336448598 0.2904841402337229 0.02149532710280374 0.04340567612687813
0 0.3878504672897196 0.22287145242070117 0.013084112149532711 0.025041736227045076
0 0.3878504672897196 0.18864774624373956 0.014953271028037384 0.03672787979966611
0 0.4457943925233645 0.2287145242070117 0.016822429906542057 0.03672787979966611
0 0.42429906542056073 0.19365609348914858 0.016822429906542057 0.0333889816360601
0 0.4439252336448598 0.17278797996661102 0.011214953271028037 0.025041736227045076
0 0.4630841121495327 0.14941569282136896 0.010280373831775701 0.021702838063439065
0 0.4794392523364486 0.15943238731218698 0.014953271028037384 0.03171953255425709
0 0.4873831775700935 0.19282136894824708 0.014018691588785047 0.03171953255425709
0 0.4672897196261682 0.22287145242070117 0.018691588785046728 0.03171953255425709
0 0.5266355140186916 0.2011686143572621 0.017757009345794394 0.038397328881469114
0 0.5060747663551401 0.19449081803005008 0.017757009345794394 0.035058430717863104
0 0.4850467289719626 0.13856427378964942 0.013084112149532711 0.02337228714524207
0 0.538785046728972 0.17529215358931552 0.014018691588785047 0.03005008347245409
0 0.5654205607476636 0.17445742904841402 0.014953271028037384 0.03171953255425709
0 0.5598130841121496 0.14357262103505844 0.013084112149532711 0.02671118530884808
0 0.5677570093457944 0.12103505843071787 0.012149532710280374 0.021702838063439065
0 0.5939252336448598 0.14273789649415694 0.012149532710280374 0.028380634390651086
0 0.6200934579439252 0.14524207011686144 0.012149532710280374 0.02671118530884808
0 0.6107476635514019 0.1285475792988314 0.010280373831775701 0.02337228714524207
0 0.6172897196261682 0.11686143572621036 0.010280373831775701 0.02003338898163606
0 0.5981308411214953 0.12186978297161936 0.011214953271028037 0.02337228714524207
0 0.6392523364485981 0.1352253756260434 0.011214953271028037 0.03005008347245409
0 0.6752336448598131 0.12270450751252086 0.014018691588785047 0.025041736227045076
0 0.5518691588785046 0.24707846410684475 0.02149532710280374 0.05008347245409015
0 0.5112149532710281 0.29799666110183637 0.022429906542056073 0.048414023372287146
0 0.585981308411215 0.29799666110183637 0.026168224299065422 0.05175292153589316
0 0.6149532710280374 0.3096828046744574 0.026168224299065422 0.05843071786310518
0 0.6074766355140186 0.25375626043405675 0.022429906542056073 0.04674457429048414
0 0.6322429906542056 0.19532554257095158 0.017757009345794394 0.03672787979966611
0 0.6691588785046729 0.21702838063439064 0.018691588785046728 0.04006677796327212
0 0.6845794392523364 0.15108514190317196 0.012149532710280374 0.025041736227045076
0 0.711214953271028 0.15108514190317196 0.011214953271028037 0.028380634390651086
0 0.7032710280373832 0.22287145242070117 0.019626168224299065 0.048414023372287146
0 0.6761682242990654 0.2704507512520868 0.02149532710280374 0.05676126878130217
0 0.7177570093457943 0.27712854757929883 0.024299065420560748 0.04674457429048414
0 0.7313084112149533 0.2036727879799666 0.017757009345794394 0.03005008347245409
0 0.7275700934579439 0.16277128547579298 0.01588785046728972 0.035058430717863104
0 0.7546728971962616 0.14023372287145242 0.014018691588785047 0.0333889816360601
0 0.7644859813084112 0.12520868113522537 0.013084112149532711 0.02671118530884808
0 0.7518691588785047 0.11185308848080133 0.014018691588785047 0.03005008347245409
0 0.7714953271028038 0.164440734557596 0.014018691588785047 0.028380634390651086
0 0.775233644859813 0.20617696160267113 0.014018691588785047 0.038397328881469114
0 0.7570093457943925 0.23205342237061768 0.020560747663551402 0.04340567612687813
0 0.7672897196261682 0.3038397328881469 0.026168224299065422 0.06010016694490818
0 0.8392523364485981 0.328881469115192 0.026168224299065422 0.06010016694490818
0 0.8495327102803738 0.24123539232053423 0.018691588785046728 0.05175292153589316
0 0.9098130841121496 0.25208681135225375 0.02149532710280374 0.05342237061769616
0 0.9168224299065421 0.2395659432387312 0.014953271028037384 0.05175292153589316
0 0.8855140186915887 0.19616026711185308 0.014018691588785047 0.035058430717863104
0 0.8911214953271028 0.16110183639398998 0.01588785046728972 0.038397328881469114
0 0.8518691588785047 0.15525876460767946 0.012149532710280374 0.0333889816360601
0 0.8018691588785046 0.1686143572621035 0.014953271028037384 0.0333889816360601
0 0.7892523364485982 0.16026711185308848 0.010280373831775701 0.02671118530884808
0 0.8336448598130841 0.15108514190317196 0.014953271028037384 0.035058430717863104
0 0.844392523364486 0.18614357262103506 0.012149532710280374 0.028380634390651086
0 0.8387850467289719 0.2270450751252087 0.01588785046728972 0.04006677796327212