0 0.07692307692307693 0.2658959537572254 0.01978021978021978 0.038535645472061654
0 0.2675824175824176 0.22447013487475914 0.016483516483516484 0.036608863198458574
0 0.33901098901098903 0.24373795761078998 0.01868131868131868 0.036608863198458574
0 0.4087912087912088 0.2321772639691715 0.01978021978021978 0.04816955684007707
0 0.4423076923076923 0.24759152215799615 0.020879120879120878 0.04046242774566474
0 0.43131868131868134 0.21098265895953758 0.01868131868131868 0.036608863198458574
0 0.3945054945054945 0.1926782273603083 0.017582417582417582 0.03468208092485549
0 0.36813186813186816 0.1936416184971098 0.01978021978021978 0.03275529865125241
0 0.389010989010989 0.16570327552986513 0.015384615384615385 0.030828516377649325
0 0.4098901098901099 0.1599229287090559 0.015384615384615385 0.030828516377649325
0 0.43736263736263736 0.16666666666666666 0.017582417582417582 0.036608863198458574
0 0.4412087912087912 0.13776493256262043 0.014285714285714285 0.028901734104046242
0 0.4642857142857143 0.1416184971098266 0.01868131868131868 0.03275529865125241
0 0.47802197802197804 0.1531791907514451 0.015384615384615385 0.028901734104046242
0 0.47527472527472525 0.17533718689788053 0.016483516483516484 0.030828516377649325
0 0.4686813186813187 0.2071290944123314 0.020879120879120878 0.04046242774566474
0 0.4956043956043956 0.2071290944123314 0.024175824175824177 0.04816955684007707
0 0.5225274725274726 0.18208092485549132 0.01868131868131868 0.04046242774566474
0 0.4846153846153846 0.1348747591522158 0.015384615384615385 0.02697495183044316
0 0.49615384615384617 0.12909441233140656 0.012087912087912088 0.02697495183044316
0 0.5131868131868131 0.1329479768786127 0.013186813186813187 0.02697495183044316
0 0.5230769230769231 0.12138728323699421 0.01098901098901099 0.023121387283236993
0 0.539010989010989 0.13776493256262043 0.012087912087912088 0.028901734104046242
0 0.5516483516483517 0.17726396917148363 0.02197802197802198 0.04238921001926782
0 0.5351648351648352 0.1608863198458574 0.013186813186813187 0.03275529865125241
0 0.5681318681318681 0.13680154142581888 0.015384615384615385 0.030828516377649325
0 0.5791208791208792 0.11946050096339114 0.01098901098901099 0.023121387283236993
0 0.5796703296703297 0.07129094412331406 0.012087912087912088 0.019267822736030827
0 0.5879120879120879 0.15895953757225434 0.017582417582417582 0.036608863198458574
0 0.6049450549450549 0.11175337186897881 0.014285714285714285 0.023121387283236993
0 0.6043956043956044 0.13102119460500963 0.013186813186813187 0.023121387283236993
0 0.6164835164835165 0.13198458574181118 0.013186813186813187 0.03275529865125241
0 0.6296703296703297 0.11753371868978806 0.013186813186813187 0.02697495183044316
0 0.6313186813186813 0.1416184971098266 0.014285714285714285 0.025048169556840076
0 0.6527472527472528 0.10115606936416185 0.01098901098901099 0.028901734104046242
0 0.6659340659340659 0.11368015414258188 0.013186813186813187 0.030828516377649325
0 0.6813186813186813 0.10886319845857419 0.013186813186813187 0.028901734104046242
0 0.6912087912087912 0.11657032755298652 0.013186813186813187 0.028901734104046242
0 0.7208791208791209 0.07225433526011561 0.015384615384615385 0.03275529865125241
0 0.639010989010989 0.197495183044316 0.023076923076923078 0.04431599229287091
0 0.615934065934066 0.24084778420038536 0.02967032967032967 0.057803468208092484
0 0.5791208791208792 0.2398843930635838 0.01978021978021978 0.05202312138728324
0 0.6620879120879121 0.1994219653179191 0.023076923076923078 0.04816955684007707
0 0.682967032967033 0.25722543352601157 0.023076923076923078 0.04816955684007707
0 0.7159340659340659 0.23121387283236994 0.01868131868131868 0.04238921001926782
0 0.7329670329670329 0.26396917148362237 0.024175824175824177 0.06165703275529865
0 0.762087912087912 0.26685934489402696 0.025274725274725275 0.05202312138728324
0 0.7884615384615384 0.2832369942196532 0.027472527472527472 0.057803468208092484
0 0.7472527472527473 0.2003853564547206 0.01978021978021978 0.04238921001926782
0 0.717032967032967 0.1936416184971098 0.01868131868131868 0.036608863198458574
0 0.6983516483516483 0.15895953757225434 0.014285714285714285 0.036608863198458574
0 0.7285714285714285 0.14065510597302505 0.013186813186813187 0.03468208092485549
0 0.737912087912088 0.18015414258188825 0.014285714285714285 0.04046242774566474
0 0.7478021978021978 0.13391136801541426 0.014285714285714285 0.03275529865125241
0 0.7593406593406593 0.08863198458574181 0.017582417582417582 0.038535645472061654
0 0.7824175824175824 0.14354527938342967 0.015384615384615385 0.028901734104046242
0 0.7934065934065934 0.15895953757225434 0.015384615384615385 0.03275529865125241
0 0.795054945054945 0.1252408477842004 0.014285714285714285 0.02697495183044316
0 0.8252747252747252 0.13391136801541426 0.015384615384615385 0.03275529865125241
0 0.8467032967032967 0.14354527938342967 0.014285714285714285 0.028901734104046242
0 0.8379120879120879 0.1676300578034682 0.014285714285714285 0.030828516377649325
0 0.856043956043956 0.17630057803468208 0.015384615384615385 0.036608863198458574
0 0.8373626373626374 0.2254335260115607 0.01978021978021978 0.046242774566473986
0 0.7868131868131868 0.2119460500963391 0.01978021978021978 0.04238921001926782
0 0.8379120879120879 0.30057803468208094 0.025274725274725275 0.057803468208092484
0 0.8637362637362638 0.28227360308285165 0.024175824175824177 0.06358381502890173
0 0.9104395604395604 0.3439306358381503 0.027472527472527472 0.07514450867052024
0 0.9362637362637363 0.2726396917148362 0.024175824175824177 0.06358381502890173
0 0.9230769230769231 0.24855491329479767 0.01978021978021978 0.05009633911368015
0 0.9285714285714286 0.18978805394990367 0.017582417582417582 0.03275529865125241
0 0.9406593406593406 0.2023121387283237 0.015384615384615385 0.03468208092485549
0 0.9373626373626374 0.1676300578034682 0.013186813186813187 0.030828516377649325
0 0.9098901098901099 0.151252408477842 0.015384615384615385 0.03275529865125241
0 0.9016483516483517 0.17630057803468208 0.014285714285714285 0.036608863198458574
0 0.8873626373626373 0.2254335260115607 0.01868131868131868 0.038535645472061654
0 0.884065934065934 0.1464354527938343 0.016483516483516484 0.03468208092485549