0 0.06091846298031865 0.4132231404958678 0.028116213683223992 0.07603305785123966
0 0.08388003748828492 0.41983471074380163 0.038425492033739454 0.0859504132231405
0 0.25023430178069356 0.26859504132231404 0.020618556701030927 0.04462809917355372
0 0.3209934395501406 0.2049586776859504 0.015932521087160263 0.03305785123966942
0 0.3477038425492034 0.23057851239669422 0.01499531396438613 0.02809917355371901
0 0.3931583880037488 0.19173553719008266 0.014058106841611996 0.02975206611570248
0 0.3847235238987816 0.21652892561983472 0.019681349578256794 0.049586776859504134
0 0.5215557638238051 0.07272727272727272 0.010309278350515464 0.019834710743801654
0 0.5595126522961574 0.20578512396694215 0.028116213683223992 0.06115702479338843
0 0.577788191190253 0.15041322314049588 0.02155576382380506 0.04628099173553719
0 0.5909090909090909 0.128099173553719 0.019681349578256794 0.047933884297520664
0 0.6007497656982193 0.17603305785123968 0.022492970946579195 0.0512396694214876
0 0.60543580131209 0.2900826446280992 0.022492970946579195 0.05785123966942149
0 0.6452671040299907 0.19173553719008266 0.023430178069353328 0.049586776859504134
0 0.6583880037488284 0.13553719008264462 0.019681349578256794 0.04628099173553719
0 0.6799437675726335 0.13388429752066117 0.015932521087160263 0.03966942148760331
0 0.7052483598875351 0.18264462809917356 0.015932521087160263 0.03801652892561983