0 0.22925060435132957 0.33495145631067963 0.016921837228041903 0.03467406380027739
0 0.145044319097502 0.5388349514563107 0.038678485092667206 0.08183079056865465
0 0.25825946817082995 0.35852981969486825 0.020145044319097503 0.04576976421636616
0 0.2953263497179694 0.3606102635228849 0.020145044319097503 0.04160887656033287
0 0.2892828364222401 0.2947295423023578 0.017727639000805803 0.03744798890429958
0 0.31627719580983077 0.37933425797503467 0.021756647864625302 0.04022191400832178
0 0.3452860596293312 0.33495145631067963 0.023368251410153102 0.04299583911234397
0 0.34891216760676874 0.29680998613037446 0.020950846091861403 0.030513176144244106
0 0.37792103142626915 0.332871012482663 0.020950846091861403 0.038834951456310676
0 0.4049153908138598 0.3273231622746186 0.021756647864625302 0.038834951456310676
0 0.403303787268332 0.30097087378640774 0.016921837228041903 0.033287101248266296
0 0.3879935535858179 0.2621359223300971 0.016921837228041903 0.033287101248266296
0 0.4153908138597905 0.27600554785020803 0.020145044319097503 0.033287101248266296
0 0.4323126510878324 0.3092926490984743 0.018533440773569703 0.038834951456310676
0 0.4649476228847704 0.3169209431345354 0.022562449637389202 0.03467406380027739
0 0.4589041095890411 0.27045769764216365 0.018533440773569703 0.033287101248266296
0 0.45527800161160353 0.2420249653259362 0.017727639000805803 0.0319001386962552
0 0.4246575342465753 0.2538141470180305 0.016116035455278 0.030513176144244106
0 0.46414182111200647 0.23300970873786409 0.0128928283642224 0.024965325936199722
0 0.500402900886382 0.26144244105409153 0.016116035455278 0.02912621359223301
0 0.5169218372280419 0.2711511789181692 0.015310233682514102 0.0319001386962552
0 0.5149073327961321 0.25173370319001387 0.014504431909750202 0.026352288488210817
0 0.5455278001611603 0.2434119278779473 0.014504431909750202 0.026352288488210817
0 0.5499597099113618 0.28779472954230234 0.020145044319097503 0.03744798890429958
0 0.49798549556809024 0.3314840499306519 0.020950846091861403 0.036061026352288486
0 0.47139403706688154 0.3932038834951456 0.030620467365028204 0.0651872399445215
0 0.44238517324738114 0.35575589459084606 0.022562449637389202 0.03744798890429958
0 0.5705076551168412 0.24549237170596394 0.014504431909750202 0.027739251040221916
0 0.5608380338436745 0.21567267683772537 0.009669621273166801 0.023578363384188627
0 0.5705076551168412 0.21705963938973646 0.011281224818694601 0.020804438280166437
0 0.5926672038678485 0.24826629680998613 0.016921837228041903 0.033287101248266296
0 0.5987107171635777 0.22260748959778087 0.0128928283642224 0.023578363384188627
0 0.604754230459307 0.19764216366158113 0.015310233682514102 0.02912621359223301
0 0.6184528605962933 0.21636615811373092 0.010475423045930701 0.030513176144244106
0 0.6333601933924254 0.21983356449375868 0.014504431909750202 0.0319001386962552
0 0.636986301369863 0.2510402219140083 0.015310233682514102 0.030513176144244106
0 0.6551168412570507 0.21636615811373092 0.0128928283642224 0.030513176144244106
0 0.6712328767123288 0.22676837725381416 0.016116035455278 0.026352288488210817
0 0.6954069298952458 0.22191400832177532 0.019339242546333603 0.027739251040221916
0 0.6966156325543916 0.25589459084604715 0.012087026591458501 0.026352288488210817
0 0.6631748589846898 0.27739251040221913 0.016116035455278 0.036061026352288486
0 0.5261885576148267 0.37447988904299584 0.029008863819500404 0.047156726768377254
0 0.5314262691377921 0.42163661581137307 0.029814665592264304 0.05825242718446602
0 0.5793714746172441 0.44937586685159503 0.032232070910556 0.0638002773925104
0 0.5854149879129734 0.4001386962552011 0.031426269137792104 0.059639389736477116
0 0.5914585012087027 0.3356449375866852 0.0257856567284448 0.047156726768377254
0 0.636583400483481 0.35298196948682387 0.022562449637389202 0.04854368932038835
0 0.6244963738920226 0.3002773925104022 0.022562449637389202 0.04576976421636616
0 0.6583400483481063 0.3633841886269071 0.0273972602739726 0.047156726768377254
0 0.6800966962127317 0.361997226074896 0.0257856567284448 0.044382801664355064
0 0.6744560838033844 0.3141470180305132 0.022562449637389202 0.04576976421636616
0 0.7038678485092668 0.2947295423023578 0.023368251410153102 0.04022191400832178
0 0.7248186946011281 0.24895977808599168 0.018533440773569703 0.04022191400832178
0 0.7397260273972602 0.2552011095700416 0.016116035455278 0.033287101248266296
0 0.7409347300564061 0.2302357836338419 0.016921837228041903 0.027739251040221916
0 0.7554391619661563 0.2579750346740638 0.016921837228041903 0.030513176144244106
0 0.7647058823529411 0.2780859916782247 0.017727639000805803 0.04022191400832178
0 0.7731668009669621 0.23717059639389737 0.016921837228041903 0.033287101248266296
0 0.8005640612409347 0.24133148404993066 0.021756647864625302 0.027739251040221916
0 0.8037872683319903 0.2753120665742025 0.016921837228041903 0.03467406380027739
0 0.8106365834004835 0.29750346740638 0.017727639000805803 0.0319001386962552
0 0.8182917002417406 0.3300970873786408 0.018533440773569703 0.047156726768377254
0 0.8025785656728445 0.35991678224687934 0.024174053182917002 0.04299583911234397
0 0.7667203867848509 0.4292649098474341 0.028203062046736505 0.056865464632454926
0 0.7131345688960515 0.40360610263522884 0.0273972602739726 0.052704576976421634
0 0.6885576148267526 0.5388349514563107 0.0443190975020145 0.08183079056865465
0 0.6293311845286059 0.47434119278779474 0.038678485092667206 0.06934812760055478
0 0.8049959709911362 0.5090152565880721 0.035455278001611606 0.07489597780859916
0 0.8400483481063659 0.4389736477115118 0.0265914585012087 0.056865464632454926
0 0.8473005640612409 0.3522884882108183 0.018533440773569703 0.047156726768377254
0 0.8614020950846092 0.34119278779472956 0.019339242546333603 0.047156726768377254
0 0.871071716357776 0.32038834951456313 0.014504431909750202 0.033287101248266296
0 0.8376309427880742 0.27461858529819694 0.015310233682514102 0.033287101248266296
0 0.8291700241740532 0.25173370319001387 0.0128928283642224 0.02912621359223301
0 0.8452860596293312 0.260748959778086 0.0128928283642224 0.024965325936199722
0 0.8694601128122482 0.2579750346740638 0.0128928283642224 0.024965325936199722
0 0.8847703464947623 0.2753120665742025 0.016116035455278 0.0319001386962552
0 0.8847703464947623 0.34396671289875175 0.016116035455278 0.044382801664355064
0 0.8976631748589847 0.4854368932038835 0.030620467365028204 0.06102635228848821
0 0.8980660757453667 0.43966712898751736 0.018533440773569703 0.04160887656033287
0 0.9210314262691378 0.35991678224687934 0.020950846091861403 0.05409153952843273
0 0.9069298952457695 0.3044382801664355 0.015310233682514102 0.03467406380027739
0 0.9238517324738115 0.2988904299583911 0.016921837228041903 0.03467406380027739
0 0.9262691377921032 0.27739251040221913 0.0136986301369863 0.027739251040221916