0 0.0779467680608365 0.3938640132669983 0.030418250950570342 0.06799336650082918
0 0.37880228136882127 0.18407960199004975 0.014258555133079848 0.026533996683250415
0 0.4011406844106464 0.25456053067993367 0.013307984790874524 0.03150912106135987
0 0.4244296577946768 0.1550580431177446 0.012357414448669201 0.028192371475953566
0 0.4695817490494297 0.21641791044776118 0.019011406844106463 0.03814262023217247
0 0.4938212927756654 0.1310116086235489 0.012357414448669201 0.02321724709784411
0 0.5304182509505704 0.11442786069651742 0.011406844106463879 0.02321724709784411
0 0.5636882129277566 0.11359867330016583 0.011406844106463879 0.028192371475953566
0 0.5760456273764258 0.17164179104477612 0.015209125475285171 0.03482587064676617
0 0.5774714828897338 0.12106135986733002 0.010456273764258554 0.026533996683250415
0 0.5974334600760456 0.11525704809286899 0.010456273764258554 0.024875621890547265
0 0.7999049429657795 0.29519071310116085 0.021863117870722433 0.05970149253731343
0 0.8564638783269962 0.3034825870646766 0.026615969581749048 0.06301824212271974
0 0.9420152091254753 0.20812603648424544 0.015209125475285171 0.04477611940298507
0 0.9220532319391636 0.30016583747927034 0.024714828897338403 0.05970149253731343
0 0.7153041825095057 0.17495854063018243 0.025665399239543727 0.06467661691542288
0 0.6692015209125475 0.2131011608623549 0.019011406844106463 0.04145936981757877
0 0.6753802281368821 0.33001658374792703 0.03136882129277566 0.06301824212271974
0 0.6254752851711026 0.24875621890547264 0.02091254752851711 0.04975124378109453
0 0.4862167300380228 0.32338308457711445 0.025665399239543727 0.04643449419568822
0 0.5494296577946768 0.31923714759535654 0.026615969581749048 0.05472636815920398
0 0.8797528517110266 0.11359867330016583 0.010456273764258554 0.028192371475953566
0 0.9220532319391636 0.1384742951907131 0.011406844106463879 0.024875621890547265
0 0.9486692015209125 0.14759535655058043 0.009505703422053232 0.026533996683250415
0 0.39638783269961975 0.2197346600331675 0.017110266159695818 0.028192371475953566