0 0.08555729984301413 0.5576102418207681 0.05023547880690738 0.10810810810810811
0 0.21467817896389324 0.35135135135135137 0.016483516483516484 0.02844950213371266
0 0.2543171114599686 0.3485064011379801 0.01726844583987441 0.04551920341394026
0 0.27982731554160123 0.3691322901849218 0.02119309262166405 0.044096728307254626
0 0.3108320251177394 0.3961593172119488 0.02511773940345369 0.04694167852062589
0 0.2837519623233909 0.3079658605974395 0.016483516483516484 0.032716927453769556
0 0.3489010989010989 0.32930298719772405 0.016483516483516484 0.029871977240398292
0 0.3496860282574568 0.2980085348506401 0.01805337519623234 0.032716927453769556
0 0.4003139717425432 0.3399715504978663 0.018838304552590265 0.03982930298719772
0 0.3987441130298273 0.29871977240398295 0.015698587127158554 0.031294452347083924
0 0.3956043956043956 0.2453769559032717 0.012558869701726845 0.029871977240398292
0 0.41248037676609106 0.2624466571834993 0.013343799058084773 0.029871977240398292
0 0.41797488226059654 0.2503556187766714 0.013343799058084773 0.025604551920341393
0 0.4383830455259027 0.2652916073968706 0.013343799058084773 0.032716927453769556
0 0.4281789638932496 0.3029871977240398 0.01805337519623234 0.03698435277382646
0 0.434458398744113 0.32930298719772405 0.019623233908948195 0.03840682788051209
0 0.46271585557299844 0.30654338549075394 0.016483516483516484 0.03556187766714083
0 0.45722135007849296 0.2759601706970128 0.014913657770800628 0.02844950213371266
0 0.4427001569858713 0.24751066856330015 0.0141287284144427 0.025604551920341393
0 0.4556514913657771 0.23826458036984352 0.013343799058084773 0.02702702702702703
0 0.47998430141287285 0.26955903271692744 0.014913657770800628 0.03556187766714083
0 0.4933281004709576 0.2574679943100996 0.013343799058084773 0.02844950213371266
0 0.5007849293563579 0.24395448079658605 0.012558869701726845 0.029871977240398292
0 0.5208006279434851 0.25391180654338547 0.014913657770800628 0.03556187766714083
0 0.5035321821036107 0.29871977240398295 0.014913657770800628 0.03698435277382646
0 0.49293563579277866 0.32930298719772405 0.02040816326530612 0.044096728307254626
0 0.4446624803767661 0.41607396870554764 0.027472527472527472 0.06116642958748222
0 0.5160910518053375 0.4182076813655761 0.027472527472527472 0.059743954480796585
0 0.5247252747252747 0.36984352773826457 0.019623233908948195 0.05405405405405406
0 0.5902668759811617 0.42460881934566147 0.026687598116169546 0.06116642958748222
0 0.5572998430141287 0.2759601706970128 0.01726844583987441 0.034139402560455195
0 0.554552590266876 0.2361308677098151 0.013343799058084773 0.025604551920341393
0 0.5506279434850864 0.22190611664295876 0.011773940345368918 0.02275960170697013
0 0.5584772370486656 0.2034139402560455 0.011773940345368918 0.025604551920341393
0 0.5604395604395604 0.2546230440967283 0.0141287284144427 0.031294452347083924
0 0.5726059654631083 0.25106685633001424 0.013343799058084773 0.029871977240398292
0 0.5839874411302983 0.232574679943101 0.0141287284144427 0.02702702702702703
0 0.5941915227629513 0.20981507823613088 0.012558869701726845 0.02702702702702703
0 0.6098901098901099 0.21266002844950213 0.012558869701726845 0.02702702702702703
0 0.608712715855573 0.23115220483641535 0.013343799058084773 0.029871977240398292
0 0.6185243328100472 0.25604551920341395 0.012558869701726845 0.034139402560455195
0 0.6157770800627943 0.2923186344238976 0.016483516483516484 0.044096728307254626
0 0.5832025117739403 0.32503556187766713 0.023547880690737835 0.041251778093883355
0 0.6283359497645212 0.3335704125177809 0.019623233908948195 0.044096728307254626
0 0.6393249607535322 0.22190611664295876 0.01020408163265306 0.02275960170697013
0 0.6499215070643642 0.232574679943101 0.012558869701726845 0.029871977240398292
0 0.6664050235478807 0.22688477951635846 0.0141287284144427 0.029871977240398292
0 0.652668759811617 0.2652916073968706 0.016483516483516484 0.032716927453769556
0 0.6864207221350078 0.2524893314366999 0.014913657770800628 0.032716927453769556
0 0.6648351648351648 0.32930298719772405 0.02040816326530612 0.044096728307254626
0 0.6640502354788069 0.35988620199146515 0.01726844583987441 0.04267425320056899
0 0.6342229199372057 0.38975817923186346 0.02511773940345369 0.04836415362731152
0 0.6432496075353218 0.4345661450924609 0.025902668759811617 0.06401137980085349
0 0.7123233908948194 0.39544807965860596 0.022762951334379906 0.051209103840682786
0 0.7005494505494505 0.28662873399715505 0.014913657770800628 0.03556187766714083
0 0.7080062794348508 0.2809388335704125 0.012558869701726845 0.029871977240398292
0 0.7131083202511774 0.2496443812233286 0.013343799058084773 0.032716927453769556
0 0.7240973312401884 0.23115220483641535 0.013343799058084773 0.029871977240398292
0 0.7535321821036107 0.24182076813655762 0.0141287284144427 0.025604551920341393
0 0.749607535321821 0.267425320056899 0.0141287284144427 0.03982930298719772
0 0.7386185243328101 0.27880512091038406 0.0141287284144427 0.03982930298719772
0 0.7802197802197802 0.2453769559032717 0.012558869701726845 0.029871977240398292
0 0.8112244897959183 0.2581792318634424 0.011773940345368918 0.032716927453769556
0 0.8390894819466248 0.2546230440967283 0.012558869701726845 0.031294452347083924
0 0.9030612244897959 0.2724039829302987 0.011773940345368918 0.032716927453769556
0 0.8642072213500785 0.2852062588904694 0.012558869701726845 0.03556187766714083
0 0.901883830455259 0.3108108108108108 0.012558869701726845 0.03556187766714083
0 0.8944270015698587 0.33712660028449504 0.013343799058084773 0.04267425320056899
0 0.8928571428571429 0.3620199146514936 0.014913657770800628 0.044096728307254626
0 0.8661695447409733 0.33712660028449504 0.014913657770800628 0.04267425320056899
0 0.8300627943485086 0.27809388335704127 0.013343799058084773 0.041251778093883355
0 0.8229984301412873 0.3150782361308677 0.014913657770800628 0.03840682788051209
0 0.8390894819466248 0.33926031294452347 0.01726844583987441 0.04694167852062589
0 0.8791208791208791 0.3961593172119488 0.02040816326530612 0.049786628733997154
0 0.8751962323390895 0.45092460881934565 0.026687598116169546 0.059743954480796585
0 0.8351648351648352 0.4089615931721195 0.023547880690737835 0.05547652916073969
0 0.7857142857142857 0.3029871977240398 0.0141287284144427 0.03698435277382646
0 0.7853218210361067 0.27453769559032715 0.013343799058084773 0.034139402560455195
0 0.7998430141287284 0.3399715504978663 0.01726844583987441 0.04551920341394026
0 0.783359497645212 0.3563300142247511 0.02040816326530612 0.05263157894736842
0 0.815149136577708 0.4352773826458037 0.02433281004709576 0.05689900426742532
0 0.7574568288854003 0.4295874822190612 0.029827315541601257 0.051209103840682786
0 0.7892464678178964 0.519203413940256 0.030612244897959183 0.06827880512091039
0 0.685243328100471 0.5042674253200569 0.03453689167974882 0.08392603129445235