0 0.13579734219269102 0.4654178674351585 0.040697674418604654 0.08357348703170028
0 0.2329734219269103 0.33645533141210376 0.014119601328903655 0.03025936599423631
0 0.2558139534883721 0.3479827089337176 0.018272425249169437 0.04178674351585014
0 0.2869601328903654 0.3688760806916426 0.01744186046511628 0.037463976945244955
0 0.2861295681063123 0.30331412103746397 0.012458471760797342 0.03025936599423631
0 0.34759136212624586 0.35086455331412103 0.01910299003322259 0.04178674351585014
0 0.3546511627906977 0.2910662824207493 0.016611295681063124 0.02881844380403458
0 0.3824750830564784 0.335014409221902 0.014119601328903655 0.03025936599423631
0 0.3546511627906977 0.32204610951008644 0.014950166112956811 0.024495677233429394
0 0.40988372093023256 0.329971181556196 0.01910299003322259 0.037463976945244955
0 0.4065614617940199 0.2989913544668588 0.012458471760797342 0.03025936599423631
0 0.44061461794019935 0.33861671469740634 0.020764119601328904 0.043227665706051875
0 0.4356312292358804 0.3069164265129683 0.014119601328903655 0.03170028818443804
0 0.3953488372093023 0.25720461095100866 0.014950166112956811 0.03025936599423631
0 0.4065614617940199 0.2723342939481268 0.012458471760797342 0.023054755043227664
0 0.42441860465116277 0.26368876080691644 0.011627906976744186 0.023054755043227664
0 0.4426910299003322 0.26368876080691644 0.013289036544850499 0.03170028818443804
0 0.4688538205980066 0.3025936599423631 0.015780730897009966 0.02881844380403458
0 0.4684385382059801 0.2672910662824208 0.014950166112956811 0.027377521613832854
0 0.4601328903654485 0.24351585014409222 0.011627906976744186 0.023054755043227664
0 0.4688538205980066 0.23270893371757925 0.01079734219269103 0.018731988472622477
0 0.49750830564784054 0.2672910662824208 0.013289036544850499 0.03602305475504323
0 0.5161960132890365 0.28097982708933716 0.015780730897009966 0.0345821325648415
0 0.49916943521594687 0.32132564841498557 0.018272425249169437 0.037463976945244955
0 0.5743355481727574 0.27737752161383283 0.014119601328903655 0.03025936599423631
0 0.5373754152823921 0.25144092219020175 0.013289036544850499 0.03025936599423631
0 0.5170265780730897 0.24351585014409222 0.014119601328903655 0.025936599423631124
0 0.5664451827242525 0.21829971181556196 0.008305647840531562 0.018731988472622477
0 0.5988372093023255 0.22406340057636887 0.013289036544850499 0.024495677233429394
0 0.6121262458471761 0.20461095100864554 0.009966777408637873 0.023054755043227664
0 0.627906976744186 0.21902017291066284 0.011627906976744186 0.025936599423631124
0 0.6677740863787376 0.20893371757925072 0.008305647840531562 0.020172910662824207
0 0.6735880398671097 0.23126801152737753 0.009966777408637873 0.024495677233429394
0 0.6881229235880398 0.22910662824207492 0.009136212624584718 0.023054755043227664
0 0.6403654485049833 0.2478386167146974 0.011627906976744186 0.023054755043227664
0 0.6067275747508306 0.25144092219020175 0.01079734219269103 0.021613832853025938
0 0.579734219269103 0.24927953890489912 0.013289036544850499 0.020172910662824207
0 0.5020764119601329 0.38472622478386165 0.02408637873754153 0.05763688760806916
0 0.545265780730897 0.4027377521613833 0.02574750830564784 0.05043227665706052
0 0.5373754152823921 0.37752161383285304 0.019933554817275746 0.0345821325648415
0 0.5975913621262459 0.3285302593659942 0.020764119601328904 0.043227665706051875
0 0.6125415282392026 0.42795389048991356 0.02574750830564784 0.05475504322766571
0 0.6333056478405316 0.46253602305475505 0.029069767441860465 0.05763688760806916
0 0.7072259136212624 0.5360230547550432 0.03239202657807309 0.07492795389048991
0 0.8014950166112956 0.49135446685878964 0.023255813953488372 0.05187319884726225
0 0.6648671096345515 0.3703170028818444 0.022425249169435217 0.04610951008645533
0 0.6922757475083057 0.34942363112391933 0.015780730897009966 0.04178674351585014
0 0.6706810631229236 0.2780979827089337 0.015780730897009966 0.03170028818443804
0 0.635797342192691 0.3112391930835735 0.01910299003322259 0.037463976945244955
0 0.7055647840531561 0.2507204610951009 0.012458471760797342 0.02881844380403458
0 0.7217607973421927 0.28602305475504325 0.013289036544850499 0.03602305475504323
0 0.7342192691029901 0.24855907780979827 0.011627906976744186 0.03314121037463977
0 0.7441860465116279 0.2211815561959654 0.013289036544850499 0.027377521613832854
0 0.747093023255814 0.26945244956772335 0.012458471760797342 0.025936599423631124
0 0.7670265780730897 0.28170028818443804 0.014119601328903655 0.03314121037463977
0 0.7670265780730897 0.2521613832853026 0.01079734219269103 0.025936599423631124
0 0.7790697674418605 0.23631123919308358 0.009966777408637873 0.023054755043227664
0 0.7857142857142857 0.26440922190201727 0.013289036544850499 0.03025936599423631
0 0.8122923588039868 0.24495677233429394 0.014950166112956811 0.03170028818443804
0 0.7429401993355482 0.4085014409221902 0.022425249169435217 0.05043227665706052
0 0.8164451827242525 0.2788184438040346 0.013289036544850499 0.024495677233429394
0 0.813953488372093 0.31051873198847263 0.013289036544850499 0.03025936599423631
0 0.8122923588039868 0.36239193083573484 0.02159468438538206 0.05043227665706052
0 0.7886212624584718 0.4128242074927954 0.020764119601328904 0.0446685878962536
0 0.8596345514950167 0.4128242074927954 0.02159468438538206 0.0446685878962536
0 0.853405315614618 0.3047550432276657 0.012458471760797342 0.03314121037463977
0 0.8430232558139535 0.2579250720461095 0.013289036544850499 0.02881844380403458
0 0.8612956810631229 0.2716138328530259 0.011627906976744186 0.027377521613832854
0 0.8725083056478405 0.2831412103746398 0.014119601328903655 0.03025936599423631
0 0.875 0.25288184438040345 0.012458471760797342 0.027377521613832854
0 0.9007475083056479 0.2881844380403458 0.014119601328903655 0.037463976945244955
0 0.9393687707641196 0.31195965417867433 0.011627906976744186 0.027377521613832854
0 0.9377076411960132 0.2802593659942363 0.011627906976744186 0.021613832853025938
0 0.9057308970099668 0.329971181556196 0.014119601328903655 0.037463976945244955
0 0.9294019933554817 0.35014409221902015 0.013289036544850499 0.037463976945244955
0 0.9136212624584718 0.39481268011527376 0.018272425249169437 0.043227665706051875
0 0.9102990033222591 0.4596541786743516 0.024916943521594685 0.05475504322766571
0 0.8687707641196013 0.33645533141210376 0.018272425249169437 0.04755043227665706
0 0.8471760797342193 0.4618155619596542 0.02823920265780731 0.04755043227665706