0 0.11923076923076924 0.550354609929078 0.0452991452991453 0.07943262411347518
0 0.21666666666666667 0.3326241134751773 0.021367521367521368 0.03546099290780142
0 0.24700854700854702 0.3382978723404255 0.020512820512820513 0.04397163120567376
0 0.2692307692307692 0.37659574468085105 0.023931623931623933 0.03829787234042553
0 0.3213675213675214 0.36666666666666664 0.02905982905982906 0.04964539007092199
0 0.2777777777777778 0.30851063829787234 0.020512820512820513 0.03829787234042553
0 0.344017094017094 0.32340425531914896 0.019658119658119658 0.031205673758865248
0 0.34658119658119657 0.2936170212765957 0.021367521367521368 0.028368794326241134
0 0.3841880341880342 0.25957446808510637 0.01623931623931624 0.03404255319148936
0 0.40042735042735045 0.2950354609929078 0.021367521367521368 0.03687943262411347
0 0.4017094017094017 0.3276595744680851 0.018803418803418803 0.03971631205673759
0 0.3735042735042735 0.3354609929078014 0.017094017094017096 0.032624113475177303
0 0.44700854700854703 0.3304964539007092 0.020512820512820513 0.03971631205673759
0 0.42991452991452994 0.3056737588652482 0.018803418803418803 0.032624113475177303
0 0.4188034188034188 0.2581560283687943 0.015384615384615385 0.028368794326241134
0 0.4256410256410256 0.2900709219858156 0.017094017094017096 0.032624113475177303
0 0.46111111111111114 0.24113475177304963 0.019658119658119658 0.031205673758865248
0 0.4675213675213675 0.2645390070921986 0.017094017094017096 0.03546099290780142
0 0.4675213675213675 0.30354609929078014 0.017094017094017096 0.03687943262411347
0 0.49572649572649574 0.32553191489361705 0.022222222222222223 0.03829787234042553
0 0.5017094017094017 0.25460992907801416 0.020512820512820513 0.029787234042553193
0 0.5196581196581197 0.2730496453900709 0.018803418803418803 0.032624113475177303
0 0.5170940170940171 0.24609929078014184 0.013675213675213675 0.029787234042553193
0 0.5393162393162393 0.24964539007092199 0.015384615384615385 0.03687943262411347
0 0.5512820512820513 0.22624113475177304 0.015384615384615385 0.02695035460992908
0 0.5542735042735043 0.2765957446808511 0.017948717948717947 0.03687943262411347
0 0.5662393162393162 0.22411347517730495 0.01282051282051282 0.02269503546099291
0 0.5816239316239317 0.23120567375886525 0.01452991452991453 0.02553191489361702
0 0.5786324786324787 0.2574468085106383 0.017094017094017096 0.032624113475177303
0 0.6047008547008547 0.22198581560283687 0.01282051282051282 0.02695035460992908
0 0.6064102564102564 0.2049645390070922 0.017948717948717947 0.02695035460992908
0 0.6282051282051282 0.21134751773049645 0.013675213675213675 0.02553191489361702
0 0.6410256410256411 0.22127659574468084 0.015384615384615385 0.028368794326241134
0 0.6444444444444445 0.24184397163120566 0.015384615384615385 0.029787234042553193
0 0.6760683760683761 0.22695035460992907 0.013675213675213675 0.028368794326241134
0 0.6747863247863248 0.20567375886524822 0.01282051282051282 0.02269503546099291
0 0.6871794871794872 0.22198581560283687 0.011965811965811967 0.029787234042553193
0 0.5995726495726496 0.2553191489361702 0.017948717948717947 0.031205673758865248
0 0.47606837606837604 0.39574468085106385 0.03076923076923077 0.059574468085106386
0 0.5431623931623931 0.40283687943262414 0.03333333333333333 0.05673758865248227
0 0.544017094017094 0.3553191489361702 0.026495726495726495 0.04397163120567376
0 0.6047008547008547 0.32695035460992905 0.028205128205128206 0.03829787234042553
0 0.5888888888888889 0.39290780141843973 0.03418803418803419 0.04822695035460993
0 0.591025641025641 0.45602836879432623 0.03504273504273504 0.06950354609929078
0 0.638034188034188 0.4553191489361702 0.03675213675213675 0.059574468085106386
0 0.6666666666666666 0.3638297872340426 0.02735042735042735 0.04680851063829787
0 0.6508547008547009 0.34397163120567376 0.024786324786324785 0.04680851063829787
0 0.6367521367521367 0.29929078014184396 0.023931623931623933 0.04539007092198582
0 0.6760683760683761 0.2773049645390071 0.018803418803418803 0.03546099290780142
0 0.7102564102564103 0.24609929078014184 0.017094017094017096 0.032624113475177303
0 0.7008547008547008 0.2950354609929078 0.023931623931623933 0.04822695035460993
0 0.7132478632478633 0.29929078014184396 0.019658119658119658 0.03971631205673759
0 0.6923076923076923 0.3617021276595745 0.02735042735042735 0.05673758865248227
0 0.726068376068376 0.39787234042553193 0.03333333333333333 0.0524822695035461
0 0.7034188034188035 0.5397163120567375 0.044444444444444446 0.08085106382978724
0 0.8444444444444444 0.502127659574468 0.039316239316239315 0.07375886524822695
0 0.7927350427350427 0.41418439716312055 0.029914529914529916 0.062411347517730496
0 0.8226495726495726 0.3588652482269504 0.026495726495726495 0.04539007092198582
0 0.8572649572649572 0.38581560283687943 0.02905982905982906 0.05673758865248227
0 0.9337606837606838 0.4602836879432624 0.03333333333333333 0.05815602836879433
0 0.8572649572649572 0.450354609929078 0.037606837606837605 0.06382978723404255
0 0.9286324786324787 0.38581560283687943 0.028205128205128206 0.05106382978723404
0 0.9448717948717948 0.350354609929078 0.019658119658119658 0.04539007092198582
0 0.9512820512820512 0.3219858156028369 0.020512820512820513 0.03687943262411347
0 0.9529914529914529 0.274468085106383 0.017094017094017096 0.03546099290780142
0 0.9252136752136753 0.3056737588652482 0.017948717948717947 0.03829787234042553
0 0.917094017094017 0.27588652482269505 0.023931623931623933 0.03829787234042553
0 0.8995726495726496 0.31560283687943264 0.021367521367521368 0.04113475177304964
0 0.9081196581196581 0.3553191489361702 0.019658119658119658 0.04113475177304964
0 0.8786324786324786 0.3304964539007092 0.018803418803418803 0.0425531914893617
0 0.8542735042735042 0.30851063829787234 0.01623931623931624 0.03829787234042553
0 0.8239316239316239 0.30141843971631205 0.018803418803418803 0.03546099290780142
0 0.8200854700854701 0.2843971631205674 0.01623931623931624 0.03829787234042553
0 0.7811965811965812 0.2773049645390071 0.017094017094017096 0.032624113475177303
0 0.7952991452991452 0.26170212765957446 0.01623931623931624 0.032624113475177303
0 0.788034188034188 0.23404255319148937 0.017094017094017096 0.031205673758865248
0 0.7696581196581197 0.26099290780141843 0.01623931623931624 0.03404255319148936
0 0.7363247863247864 0.25390070921985813 0.017948717948717947 0.03687943262411347
0 0.7427350427350428 0.23687943262411348 0.015384615384615385 0.031205673758865248
0 0.7585470085470085 0.2297872340425532 0.01623931623931624 0.031205673758865248
0 0.8192307692307692 0.2425531914893617 0.019658119658119658 0.03687943262411347
0 0.8521367521367521 0.2560283687943262 0.015384615384615385 0.032624113475177303
0 0.8658119658119658 0.2695035460992908 0.013675213675213675 0.03971631205673759
0 0.8833333333333333 0.26170212765957446 0.01623931623931624 0.032624113475177303