0 0.051837888784165884 0.39303482587064675 0.02639019792648445 0.04975124378109453
0 0.2756833176248822 0.24212271973466004 0.01413760603204524 0.029850746268656716
0 0.30301602262016963 0.2537313432835821 0.016022620169651274 0.02321724709784411
0 0.3180961357210179 0.2470978441127695 0.01413760603204524 0.03316749585406302
0 0.3341187558906692 0.2570480928689884 0.016022620169651274 0.03316749585406302
0 0.34967012252591895 0.2620232172470978 0.016965127238454288 0.03648424543946932
0 0.3694627709707823 0.27114427860696516 0.01885014137606032 0.03814262023217247
0 0.3930254476908577 0.2877280265339967 0.024505183788878417 0.04477611940298507
0 0.47360980207351555 0.236318407960199 0.016022620169651274 0.03482587064676617
0 0.45617342130065974 0.22388059701492538 0.013195098963242224 0.03316749585406302
0 0.3986804901036758 0.21724709784411278 0.015080113100848256 0.029850746268656716
0 0.3576814326107446 0.22802653399668324 0.017907634307257305 0.028192371475953566
0 0.3308199811498586 0.22553897180762852 0.016965127238454288 0.02321724709784411
0 0.32704995287464655 0.20978441127694858 0.013195098963242224 0.02155887230514096
0 0.37888784165881245 0.19817578772802655 0.013195098963242224 0.028192371475953566
0 0.38501413760603204 0.19071310116086235 0.012252591894439209 0.02321724709784411
0 0.413760603204524 0.1998341625207297 0.015080113100848256 0.03150912106135987
0 0.4420358152686145 0.19154228855721392 0.013195098963242224 0.028192371475953566
0 0.45098963242224316 0.17495854063018243 0.016022620169651274 0.028192371475953566
0 0.4891611687087653 0.20480928689883915 0.016965127238454288 0.03482587064676617
0 0.5362865221489161 0.20398009950248755 0.016965127238454288 0.03648424543946932
0 0.4665409990574929 0.1451077943615257 0.011310084825636193 0.024875621890547265
0 0.47973609802073514 0.14427860696517414 0.011310084825636193 0.01990049751243781
0 0.49670122525918947 0.1583747927031509 0.013195098963242224 0.02155887230514096
0 0.5419415645617343 0.16500829187396351 0.015080113100848256 0.028192371475953566
0 0.528746465598492 0.1724709784411277 0.011310084825636193 0.02321724709784411
0 0.5659754948162111 0.18076285240464346 0.016022620169651274 0.03316749585406302
0 0.5523091423185674 0.16417910447761194 0.011310084825636193 0.02321724709784411
0 0.562205466540999 0.12686567164179105 0.016022620169651274 0.028192371475953566
0 0.5876531573986805 0.148424543946932 0.012252591894439209 0.024875621890547265
0 0.6107445805843544 0.15671641791044777 0.015080113100848256 0.03150912106135987
0 0.6182846371347785 0.1318407960199005 0.013195098963242224 0.024875621890547265
0 0.6046182846371347 0.12189054726368159 0.010367577756833177 0.024875621890547265
0 0.6366635249764373 0.14925373134328357 0.01413760603204524 0.029850746268656716
0 0.6498586239396795 0.12354892205638475 0.012252591894439209 0.028192371475953566
0 0.6748350612629594 0.12935323383084577 0.013195098963242224 0.029850746268656716
0 0.5834118755890669 0.22719734660033167 0.024505183788878417 0.04975124378109453
0 0.49811498586239394 0.3117744610281924 0.02544769085768143 0.05306799336650083
0 0.586239396795476 0.296849087893864 0.022620169651272386 0.04975124378109453
0 0.6347785108388313 0.32669983416252074 0.0235626767200754 0.05306799336650083
0 0.620640904806786 0.25207296849087896 0.0235626767200754 0.05306799336650083
0 0.6324222431668237 0.20978441127694858 0.01885014137606032 0.03814262023217247
0 0.6489161168708766 0.18076285240464346 0.012252591894439209 0.03316749585406302
0 0.6625824693685203 0.20480928689883915 0.01885014137606032 0.03482587064676617
0 0.6639962299717248 0.25870646766169153 0.019792648444863337 0.04311774461028192
0 0.7177191328934966 0.29519071310116085 0.019792648444863337 0.04643449419568822
0 0.8426013195098964 0.3250414593698176 0.020735155513666354 0.05638474295190713
0 0.7591894439208294 0.2860696517412935 0.021677662582469368 0.04477611940298507
0 0.7148916116870877 0.2197346600331675 0.021677662582469368 0.04145936981757877
0 0.7026390197926484 0.18490878938640132 0.017907634307257305 0.03482587064676617
0 0.6852026390197926 0.15422885572139303 0.013195098963242224 0.026533996683250415
0 0.7247879359095193 0.175787728026534 0.015080113100848256 0.029850746268656716
0 0.7134778510838832 0.1583747927031509 0.011310084825636193 0.024875621890547265
0 0.735626767200754 0.11774461028192372 0.012252591894439209 0.02321724709784411
0 0.7474081055607917 0.1517412935323383 0.013195098963242224 0.03150912106135987
0 0.73751178133836 0.20563847429519072 0.016022620169651274 0.03648424543946932
0 0.7686145146088595 0.20563847429519072 0.019792648444863337 0.04311774461028192
0 0.7704995287464655 0.16169154228855723 0.01413760603204524 0.03150912106135987
0 0.7733270499528746 0.13432835820895522 0.010367577756833177 0.02321724709784411
0 0.7841658812441094 0.14013266998341625 0.013195098963242224 0.028192371475953566
0 0.795947219604147 0.16998341625207297 0.016022620169651274 0.03150912106135987
0 0.7808671065032988 0.23134328358208955 0.021677662582469368 0.04477611940298507
0 0.8270499528746466 0.20563847429519072 0.016022620169651274 0.03980099502487562
0 0.8430725730442978 0.18325041459369817 0.012252591894439209 0.03150912106135987
0 0.8336475023562677 0.1558872305140962 0.01413760603204524 0.026533996683250415
0 0.8129123468426013 0.13018242122719734 0.016022620169651274 0.028192371475953566
0 0.8708765315739868 0.16417910447761194 0.013195098963242224 0.029850746268656716
0 0.909048067860509 0.23383084577114427 0.017907634307257305 0.03980099502487562
0 0.9326107445805843 0.2645107794361526 0.0235626767200754 0.04809286898839138
0 0.8647502356267672 0.29187396351575456 0.021677662582469368 0.04643449419568822
0 0.8887841658812441 0.21061359867330018 0.015080113100848256 0.03316749585406302
0 0.8920829406220546 0.18076285240464346 0.012252591894439209 0.02321724709784411
0 0.9015080113100848 0.16334991708126037 0.010367577756833177 0.024875621890547265