0 0.12651576394502828 0.552437223042836 0.03637833468067906 0.07090103397341212
0 0.22109943411479385 0.35745937961595275 0.015359741309620048 0.029542097488921712
0 0.2510105092966855 0.38552437223042835 0.02021018593371059 0.04431314623338257
0 0.2801131770412288 0.3345642540620384 0.016976556184316895 0.033973412112259974
0 0.2841552142279709 0.38330871491875923 0.016976556184316895 0.03988183161004431
0 0.32740501212611156 0.3862629246676514 0.02263540824575586 0.04283604135893648
0 0.34842360549717055 0.34711964549483015 0.014551333872271624 0.03249630723781388
0 0.3516572352465643 0.30576070901033975 0.016168148746968473 0.03249630723781388
0 0.38601455133387225 0.2776957163958641 0.0137429264349232 0.029542097488921712
0 0.4082457558609539 0.29320531757754803 0.012934518997574777 0.0310192023633678
0 0.41875505254648343 0.27695716395864106 0.01131770412287793 0.025110782865583457
0 0.4397736459175424 0.2776957163958641 0.012934518997574777 0.026587887740029542
0 0.4510913500404204 0.2880354505169867 0.01778496362166532 0.03249630723781388
0 0.45715440582053357 0.2548005908419498 0.0137429264349232 0.028064992614475627
0 0.5444624090541633 0.23485967503692762 0.012126111560226353 0.023633677991137372
0 0.5614389652384802 0.23190546528803546 0.0137429264349232 0.0206794682422452
0 0.5909458367016976 0.2363367799113737 0.009700889248181084 0.023633677991137372
0 0.5998383185125303 0.2223042836041359 0.014551333872271624 0.025110782865583457
0 0.6196443007275667 0.21935007385524372 0.0137429264349232 0.028064992614475627
0 0.6596604688763137 0.2223042836041359 0.012934518997574777 0.022156573116691284
0 0.6244947453516573 0.241506646971935 0.015359741309620048 0.025110782865583457
0 0.5889248181083266 0.26440177252584934 0.012126111560226353 0.029542097488921712
0 0.6071139854486661 0.2791728212703102 0.014551333872271624 0.0206794682422452
0 0.5675020210185934 0.2813884785819793 0.016168148746968473 0.033973412112259974
0 0.5359741309620049 0.2688330871491876 0.016168148746968473 0.029542097488921712
0 0.5129345189975748 0.2673559822747415 0.0137429264349232 0.029542097488921712
0 0.5177849636216654 0.29542097488921715 0.016976556184316895 0.03249630723781388
0 0.5460792239288601 0.2983751846381093 0.015359741309620048 0.03249630723781388
0 0.45917542441390463 0.3353028064992615 0.019401778496362168 0.03249630723781388
0 0.4902991107518189 0.345642540620384 0.02021018593371059 0.03545051698670606
0 0.4248181083265966 0.32791728212703103 0.02021018593371059 0.026587887740029542
0 0.4373484236054972 0.3604135893648449 0.024252223120452707 0.03545051698670606
0 0.404607922392886 0.34933530280649927 0.02021018593371059 0.033973412112259974
0 0.3997574777687955 0.3190546528803545 0.018593371059013743 0.026587887740029542
0 0.3742926434923201 0.3700147710487445 0.021018593371059015 0.03988183161004431
0 0.4692805173807599 0.43131462333825704 0.025060630557801132 0.053175775480059084
0 0.5303152789005658 0.37961595273264404 0.021018593371059015 0.047267355982274745
0 0.5092966855295069 0.4771048744460857 0.02910266774454325 0.050221565731166914
0 0.5759902991107518 0.46824224519940916 0.028294260307194827 0.0620384047267356
0 0.6248989490703315 0.4844903988183161 0.02910266774454325 0.0620384047267356
0 0.6095392077607114 0.39586410635155095 0.021018593371059015 0.047267355982274745
0 0.5909458367016976 0.344903988183161 0.019401778496362168 0.03988183161004431
0 0.624090541632983 0.31831610044313147 0.016168148746968473 0.028064992614475627
0 0.658447857720291 0.29542097488921715 0.015359741309620048 0.026587887740029542
0 0.6932093775262732 0.27031019202363366 0.016976556184316895 0.03545051698670606
0 0.6790622473726758 0.23559822747415066 0.014551333872271624 0.022156573116691284
0 0.6612772837510105 0.24446085672082718 0.014551333872271624 0.025110782865583457
0 0.7235246564268392 0.25775480059084194 0.014551333872271624 0.033973412112259974
0 0.7320129345189976 0.276218611521418 0.015359741309620048 0.03249630723781388
0 0.7502021018593371 0.27031019202363366 0.014551333872271624 0.026587887740029542
0 0.7679870654810024 0.2555391432791728 0.014551333872271624 0.029542097488921712
0 0.7752627324171383 0.2695716395864106 0.012934518997574777 0.025110782865583457
0 0.7639450282942603 0.2961595273264402 0.014551333872271624 0.04283604135893648
0 0.6847210994341147 0.31831610044313147 0.021018593371059015 0.03988183161004431
0 0.7970897332255457 0.2621861152141802 0.016168148746968473 0.03692762186115214
0 0.8298302344381568 0.2717872968980798 0.0137429264349232 0.03545051698670606
0 0.8451899757477769 0.2880354505169867 0.02021018593371059 0.0413589364844904
0 0.8670169765561844 0.2717872968980798 0.015359741309620048 0.03545051698670606
0 0.8803556992724333 0.2880354505169867 0.014551333872271624 0.029542097488921712
0 0.9240097008892482 0.3050221565731167 0.014551333872271624 0.033973412112259974
0 0.9187550525464834 0.3293943870014771 0.016976556184316895 0.029542097488921712
0 0.9001616814874697 0.34268833087149186 0.018593371059013743 0.0413589364844904
0 0.8795472918350848 0.3397341211225997 0.014551333872271624 0.03545051698670606
0 0.8540824575586096 0.3559822747415066 0.015359741309620048 0.04431314623338257
0 0.8362974939369442 0.3478581979320532 0.02021018593371059 0.04874446085672083
0 0.8075990299110751 0.3478581979320532 0.019401778496362168 0.03692762186115214
0 0.8055780113177041 0.31462333825701627 0.02021018593371059 0.03249630723781388
0 0.7987065481002426 0.3803545051698671 0.02263540824575586 0.04874446085672083
0 0.8439773645917542 0.4121122599704579 0.030719482619240096 0.0620384047267356
0 0.9110751818916734 0.3906942392909897 0.021018593371059015 0.05465288035450517
0 0.8977364591754244 0.4726735598227474 0.03152789005658852 0.06499261447562776
0 0.7700080840743735 0.44977843426883307 0.02667744543249798 0.060561299852289516
0 0.7142279708973323 0.42688330871491875 0.03152789005658852 0.059084194977843424
0 0.6802748585286985 0.37961595273264404 0.02021018593371059 0.04431314623338257
0 0.6479385610347616 0.39217134416543575 0.028294260307194827 0.05760709010339734
0 0.637429264349232 0.36484490398818314 0.021827000808407437 0.04431314623338257
0 0.6867421180274859 0.568685376661743 0.033144704931285365 0.06499261447562776
0 0.8067906224737268 0.5288035450516987 0.0274858528698464 0.07680945347119646
0 0.8326596604688763 0.4881831610044313 0.0274858528698464 0.05760709010339734