0 0.05097312326227989 0.3617549668874172 0.014828544949026877 0.0347682119205298
0 0.0597775718257646 0.3294701986754967 0.015755329008341055 0.033112582781456956
0 0.09267840593141798 0.44039735099337746 0.03707136237256719 0.07947019867549669
0 0.14504170528266913 0.396523178807947 0.03614457831325301 0.07119205298013245
0 0.17655236329935126 0.48344370860927155 0.03985171455050973 0.08609271523178808
0 0.3517145505097312 0.19039735099337748 0.019462465245597776 0.04304635761589404
0 0.4212233549582947 0.222682119205298 0.03429101019462465 0.06788079470198675
0 0.4318813716404078 0.173841059602649 0.024096385542168676 0.04966887417218543
0 0.5481927710843374 0.20612582781456953 0.03429101019462465 0.07119205298013245
0 0.6635773864689527 0.10596026490066225 0.020389249304911955 0.046357615894039736
0 0.752548656163114 0.12086092715231789 0.018535681186283594 0.04966887417218543