0 0.10197368421052631 0.48327759197324416 0.04981203007518797 0.09698996655518395
0 0.24154135338345864 0.23494983277591974 0.020676691729323307 0.038461538461538464
0 0.3233082706766917 0.25 0.013157894736842105 0.03177257525083612
0 0.38110902255639095 0.270066889632107 0.021616541353383457 0.03511705685618729
0 0.3656015037593985 0.2525083612040134 0.015037593984962405 0.030100334448160536
0 0.32894736842105265 0.2249163879598662 0.013157894736842105 0.02508361204013378
0 0.31296992481203006 0.23411371237458195 0.013157894736842105 0.030100334448160536
0 0.3641917293233083 0.18812709030100336 0.014097744360902255 0.02508361204013378
0 0.38627819548872183 0.19147157190635453 0.013157894736842105 0.028428093645484948
0 0.40131578947368424 0.2165551839464883 0.020676691729323307 0.028428093645484948
0 0.37406015037593987 0.22240802675585283 0.013157894736842105 0.030100334448160536
0 0.4093045112781955 0.18394648829431437 0.014097744360902255 0.033444816053511704
0 0.450187969924812 0.18729096989966554 0.011278195488721804 0.030100334448160536
0 0.47462406015037595 0.19983277591973245 0.015037593984962405 0.02508361204013378
0 0.4699248120300752 0.23745819397993312 0.018796992481203006 0.03678929765886288
0 0.5281954887218046 0.205685618729097 0.020676691729323307 0.03678929765886288
0 0.5117481203007519 0.18896321070234115 0.012218045112781954 0.030100334448160536
0 0.4967105263157895 0.16220735785953178 0.014097744360902255 0.030100334448160536
0 0.5220864661654135 0.16806020066889632 0.014097744360902255 0.028428093645484948
0 0.5484022556390977 0.1605351170568562 0.014097744360902255 0.03678929765886288
0 0.5770676691729323 0.16220735785953178 0.016917293233082706 0.033444816053511704
0 0.5733082706766918 0.11956521739130435 0.013157894736842105 0.03177257525083612
0 0.5808270676691729 0.14046822742474915 0.015037593984962405 0.030100334448160536
0 0.5897556390977443 0.12290969899665552 0.012218045112781954 0.03177257525083612
0 0.618421052631579 0.1479933110367893 0.013157894736842105 0.02508361204013378
0 0.4591165413533835 0.225752508361204 0.017857142857142856 0.033444816053511704
0 0.4830827067669173 0.3377926421404682 0.02631578947368421 0.05016722408026756
0 0.5554511278195489 0.3085284280936455 0.02443609022556391 0.061872909698996656
0 0.599624060150376 0.32357859531772576 0.02819548872180451 0.05518394648829431
0 0.5935150375939849 0.26672240802675584 0.023496240601503758 0.048494983277591976
0 0.6334586466165414 0.20735785953177258 0.016917293233082706 0.04013377926421405
0 0.6531954887218046 0.19230769230769232 0.015037593984962405 0.03678929765886288
0 0.6658834586466166 0.21739130434782608 0.019736842105263157 0.043478260869565216
0 0.6785714285714286 0.25585284280936454 0.020676691729323307 0.05016722408026756
0 0.7180451127819549 0.2826086956521739 0.022556390977443608 0.046822742474916385
0 0.7185150375939849 0.21739130434782608 0.017857142857142856 0.04013377926421405
0 0.7030075187969925 0.18896321070234115 0.018796992481203006 0.04013377926421405
0 0.6973684210526315 0.15802675585284282 0.013157894736842105 0.028428093645484948
0 0.7105263157894737 0.14632107023411373 0.011278195488721804 0.03177257525083612
0 0.7288533834586466 0.16137123745819398 0.015977443609022556 0.03511705685618729
0 0.7467105263157895 0.1505016722408027 0.014097744360902255 0.033444816053511704
0 0.737312030075188 0.12207357859531773 0.014097744360902255 0.033444816053511704
0 0.7734962406015038 0.1262541806020067 0.013157894736842105 0.02508361204013378
0 0.7678571428571429 0.15719063545150502 0.016917293233082706 0.03678929765886288
0 0.7861842105263158 0.18311036789297658 0.017857142857142856 0.03511705685618729
0 0.7410714285714286 0.18729096989966554 0.014097744360902255 0.030100334448160536
0 0.7650375939849624 0.2249163879598662 0.020676691729323307 0.0451505016722408
0 0.7819548872180451 0.2817725752508361 0.02443609022556391 0.048494983277591976
0 0.8411654135338346 0.32525083612040134 0.02443609022556391 0.05852842809364549
0 0.8651315789473685 0.26505016722408026 0.021616541353383457 0.05518394648829431
0 0.9130639097744361 0.2725752508361204 0.017857142857142856 0.04013377926421405
0 0.9224624060150376 0.23076923076923078 0.017857142857142856 0.046822742474916385
0 0.8867481203007519 0.19983277591973245 0.015977443609022556 0.03511705685618729
0 0.893796992481203 0.16806020066889632 0.015037593984962405 0.03511705685618729
0 0.8543233082706767 0.16722408026755853 0.015037593984962405 0.030100334448160536
0 0.8449248120300752 0.18227424749163879 0.015037593984962405 0.033444816053511704
0 0.8364661654135338 0.22157190635451504 0.016917293233082706 0.03511705685618729
0 0.8087406015037594 0.15468227424749165 0.015977443609022556 0.038461538461538464
0 0.7880639097744361 0.14214046822742474 0.014097744360902255 0.030100334448160536
0 0.8331766917293233 0.13043478260869565 0.014097744360902255 0.033444816053511704
0 0.9699248120300752 0.3311036789297659 0.03571428571428571 0.08361204013377926