0 0.2632258064516129 0.2591324200913242 0.012903225806451613 0.02054794520547945
0 0.27548387096774196 0.2511415525114155 0.014193548387096775 0.0273972602739726
0 0.29161290322580646 0.2591324200913242 0.01806451612903226 0.03424657534246575
0 0.3361290322580645 0.23972602739726026 0.02193548387096774 0.045662100456621
0 0.3909677419354839 0.2602739726027397 0.015483870967741935 0.0319634703196347
0 0.38387096774193546 0.2191780821917808 0.014193548387096775 0.0228310502283105
0 0.36193548387096774 0.19406392694063926 0.016774193548387096 0.0273972602739726
0 0.3961290322580645 0.19748858447488585 0.01806451612903226 0.02511415525114155
0 0.43290322580645163 0.2226027397260274 0.014193548387096775 0.03424657534246575
0 0.4638709677419355 0.2180365296803653 0.016774193548387096 0.03881278538812785
0 0.4425806451612903 0.18493150684931506 0.015483870967741935 0.0319634703196347
0 0.4264516129032258 0.1643835616438356 0.011612903225806452 0.0228310502283105
0 0.4129032258064516 0.16095890410958905 0.012903225806451613 0.02511415525114155
0 0.4470967741935484 0.15182648401826485 0.011612903225806452 0.02054794520547945
0 0.4864516129032258 0.204337899543379 0.012903225806451613 0.02511415525114155
0 0.47161290322580646 0.18378995433789955 0.00903225806451613 0.02511415525114155
0 0.48451612903225805 0.1643835616438356 0.011612903225806452 0.0273972602739726
0 0.5083870967741936 0.16552511415525115 0.012903225806451613 0.03424657534246575
0 0.5219354838709678 0.19406392694063926 0.016774193548387096 0.0365296803652968
0 0.5109677419354839 0.1278538812785388 0.01032258064516129 0.0182648401826484
0 0.5232258064516129 0.1312785388127854 0.011612903225806452 0.01598173515981735
0 0.5774193548387097 0.136986301369863 0.011612903225806452 0.0228310502283105
0 0.56 0.1278538812785388 0.012903225806451613 0.0228310502283105
0 0.552258064516129 0.10844748858447488 0.01032258064516129 0.01598173515981735
0 0.5896774193548387 0.10273972602739725 0.01032258064516129 0.0228310502283105
0 0.6122580645161291 0.09703196347031963 0.011612903225806452 0.02511415525114155
0 0.6380645161290323 0.0958904109589041 0.011612903225806452 0.0228310502283105
0 0.6625806451612903 0.10616438356164383 0.00903225806451613 0.02054794520547945
0 0.6980645161290323 0.10159817351598173 0.01032258064516129 0.02968036529680365
0 0.6374193548387097 0.13356164383561644 0.012903225806451613 0.02054794520547945
0 0.5993548387096774 0.15182648401826485 0.016774193548387096 0.02968036529680365
0 0.5483870967741935 0.1689497716894977 0.012903225806451613 0.0228310502283105
0 0.49612903225806454 0.2831050228310502 0.01935483870967742 0.045662100456621
0 0.5303225806451612 0.3310502283105023 0.025806451612903226 0.0502283105022831
0 0.5529032258064516 0.2557077625570776 0.016774193548387096 0.0410958904109589
0 0.6245161290322581 0.24315068493150685 0.02064516129032258 0.04794520547945205
0 0.6212903225806452 0.2009132420091324 0.014193548387096775 0.0319634703196347
0 0.6567741935483871 0.2191780821917808 0.015483870967741935 0.0319634703196347
0 0.6561290322580645 0.1723744292237443 0.014193548387096775 0.03424657534246575
0 0.6890322580645162 0.17465753424657535 0.015483870967741935 0.03424657534246575
0 0.6735483870967742 0.158675799086758 0.01032258064516129 0.03424657534246575
0 0.7309677419354839 0.11073059360730593 0.011612903225806452 0.02511415525114155
0 0.7393548387096774 0.14726027397260275 0.012903225806451613 0.02511415525114155
0 0.7619354838709678 0.13013698630136986 0.014193548387096775 0.0319634703196347
0 0.7735483870967742 0.1632420091324201 0.014193548387096775 0.02511415525114155
0 0.7612903225806451 0.2100456621004566 0.015483870967741935 0.0365296803652968
0 0.727741935483871 0.18493150684931506 0.01806451612903226 0.0319634703196347
0 0.7225806451612903 0.23972602739726026 0.01806451612903226 0.045662100456621
0 0.6819354838709677 0.3036529680365297 0.02193548387096774 0.045662100456621
0 0.5961290322580645 0.3264840182648402 0.02838709677419355 0.045662100456621
0 0.7445161290322581 0.3276255707762557 0.025806451612903226 0.05251141552511415
0 0.7716129032258064 0.271689497716895 0.02064516129032258 0.0502283105022831
0 0.8038709677419354 0.23401826484018265 0.015483870967741935 0.03424657534246575
0 0.7825806451612903 0.1997716894977169 0.014193548387096775 0.02968036529680365
0 0.8103225806451613 0.16095890410958905 0.012903225806451613 0.02968036529680365
0 0.8238709677419355 0.1358447488584475 0.011612903225806452 0.02511415525114155
0 0.8503225806451613 0.13356164383561644 0.01032258064516129 0.02054794520547945
0 0.8625806451612903 0.13013698630136986 0.00903225806451613 0.0228310502283105
0 0.8516129032258064 0.16552511415525115 0.012903225806451613 0.02968036529680365
0 0.8212903225806452 0.2089041095890411 0.016774193548387096 0.03881278538812785
0 0.8303225806451613 0.3025114155251142 0.02193548387096774 0.04794520547945205
0 0.7819354838709678 0.4018264840182648 0.03096774193548387 0.0684931506849315
0 0.8787096774193548 0.3424657534246575 0.023225806451612905 0.0684931506849315
0 0.9077419354838709 0.2979452054794521 0.016774193548387096 0.04337899543378995
0 0.8690322580645161 0.2100456621004566 0.014193548387096775 0.0319634703196347
0 0.8838709677419355 0.1678082191780822 0.01032258064516129 0.02968036529680365
0 0.8929032258064517 0.13812785388127855 0.01032258064516129 0.02054794520547945
0 0.9206451612903226 0.1541095890410959 0.011612903225806452 0.02511415525114155
0 0.9090322580645162 0.1952054794520548 0.014193548387096775 0.03881278538812785
0 0.9109677419354839 0.24885844748858446 0.012903225806451613 0.0228310502283105
0 0.8567741935483871 0.2557077625570776 0.02064516129032258 0.0502283105022831