0 0.8696850393700788 0.5296540362438221 0.027559055118110236 0.07084019769357495
0 0.9023622047244094 0.40362438220757824 0.02047244094488189 0.06260296540362438
0 0.9649606299212599 0.44233937397034595 0.024409448818897637 0.0642504118616145
0 0.9578740157480315 0.371499176276771 0.01653543307086614 0.051070840197693576
0 0.9755905511811024 0.342668863261944 0.012598425196850394 0.042833607907743
0 0.981496062992126 0.371499176276771 0.014960629921259842 0.051070840197693576
0 0.978740157480315 0.30642504118616143 0.012598425196850394 0.039538714991762765
0 0.9901574803149606 0.2685337726523888 0.010236220472440945 0.032948929159802305
0 0.925984251968504 0.33031301482701814 0.015748031496062992 0.051070840197693576
0 0.9366141732283465 0.2784184514003295 0.011811023622047244 0.042833607907743
0 0.9535433070866142 0.2471169686985173 0.011023622047244094 0.036243822075782535
0 0.9098425196850394 0.23311367380560133 0.013385826771653543 0.03789126853377265
0 0.8771653543307086 0.2413509060955519 0.011023622047244094 0.03789126853377265
0 0.9031496062992126 0.29242174629324547 0.01732283464566929 0.051070840197693576
0 0.7885826771653544 0.1812191103789127 0.011811023622047244 0.036243822075782535
0 0.8149606299212598 0.20345963756177923 0.012598425196850394 0.04118616144975288
0 0.8275590551181102 0.23064250411861614 0.014173228346456693 0.04942339373970346
0 0.8145669291338583 0.24299835255354202 0.014960629921259842 0.047775947281713346
0 0.7964566929133858 0.2751235584843493 0.01653543307086614 0.042833607907743
0 0.8216535433070866 0.3031301482701812 0.01811023622047244 0.05601317957166392
0 0.8696850393700788 0.3542009884678748 0.01653543307086614 0.05601317957166392
0 0.7767716535433071 0.4390444810543657 0.024409448818897637 0.08072487644151564
0 0.7708661417322835 0.2932454695222405 0.015748031496062992 0.04942339373970346
0 0.7492125984251968 0.20675453047775946 0.013385826771653543 0.04118616144975288
0 0.7846456692913386 0.21334431630971992 0.01653543307086614 0.044481054365733116
0 0.7531496062992126 0.24052718286655683 0.01653543307086614 0.04612850082372323
0 0.7208661417322835 0.2990115321252059 0.02125984251968504 0.047775947281713346
0 0.7244094488188977 0.22240527182866557 0.014173228346456693 0.042833607907743
0 0.7007874015748031 0.14662273476112025 0.011023622047244094 0.036243822075782535
0 0.7192913385826771 0.1672158154859967 0.011811023622047244 0.03789126853377265
0 0.6913385826771653 0.16803953871499178 0.014173228346456693 0.042833607907743
0 0.6748031496062992 0.18945634266886327 0.012598425196850394 0.036243822075782535
0 0.6677165354330709 0.26194398682042835 0.01889763779527559 0.04612850082372323
0 0.6405511811023622 0.13673805601317957 0.011811023622047244 0.036243822075782535
0 0.655511811023622 0.14827018121911037 0.011811023622047244 0.036243822075782535
0 0.6255905511811024 0.16474464579901152 0.01653543307086614 0.032948929159802305
0 0.628740157480315 0.20098846787479407 0.013385826771653543 0.04612850082372323
0 0.6200787401574803 0.18780889621087316 0.013385826771653543 0.036243822075782535
0 0.5881889763779528 0.2026359143327842 0.014173228346456693 0.039538714991762765
0 0.6271653543307086 0.30065897858319607 0.01968503937007874 0.060955518945634266
0 0.6661417322834645 0.40939044481054365 0.025196850393700787 0.060955518945634266
0 0.6137795275590551 0.3756177924217463 0.02283464566929134 0.06589785831960461
0 0.5673228346456692 0.3484349258649094 0.025984251968503937 0.057660626029654036
0 0.5909448818897638 0.14332784184514002 0.011811023622047244 0.032948929159802305
0 0.602755905511811 0.14909390444810544 0.013385826771653543 0.02800658978583196
0 0.5653543307086614 0.14909390444810544 0.012598425196850394 0.03130148270181219
0 0.5673228346456692 0.17298187808896212 0.011811023622047244 0.039538714991762765
0 0.5590551181102362 0.22240527182866557 0.014173228346456693 0.04612850082372323
0 0.5429133858267716 0.16803953871499178 0.014960629921259842 0.039538714991762765
0 0.5078740157480315 0.16062602965403625 0.012598425196850394 0.03789126853377265
0 0.5098425196850394 0.214168039538715 0.013385826771653543 0.042833607907743
0 0.49133858267716535 0.24464579901153213 0.02047244094488189 0.051070840197693576
0 0.4889763779527559 0.17957166392092258 0.014173228346456693 0.042833607907743
0 0.4448818897637795 0.200164744645799 0.012598425196850394 0.04118616144975288
0 0.4263779527559055 0.18204283360790774 0.010236220472440945 0.02800658978583196
0 0.41299212598425195 0.1886326194398682 0.014960629921259842 0.03459637561779242
0 0.41338582677165353 0.24299835255354202 0.014173228346456693 0.03789126853377265
0 0.38228346456692913 0.2042833607907743 0.014960629921259842 0.036243822075782535
0 0.38346456692913383 0.2800658978583196 0.01732283464566929 0.05271828665568369
0 0.4464566929133858 0.32042833607907745 0.02047244094488189 0.060955518945634266
0 0.3661417322834646 0.2158154859967051 0.015748031496062992 0.039538714991762765
0 0.3535433070866142 0.2413509060955519 0.014173228346456693 0.054365733113673806
0 0.3279527559055118 0.22405271828665568 0.01653543307086614 0.039538714991762765
0 0.3228346456692913 0.24382207578253706 0.014173228346456693 0.039538714991762765
0 0.2720472440944882 0.257825370675453 0.014960629921259842 0.044481054365733116
0 0.04566929133858268 0.6705107084019769 0.048818897637795275 0.12191103789126853
0 0.7283464566929134 0.40774299835255357 0.02204724409448819 0.07084019769357495