0 0.08153701968134958 0.4305785123966942 0.04311152764761012 0.08760330578512397
0 0.25445173383317715 0.2793388429752066 0.01780693533270853 0.026446280991735537
0 0.29756326148078727 0.25041322314049586 0.019681349578256794 0.03801652892561983
0 0.3219306466729147 0.22148760330578512 0.014058106841611996 0.03305785123966942
0 0.2970946579194002 0.27520661157024795 0.016869728209934397 0.024793388429752067
0 0.30506091846298033 0.30413223140495865 0.015932521087160263 0.023140495867768594
0 0.33598875351452673 0.2413223140495868 0.014058106841611996 0.02975206611570248
0 0.35098406747891286 0.21818181818181817 0.019681349578256794 0.03305785123966942
0 0.3669165885660731 0.2115702479338843 0.01218369259606373 0.026446280991735537
0 0.3767572633552015 0.2603305785123967 0.016869728209934397 0.02809917355371901
0 0.3917525773195876 0.19173553719008266 0.013120899718837863 0.03305785123966942
0 0.443767572633552 0.22479338842975208 0.019681349578256794 0.03305785123966942
0 0.41096532333645736 0.17355371900826447 0.015932521087160263 0.019834710743801654
0 0.4493908153701968 0.14628099173553719 0.010309278350515464 0.024793388429752067
0 0.4451733833177132 0.19173553719008266 0.016869728209934397 0.03305785123966942
0 0.4690721649484536 0.1925619834710744 0.015932521087160263 0.03140495867768595
0 0.4732895970009372 0.14958677685950414 0.013120899718837863 0.02809917355371901
0 0.48641049671977504 0.1396694214876033 0.011246485473289597 0.024793388429752067
0 0.4971883786316776 0.18264462809917356 0.02530459231490159 0.03801652892561983
0 0.5154639175257731 0.1371900826446281 0.01499531396438613 0.02975206611570248
0 0.5295220243673852 0.13801652892561983 0.016869728209934397 0.03140495867768595
0 0.5618556701030928 0.10743801652892562 0.010309278350515464 0.019834710743801654
0 0.5904404873477038 0.1231404958677686 0.011246485473289597 0.03140495867768595
0 0.5721649484536082 0.171900826446281 0.023430178069353328 0.03966942148760331
0 0.5529522024367385 0.15123966942148762 0.016869728209934397 0.024793388429752067
0 0.5253045923149016 0.2115702479338843 0.02530459231490159 0.03636363636363636
0 0.43345829428303656 0.26611570247933886 0.015932521087160263 0.03966942148760331
0 0.49765698219306465 0.2801652892561983 0.026241799437675725 0.04462809917355372
0 0.5384254920337395 0.3049586776859504 0.02530459231490159 0.0512396694214876
0 0.6227741330834115 0.13884297520661157 0.019681349578256794 0.04628099173553719
0 0.6382380506091846 0.10082644628099173 0.013120899718837863 0.023140495867768594
0 0.6771321462043112 0.1115702479338843 0.014058106841611996 0.03140495867768595
0 0.6982193064667291 0.1 0.013120899718837863 0.03140495867768595
0 0.6298031865042174 0.1884297520661157 0.01874414245548266 0.03636363636363636
0 0.6110590440487348 0.2512396694214876 0.02436738519212746 0.03966942148760331
0 0.6077788191190253 0.3231404958677686 0.029053420805998126 0.04132231404958678
0 0.6790065604498594 0.32148760330578513 0.023430178069353328 0.0512396694214876
0 0.6602624179943768 0.256198347107438 0.019681349578256794 0.04297520661157025
0 0.6597938144329897 0.19917355371900827 0.022492970946579195 0.04462809917355372
0 0.6616682286785379 0.15702479338842976 0.016869728209934397 0.03636363636363636
0 0.6935332708528584 0.1768595041322314 0.016869728209934397 0.02975206611570248
0 0.6916588566073102 0.13636363636363635 0.013120899718837863 0.03471074380165289
0 0.703842549203374 0.2206611570247934 0.01499531396438613 0.04132231404958678
0 0.7352389878163074 0.12644628099173555 0.014058106841611996 0.03140495867768595
0 0.753514526710403 0.10826446280991736 0.016869728209934397 0.03140495867768595
0 0.7352389878163074 0.16363636363636364 0.015932521087160263 0.02975206611570248
0 0.7544517338331771 0.22148760330578512 0.022492970946579195 0.04628099173553719
0 0.7450796626054358 0.18512396694214875 0.01499531396438613 0.03636363636363636
0 0.7558575445173383 0.17520661157024794 0.019681349578256794 0.03966942148760331
0 0.7703842549203374 0.12892561983471074 0.01499531396438613 0.02975206611570248
0 0.7863167760074976 0.2909090909090909 0.022492970946579195 0.05619834710743802
0 0.8097469540768509 0.2528925619834711 0.01874414245548266 0.05289256198347107
0 0.7985004686035614 0.1834710743801653 0.01499531396438613 0.03966942148760331
0 0.7980318650421743 0.12396694214876033 0.014058106841611996 0.03305785123966942
0 0.7797563261480788 0.1140495867768595 0.011246485473289597 0.02975206611570248
0 0.8181818181818182 0.12975206611570247 0.013120899718837863 0.03140495867768595
0 0.8673851921274601 0.1256198347107438 0.014058106841611996 0.02975206611570248
0 0.8331771321462043 0.1446280991735537 0.013120899718837863 0.03471074380165289
0 0.845360824742268 0.19008264462809918 0.01499531396438613 0.02975206611570248
0 0.8181818181818182 0.16776859504132233 0.022492970946579195 0.02809917355371901
0 0.8556701030927835 0.16611570247933885 0.016869728209934397 0.03140495867768595
0 0.8969072164948454 0.13140495867768595 0.01499531396438613 0.04132231404958678
0 0.8861293345829429 0.18925619834710744 0.015932521087160263 0.03140495867768595
0 0.8959700093720713 0.16859504132231404 0.016869728209934397 0.02975206611570248
0 0.8739456419868791 0.22396694214876034 0.014058106841611996 0.03471074380165289
0 0.9170571696344892 0.27768595041322314 0.019681349578256794 0.049586776859504134
0 0.9273664479850047 0.2049586776859504 0.015932521087160263 0.02975206611570248
0 0.9189315838800375 0.17107438016528925 0.014058106841611996 0.03140495867768595
0 0.9264292408622306 0.15123966942148762 0.010309278350515464 0.024793388429752067
0 0.7282099343955014 0.3066115702479339 0.02999062792877226 0.05454545454545454
0 0.5028116213683224 0.22396694214876034 0.02530459231490159 0.04132231404958678
0 0.5107778819119025 0.171900826446281 0.026241799437675725 0.03966942148760331
0 0.4184629803186504 0.22727272727272727 0.02530459231490159 0.03140495867768595
0 0.36785379568884724 0.22892561983471074 0.01780693533270853 0.03471074380165289
0 0.5623242736644799 0.24462809917355371 0.022492970946579195 0.049586776859504134
0 0.41799437675726336 0.18925619834710744 0.013120899718837863 0.02809917355371901
0 0.6171508903467666 0.10578512396694215 0.01218369259606373 0.026446280991735537
0 0.6246485473289597 0.10743801652892562 0.010309278350515464 0.026446280991735537
0 0.5974695407685099 0.10165289256198347 0.01218369259606373 0.024793388429752067
0 0.7080599812558576 0.13801652892561983 0.01780693533270853 0.04132231404958678