0 0.1768990634755463 0.45454545454545453 0.05827263267429761 0.1038961038961039
0 0.28355879292403746 0.22077922077922077 0.013527575442247659 0.03339517625231911
0 0.30385015608740895 0.22077922077922077 0.012486992715920915 0.029684601113172542
0 0.32778355879292403 0.22448979591836735 0.014568158168574402 0.025974025974025976
0 0.32414151925078044 0.19758812615955473 0.013527575442247659 0.027829313543599257
0 0.3470343392299688 0.2189239332096475 0.01768990634755463 0.022263450834879406
0 0.3517169614984391 0.18738404452690166 0.01664932362122789 0.03710575139146568
0 0.37356919875130074 0.23098330241187384 0.01664932362122789 0.03525046382189239
0 0.3803329864724246 0.16697588126159554 0.013527575442247659 0.025974025974025976
0 0.3891779396462019 0.2077922077922078 0.018730489073881373 0.03710575139146568
0 0.40790842872008326 0.2300556586270872 0.01664932362122789 0.04081632653061224
0 0.41883454734651404 0.24860853432282004 0.01768990634755463 0.04081632653061224
0 0.4105098855359001 0.1660482374768089 0.011446409989594173 0.03153988868274583
0 0.4292403746097815 0.20408163265306123 0.01768990634755463 0.03339517625231911
0 0.43704474505723206 0.16697588126159554 0.014568158168574402 0.025974025974025976
0 0.4458896982310094 0.18738404452690166 0.013527575442247659 0.03710575139146568
0 0.4667013527575442 0.20222634508348794 0.01768990634755463 0.04081632653061224
0 0.4906347554630593 0.1790352504638219 0.015608740894901144 0.03153988868274583
0 0.5218522372528616 0.17717996289424862 0.015608740894901144 0.027829313543599257
0 0.48074921956295524 0.14842300556586271 0.012486992715920915 0.029684601113172542
0 0.5005202913631633 0.1280148423005566 0.01040582726326743 0.025974025974025976
0 0.5572320499479708 0.18552875695732837 0.01768990634755463 0.03710575139146568
0 0.5936524453694069 0.22356215213358072 0.019771071800208116 0.05380333951762523
0 0.63579604578564 0.24675324675324675 0.022892819979188347 0.04081632653061224
0 0.6899063475546305 0.25788497217068646 0.02081165452653486 0.055658627087198514
0 0.6951092611862643 0.3181818181818182 0.031217481789802288 0.061224489795918366
0 0.7559833506763788 0.35064935064935066 0.019771071800208116 0.055658627087198514
0 0.7918834547346514 0.287569573283859 0.01664932362122789 0.04823747680890538
0 0.9120707596253902 0.35528756957328383 0.026014568158168574 0.061224489795918366
0 0.7237252861602498 0.23098330241187384 0.01768990634755463 0.04267161410018553
0 0.5385015608740895 0.16326530612244897 0.013527575442247659 0.03710575139146568
0 0.5478668054110302 0.13543599257884972 0.011446409989594173 0.03339517625231911
0 0.5712799167533819 0.1391465677179963 0.012486992715920915 0.03339517625231911
0 0.5848074921956296 0.1660482374768089 0.014568158168574402 0.027829313543599257
0 0.5983350676378772 0.1549165120593692 0.012486992715920915 0.03153988868274583
0 0.6383975026014568 0.16326530612244897 0.01768990634755463 0.025974025974025976
0 0.6586888657648283 0.1790352504638219 0.014568158168574402 0.03525046382189239
0 0.7799167533818938 0.1261595547309833 0.013527575442247659 0.03339517625231911
0 0.6899063475546305 0.13079777365491652 0.014568158168574402 0.027829313543599257
0 0.7112382934443289 0.11688311688311688 0.011446409989594173 0.029684601113172542
0 0.7138397502601457 0.18089053803339517 0.01664932362122789 0.03525046382189239
0 0.7304890738813735 0.14749536178107606 0.012486992715920915 0.027829313543599257
0 0.7403746097814776 0.16697588126159554 0.015608740894901144 0.03710575139146568
0 0.7585848074921956 0.19944341372912802 0.01664932362122789 0.03896103896103896
0 0.7991675338189386 0.20500927643784786 0.01664932362122789 0.03896103896103896
0 0.7929240374609782 0.1679035250463822 0.014568158168574402 0.03896103896103896
0 0.8054110301768991 0.14007421150278293 0.012486992715920915 0.03153988868274583
0 0.8257023933402705 0.13543599257884972 0.011446409989594173 0.029684601113172542
0 0.8309053069719042 0.17439703153988867 0.013527575442247659 0.03339517625231911
0 0.8283038501560874 0.2523191094619666 0.018730489073881373 0.04452690166975881
0 0.8387096774193549 0.22356215213358072 0.014568158168574402 0.04267161410018553
0 0.8969823100936525 0.2300556586270872 0.018730489073881373 0.04823747680890538
0 0.9308012486992716 0.24953617810760667 0.015608740894901144 0.04638218923933209
0 0.854318418314256 0.15306122448979592 0.012486992715920915 0.03525046382189239
0 0.8668054110301769 0.18460111317254174 0.014568158168574402 0.03896103896103896
0 0.8761706555671176 0.1614100185528757 0.012486992715920915 0.029684601113172542
0 0.9032258064516129 0.1790352504638219 0.014568158168574402 0.03525046382189239
0 0.9354838709677419 0.20871985157699444 0.01664932362122789 0.03896103896103896
0 0.9422476586888657 0.19109461966604824 0.015608740894901144 0.03339517625231911
0 0.6873048907388137 0.10760667903525047 0.011446409989594173 0.029684601113172542
0 0.6368366285119667 0.1391465677179963 0.014568158168574402 0.025974025974025976
0 0.644120707596254 0.11781076066790352 0.012486992715920915 0.027829313543599257
0 0.5931321540062435 0.1261595547309833 0.01664932362122789 0.025974025974025976
0 0.8532778355879292 0.21614100185528756 0.01664932362122789 0.03153988868274583
0 0.7721123829344433 0.2523191094619666 0.018730489073881373 0.04081632653061224
0 0.5062434963579605 0.15769944341372913 0.013527575442247659 0.029684601113172542
0 0.41883454734651404 0.15955473098330242 0.011446409989594173 0.025974025974025976