0 0.07674418604651163 0.3615136876006441 0.04 0.07890499194847021
0 0.2744186046511628 0.19484702093397746 0.018604651162790697 0.03542673107890499
0 0.2986046511627907 0.20128824476650564 0.018604651162790697 0.04186795491143317
0 0.3097674418604651 0.18679549114331723 0.022325581395348838 0.04508856682769726
0 0.4055813953488372 0.17391304347826086 0.026046511627906978 0.061191626409017714
0 0.4888372093023256 0.17713365539452497 0.030697674418604652 0.057971014492753624
0 0.5041860465116279 0.15780998389694043 0.022325581395348838 0.05475040257648953
0 0.54 0.14814814814814814 0.023255813953488372 0.04508856682769726
0 0.5697674418604651 0.16264090177133655 0.025116279069767444 0.05152979066022544
0 0.5716279069767441 0.28019323671497587 0.030697674418604652 0.061191626409017714
0 0.6274418604651163 0.25684380032206117 0.03441860465116279 0.06602254428341385
0 0.6809302325581396 0.28502415458937197 0.044651162790697675 0.09017713365539452
0 0.7865116279069767 0.22544283413848631 0.02883720930232558 0.0644122383252818
0 0.598139534883721 0.24074074074074073 0.024186046511627906 0.0499194847020934