0 0.2153846153846154 0.344954128440367 0.05333333333333334 0.09541284403669725
0 0.4338461538461538 0.21376146788990827 0.020512820512820513 0.04954128440366973
0 0.47435897435897434 0.21559633027522937 0.021538461538461538 0.045871559633027525
0 0.5302564102564102 0.18990825688073396 0.020512820512820513 0.03486238532110092
0 0.6133333333333333 0.20275229357798166 0.02666666666666667 0.05321100917431193
0 0.6246153846153846 0.22752293577981653 0.022564102564102566 0.047706422018348627
0 0.6630769230769231 0.21192660550458717 0.02358974358974359 0.04220183486238532
0 0.6712820512820513 0.23944954128440368 0.02358974358974359 0.04954128440366973
0 0.6666666666666666 0.16788990825688074 0.020512820512820513 0.04954128440366973
0 0.7158974358974359 0.2018348623853211 0.022564102564102566 0.05871559633027523
0 0.7492307692307693 0.2743119266055046 0.035897435897435895 0.07522935779816514
0 0.7174358974358974 0.30091743119266057 0.031794871794871796 0.06972477064220184
0 0.8297435897435897 0.26055045871559634 0.02666666666666667 0.05871559633027523
0 0.8682051282051282 0.2871559633027523 0.02564102564102564 0.04954128440366973
0 0.941025641025641 0.40275229357798165 0.050256410256410255 0.10091743119266056