0 0.3640394088669951 0.211340206185567 0.016748768472906402 0.037800687285223365
0 0.4379310344827586 0.23281786941580757 0.0187192118226601 0.03608247422680412
0 0.4832512315270936 0.30498281786941583 0.026600985221674877 0.04639175257731959
0 0.5463054187192118 0.3247422680412371 0.020689655172413793 0.044673539518900345
0 0.5576354679802956 0.13573883161512026 0.011822660098522168 0.024054982817869417
0 0.5482758620689655 0.12027491408934708 0.012807881773399015 0.024054982817869417
0 0.6133004926108374 0.2654639175257732 0.020689655172413793 0.04982817869415808
0 0.593103448275862 0.38230240549828176 0.02561576354679803 0.05326460481099656
0 0.7689655172413793 0.31529209621993126 0.024630541871921183 0.04639175257731959
0 0.9261083743842364 0.29982817869415807 0.029556650246305417 0.07731958762886598
0 0.9137931034482759 0.14518900343642613 0.012807881773399015 0.02577319587628866
0 0.9344827586206896 0.1563573883161512 0.014778325123152709 0.030927835051546393