0 0.8511480601741884 0.15874125874125875 0.012668250197941409 0.02937062937062937
0 0.8416468725257323 0.1825174825174825 0.014251781472684086 0.03776223776223776
0 0.8214568487727633 0.2125874125874126 0.0166270783847981 0.044755244755244755
0 0.8673792557403008 0.2125874125874126 0.021377672209026127 0.05034965034965035
0 0.8895486935866983 0.17552447552447553 0.015043547110055424 0.03496503496503497
0 0.7973079968329374 0.16923076923076924 0.02058590657165479 0.04195804195804196
0 0.8416468725257323 0.2951048951048951 0.022169437846397466 0.06153846153846154
0 0.9180522565320665 0.23216783216783216 0.0166270783847981 0.05314685314685315
0 0.9053840063341251 0.28881118881118883 0.018210609659540775 0.046153846153846156
0 0.8729216152019003 0.35664335664335667 0.030878859857482184 0.06433566433566433
0 0.8119556611243072 0.3230769230769231 0.03246239113222486 0.07832167832167833
0 0.7616785431512272 0.27342657342657345 0.022169437846397466 0.05174825174825175
0 0.720110847189232 0.14545454545454545 0.015043547110055424 0.039160839160839164
0 0.7565320665083135 0.15734265734265734 0.015043547110055424 0.03496503496503497
0 0.7038796516231196 0.2230769230769231 0.019002375296912115 0.04895104895104895
0 0.6753760886777513 0.23076923076923078 0.019002375296912115 0.05034965034965035
0 0.6508313539192399 0.2041958041958042 0.019002375296912115 0.044755244755244755
0 0.5855106888361045 0.15734265734265734 0.0166270783847981 0.04055944055944056
0 0.5977830562153602 0.0993006993006993 0.009501187648456057 0.022377622377622378
0 0.610055423594616 0.23356643356643356 0.018210609659540775 0.05034965034965035
0 0.5609659540775931 0.24195804195804196 0.022961203483768806 0.04195804195804196
0 0.5098970704671417 0.18041958041958042 0.014251781472684086 0.039160839160839164
0 0.45605700712589076 0.206993006993007 0.01583531274742676 0.033566433566433566
0 0.4691211401425178 0.21048951048951048 0.018210609659540775 0.03776223776223776
0 0.33650039588281866 0.2202797202797203 0.012668250197941409 0.02937062937062937
0 0.3836104513064133 0.2202797202797203 0.015043547110055424 0.03776223776223776
0 0.39825811559778307 0.2216783216783217 0.01583531274742676 0.03496503496503497
0 0.4026128266033254 0.1986013986013986 0.0166270783847981 0.027972027972027972
0 0.18448139350752177 0.479020979020979 0.03800475059382423 0.07132867132867132