0 0.05144995322731525 0.3785123966942149 0.029934518241347054 0.05289256198347107
0 0.27268475210477083 0.2636363636363636 0.01777362020579981 0.03471074380165289
0 0.2609915809167446 0.2487603305785124 0.014967259120673527 0.03140495867768595
0 0.31197380729653884 0.2462809917355372 0.021515434985968196 0.04628099173553719
0 0.34752104770813846 0.2578512396694215 0.01777362020579981 0.03305785123966942
0 0.3292797006548176 0.21322314049586777 0.013096351730589336 0.02975206611570248
0 0.35360149672591207 0.22479338842975208 0.018709073900841908 0.02975206611570248
0 0.3606173994387278 0.28760330578512394 0.01777362020579981 0.02975206611570248
0 0.3844714686623012 0.2892561983471074 0.0205799812909261 0.03636363636363636
0 0.39335827876520113 0.22148760330578512 0.015902712815715623 0.03305785123966942
0 0.38353601496725914 0.18429752066115704 0.013096351730589336 0.03140495867768595
0 0.4045837231057063 0.17768595041322313 0.01216089803554724 0.02809917355371901
0 0.4429373246024322 0.23140495867768596 0.023386342376052385 0.03636363636363636
0 0.47193638914873715 0.22975206611570248 0.019644527595884004 0.03966942148760331
0 0.45743685687558466 0.15041322314049588 0.01683816651075772 0.019834710743801654
0 0.5018709073900842 0.13388429752066117 0.01028999064546305 0.026446280991735537
0 0.5841908325537886 0.16776859504132233 0.01777362020579981 0.02809917355371901
0 0.5650140318054256 0.11818181818181818 0.013096351730589336 0.03140495867768595
0 0.5028063610851263 0.29669421487603304 0.023386342376052385 0.04462809917355372
0 0.5715622076707203 0.3 0.02245088868101029 0.05454545454545454
0 0.6211412535079514 0.30165289256198347 0.02245088868101029 0.05454545454545454
0 0.5640785781103835 0.23801652892561984 0.02245088868101029 0.04628099173553719
0 0.520112254443405 0.22727272727272727 0.02432179607109448 0.03801652892561983
0 0.6202057998129092 0.2421487603305785 0.018709073900841908 0.047933884297520664
0 0.6580916744621141 0.28429752066115704 0.025257249766136577 0.04628099173553719
0 0.7039289055191768 0.28760330578512394 0.023386342376052385 0.049586776859504134
0 0.7703461178671656 0.29256198347107437 0.021515434985968196 0.04628099173553719
0 0.8409728718428437 0.3247933884297521 0.018709073900841908 0.05454545454545454
0 0.8610851262862488 0.23801652892561984 0.01777362020579981 0.03636363636363636
0 0.7572497661365762 0.2371900826446281 0.01777362020579981 0.03801652892561983
0 0.7282507015902713 0.22975206611570248 0.01777362020579981 0.03636363636363636
0 0.8264733395696913 0.20991735537190082 0.01403180542563143 0.03305785123966942
0 0.6557530402245089 0.21570247933884298 0.0205799812909261 0.03471074380165289
0 0.6230121608980356 0.2024793388429752 0.018709073900841908 0.03140495867768595
0 0.6188026192703461 0.1446280991735537 0.01403180542563143 0.024793388429752067
0 0.5996258185219832 0.14628099173553719 0.013096351730589336 0.02809917355371901
0 0.5523854069223574 0.15867768595041323 0.015902712815715623 0.02975206611570248
0 0.5336763330215154 0.1652892561983471 0.015902712815715623 0.023140495867768594
0 0.5135640785781104 0.1884297520661157 0.01683816651075772 0.023140495867768594
0 0.47988774555659497 0.19504132231404958 0.01683816651075772 0.02975206611570248
0 0.44434050514499535 0.19008264462809918 0.01683816651075772 0.02975206611570248
0 0.6739943872778298 0.11818181818181818 0.015902712815715623 0.02809917355371901
0 0.64733395696913 0.11818181818181818 0.01683816651075772 0.024793388429752067
0 0.6398503274087932 0.1396694214876033 0.014967259120673527 0.024793388429752067
0 0.6099158091674463 0.11735537190082644 0.011225444340505144 0.019834710743801654
0 0.7376052385406923 0.1140495867768595 0.01216089803554724 0.03305785123966942
0 0.7202993451824135 0.16942148760330578 0.013096351730589336 0.024793388429752067
0 0.696913002806361 0.18016528925619835 0.01683816651075772 0.03305785123966942
0 0.6608980355472404 0.18429752066115704 0.01216089803554724 0.02809917355371901
0 0.7301216089803555 0.19586776859504132 0.01777362020579981 0.024793388429752067
0 0.7516370439663237 0.1347107438016529 0.01216089803554724 0.021487603305785124
0 0.7633302151543498 0.128099173553719 0.013096351730589336 0.021487603305785124
0 0.7633302151543498 0.1652892561983471 0.014967259120673527 0.03636363636363636
0 0.7890551917680075 0.16198347107438016 0.01403180542563143 0.03305785123966942
0 0.7782974742750234 0.1446280991735537 0.011225444340505144 0.03140495867768595
0 0.8540692235734331 0.16446280991735537 0.011225444340505144 0.03801652892561983
0 0.9209541627689429 0.2603305785123967 0.015902712815715623 0.047933884297520664
0 0.8886810102899907 0.2049586776859504 0.01683816651075772 0.04297520661157025
0 0.881665107577175 0.16446280991735537 0.015902712815715623 0.03801652892561983
0 0.8947614593077643 0.16363636363636364 0.01028999064546305 0.03966942148760331
0 0.9027128157156221 0.1925619834710744 0.011225444340505144 0.02809917355371901
0 0.8400374181478016 0.19917355371900827 0.013096351730589336 0.02809917355371901
0 0.9073900841908326 0.23471074380165288 0.013096351730589336 0.03966942148760331
0 0.764733395696913 0.21239669421487603 0.021515434985968196 0.047933884297520664
0 0.567820392890552 0.15537190082644628 0.013096351730589336 0.02975206611570248
0 0.33395696913002804 0.2545454545454545 0.01683816651075772 0.03636363636363636
0 0.47287184284377926 0.17024793388429751 0.015902712815715623 0.03305785123966942
0 0.8376987839101965 0.15289256198347106 0.015902712815715623 0.03140495867768595
0 0.7067352666043031 0.15206611570247933 0.01216089803554724 0.023140495867768594
0 0.6945743685687559 0.15537190082644628 0.015902712815715623 0.03636363636363636
0 0.5944808231992517 0.12727272727272726 0.01403180542563143 0.026446280991735537