0 0.9636194029850746 0.135 0.013059701492537313 0.04
0 0.9183768656716418 0.18833333333333332 0.01585820895522388 0.04
0 0.875 0.19 0.013059701492537313 0.03666666666666667
0 0.8395522388059702 0.185 0.014925373134328358 0.03666666666666667
0 0.8600746268656716 0.23 0.016791044776119403 0.043333333333333335
0 0.7901119402985075 0.19416666666666665 0.016791044776119403 0.03833333333333333
0 0.8027052238805971 0.12916666666666668 0.012126865671641791 0.025
0 0.7411380597014925 0.1125 0.012126865671641791 0.028333333333333332
0 0.7131529850746269 0.1375 0.013992537313432836 0.03833333333333333
0 0.7444029850746269 0.14833333333333334 0.013059701492537313 0.03333333333333333
0 0.7458022388059702 0.17583333333333334 0.017723880597014924 0.03833333333333333
0 0.7691231343283582 0.30666666666666664 0.01958955223880597 0.05333333333333334
0 0.7136194029850746 0.2775 0.024253731343283583 0.058333333333333334
0 0.6851679104477612 0.10166666666666667 0.012126865671641791 0.03
0 0.6805037313432836 0.15666666666666668 0.013992537313432836 0.043333333333333335
0 0.6893656716417911 0.18083333333333335 0.014925373134328358 0.041666666666666664
0 0.7145522388059702 0.17416666666666666 0.014925373134328358 0.035
0 0.6576492537313433 0.20166666666666666 0.016791044776119403 0.04666666666666667
0 0.6585820895522388 0.2525 0.018656716417910446 0.051666666666666666
0 0.6138059701492538 0.20166666666666666 0.018656716417910446 0.05
0 0.5666977611940298 0.11083333333333334 0.010261194029850746 0.021666666666666667
0 0.6128731343283582 0.11416666666666667 0.009328358208955223 0.025
0 0.558768656716418 0.13 0.011194029850746268 0.02666666666666667
0 0.5750932835820896 0.14833333333333334 0.012126865671641791 0.03333333333333333
0 0.5890858208955224 0.12583333333333332 0.010261194029850746 0.021666666666666667
0 0.601679104477612 0.13583333333333333 0.009328358208955223 0.025
0 0.4846082089552239 0.12333333333333334 0.010261194029850746 0.02
0 0.5261194029850746 0.1375 0.013059701492537313 0.028333333333333332
0 0.5326492537313433 0.13 0.011194029850746268 0.02666666666666667
0 0.4337686567164179 0.1625 0.013059701492537313 0.03166666666666667
0 0.4454291044776119 0.19333333333333333 0.01585820895522388 0.03333333333333333
0 0.4221082089552239 0.21416666666666667 0.01585820895522388 0.03833333333333333
0 0.44822761194029853 0.22333333333333333 0.01585820895522388 0.04
0 0.5536380597014925 0.24 0.017723880597014924 0.05
0 0.5186567164179104 0.21333333333333335 0.014925373134328358 0.043333333333333335
0 0.49673507462686567 0.16916666666666666 0.013992537313432836 0.035
0 0.47201492537313433 0.2025 0.014925373134328358 0.028333333333333332
0 0.3810634328358209 0.19916666666666666 0.012126865671641791 0.028333333333333332
0 0.42723880597014924 0.2841666666666667 0.020522388059701493 0.055
0 0.30223880597014924 0.255 0.014925373134328358 0.03666666666666667
0 0.33488805970149255 0.2758333333333333 0.014925373134328358 0.03833333333333333
0 0.31296641791044777 0.2825 0.017723880597014924 0.03833333333333333
0 0.5979477611940298 0.09583333333333334 0.009328358208955223 0.021666666666666667
0 0.478544776119403 0.3233333333333333 0.022388059701492536 0.05333333333333334
0 0.542910447761194 0.3 0.024253731343283583 0.06333333333333334
0 0.5998134328358209 0.255 0.024253731343283583 0.05
0 0.6072761194029851 0.3 0.027985074626865673 0.07
0 0.20708955223880596 0.4658333333333333 0.04291044776119403 0.08833333333333333