0 0.08585445625511039 0.5439469320066335 0.04578904333605887 0.10945273631840796
0 0.21013900245298447 0.25870646766169153 0.017988552739165987 0.03980099502487562
0 0.21708912510220768 0.27611940298507465 0.022076860179885527 0.04477611940298507
0 0.26573998364677026 0.23383084577114427 0.017988552739165987 0.04311774461028192
0 0.2980376124284546 0.20398009950248755 0.018806214227309895 0.03648424543946932
0 0.294358135731807 0.23383084577114427 0.019623875715453803 0.04311774461028192
0 0.3237939493049877 0.22388059701492538 0.017988552739165987 0.04643449419568822
0 0.3336058871627146 0.22470978441127695 0.016353229762878167 0.04145936981757877
0 0.35241210139002455 0.2645107794361526 0.02125919869174162 0.05140961857379768
0 0.3528209321340965 0.1956882255389718 0.018806214227309895 0.03648424543946932
0 0.3883892068683565 0.23217247097844113 0.017988552739165987 0.03980099502487562
0 0.38266557645134913 0.1865671641791045 0.017988552739165987 0.03814262023217247
0 0.41128372853638595 0.17081260364842454 0.016353229762878167 0.029850746268656716
0 0.4231398201144726 0.1865671641791045 0.01553556827473426 0.03482587064676617
0 0.42886345053147995 0.2877280265339967 0.018806214227309895 0.03814262023217247
0 0.4660670482420278 0.23217247097844113 0.019623875715453803 0.04311774461028192
0 0.4660670482420278 0.17164179104477612 0.016353229762878167 0.03482587064676617
0 0.48773507767784136 0.19900497512437812 0.01553556827473426 0.03316749585406302
0 0.48242027800490594 0.14759535655058043 0.014717906786590351 0.03316749585406302
0 0.4476696647587899 0.1583747927031509 0.013900245298446443 0.024875621890547265
0 0.5118560915780866 0.16169154228855723 0.017988552739165987 0.04809286898839138
0 0.5228945216680294 0.15671641791044777 0.013900245298446443 0.03150912106135987
0 0.5233033524121014 0.22388059701492538 0.016353229762878167 0.04643449419568822
0 0.5482420278004906 0.13432835820895522 0.013900245298446443 0.03648424543946932
0 0.553147996729354 0.14676616915422885 0.013900245298446443 0.03150912106135987
0 0.5695012264922322 0.1310116086235489 0.01553556827473426 0.03316749585406302
0 0.5919869174161897 0.12271973466003316 0.014717906786590351 0.029850746268656716
0 0.5997547015535568 0.1451077943615257 0.013900245298446443 0.028192371475953566
0 0.6054783319705642 0.17412935323383086 0.013900245298446443 0.03316749585406302
0 0.6009811937857726 0.208955223880597 0.017988552739165987 0.04311774461028192
0 0.5764513491414555 0.20978441127694858 0.013082583810302535 0.024875621890547265
0 0.5768601798855274 0.16832504145936983 0.01553556827473426 0.03482587064676617
0 0.6275551921504497 0.12106135986733002 0.013900245298446443 0.03316749585406302
0 0.6541291905151267 0.1318407960199005 0.016353229762878167 0.03814262023217247
0 0.6533115290269829 0.17081260364842454 0.014717906786590351 0.03648424543946932
0 0.6868356500408831 0.13349917081260365 0.013082583810302535 0.03150912106135987
0 0.6831561733442355 0.15008291873963517 0.01553556827473426 0.04145936981757877
0 0.705233033524121 0.1517412935323383 0.013900245298446443 0.03814262023217247
0 0.7669664758789861 0.17330016583747926 0.014717906786590351 0.03150912106135987
0 0.7571545380212592 0.19237147595356552 0.013082583810302535 0.03648424543946932
0 0.7747342600163533 0.19817578772802655 0.01553556827473426 0.04145936981757877
0 0.8090760425183974 0.18490878938640132 0.013900245298446443 0.04145936981757877
0 0.8184791496320524 0.22056384742951907 0.016353229762878167 0.03648424543946932
0 0.830335241210139 0.20563847429519072 0.01553556827473426 0.03648424543946932
0 0.7399836467702371 0.2230514096185738 0.019623875715453803 0.04477611940298507
0 0.6905151267375307 0.208955223880597 0.017170891251022075 0.04311774461028192
0 0.6537203597710548 0.2429519071310116 0.022076860179885527 0.05472636815920398
0 0.60670482420278 0.2810945273631841 0.024529844644317254 0.05804311774461028
0 0.5699100572363042 0.3250414593698176 0.02125919869174162 0.05638474295190713
0 0.5997547015535568 0.3747927031509121 0.025347506132461162 0.05638474295190713
0 0.6549468520032706 0.38308457711442784 0.02616516762060507 0.06301824212271974
0 0.7244480784955029 0.3888888888888889 0.02616516762060507 0.05804311774461028
0 0.713818479149632 0.2728026533996683 0.02125919869174162 0.04477611940298507
0 0.7473426001635323 0.291044776119403 0.02125919869174162 0.03814262023217247
0 0.7931316434995912 0.2462686567164179 0.017988552739165987 0.04477611940298507
0 0.7984464431725266 0.3034825870646766 0.023712183156173343 0.04975124378109453
0 0.8659035159443991 0.22719734660033167 0.014717906786590351 0.03648424543946932
0 0.8777596075224857 0.23051409618573798 0.012264922322158627 0.029850746268656716
0 0.8994276369582993 0.2230514096185738 0.016353229762878167 0.03150912106135987
0 0.902698282910875 0.25290215588723053 0.016353229762878167 0.03814262023217247
0 0.9309076042518397 0.2570480928689884 0.01553556827473426 0.03648424543946932
0 0.9542109566639412 0.24212271973466004 0.016353229762878167 0.03648424543946932
0 0.982420278004906 0.25207296849087896 0.012264922322158627 0.03980099502487562
0 0.8728536385936222 0.2877280265339967 0.018806214227309895 0.04477611940298507
0 0.8900245298446443 0.2835820895522388 0.01553556827473426 0.03648424543946932
0 0.9284546197874081 0.3200663349917081 0.018806214227309895 0.04643449419568822
0 0.9771054783319706 0.30597014925373134 0.016353229762878167 0.04809286898839138
0 0.9762878168438267 0.35572139303482586 0.017988552739165987 0.05472636815920398
0 0.9529844644317252 0.36650082918739635 0.018806214227309895 0.04311774461028192
0 0.857318070318888 0.3490878938640133 0.022076860179885527 0.05804311774461028
0 0.8818479149632052 0.4071310116086235 0.022076860179885527 0.06135986733001658
0 0.955846279640229 0.42703150912106136 0.022894521668029435 0.05804311774461028
0 0.7919051512673753 0.45356550580431176 0.03188879803761243 0.0779436152570481
0 0.8634505314799673 0.5157545605306799 0.03107113654946852 0.06965174129353234