0 0.13768115942028986 0.5329512893982808 0.043478260869565216 0.08022922636103152
0 0.23529411764705882 0.33954154727793695 0.017050298380221655 0.03151862464183381
0 0.25831202046035806 0.39111747851002865 0.023870417732310314 0.04011461318051576
0 0.2872975277067349 0.38108882521489973 0.023870417732310314 0.05157593123209169
0 0.2898550724637681 0.3202005730659026 0.01875532821824382 0.0329512893982808
0 0.34697357203751067 0.36031518624641834 0.02557544757033248 0.050143266475644696
0 0.32821824381926684 0.3359598853868195 0.01875532821824382 0.03868194842406877
0 0.3635976129582268 0.330945558739255 0.0196078431372549 0.03151862464183381
0 0.3635976129582268 0.3022922636103152 0.01619778346121057 0.02865329512893983
0 0.3998294970161978 0.26432664756446994 0.017050298380221655 0.03008595988538682
0 0.42114236999147486 0.33882521489971346 0.023870417732310314 0.03868194842406877
0 0.39215686274509803 0.34813753581661894 0.02557544757033248 0.045845272206303724
0 0.4556692242114237 0.336676217765043 0.021312872975277068 0.04297994269340974
0 0.4416027280477408 0.31017191977077363 0.020460358056265986 0.0329512893982808
0 0.41901108269394716 0.3022922636103152 0.0196078431372549 0.034383954154727794
0 0.42028985507246375 0.27292263610315187 0.017050298380221655 0.03008595988538682
0 0.43861892583120204 0.2628939828080229 0.014492753623188406 0.03008595988538682
0 0.4505541346973572 0.2822349570200573 0.017902813299232736 0.04011461318051576
0 0.4812446717817562 0.3166189111747851 0.023017902813299233 0.04297994269340974
0 0.4846547314578005 0.2707736389684814 0.0196078431372549 0.03724928366762178
0 0.4782608695652174 0.24140401146131804 0.015345268542199489 0.03008595988538682
0 0.5234441602728048 0.26432664756446994 0.02216538789428815 0.03868194842406877
0 0.514919011082694 0.33882521489971346 0.027280477408354646 0.044412607449856735
0 0.5404944586530265 0.2793696275071633 0.017050298380221655 0.04297994269340974
0 0.5626598465473146 0.25573065902578795 0.015345268542199489 0.03868194842406877
0 0.5750213128729753 0.28653295128939826 0.01619778346121057 0.034383954154727794
0 0.5946291560102301 0.2679083094555874 0.017902813299232736 0.03151862464183381
0 0.5720375106564365 0.22492836676217765 0.011935208866155157 0.025787965616045846
0 0.5865302642796248 0.22063037249283668 0.013640238704177323 0.03151862464183381
0 0.5907928388746803 0.24426934097421205 0.017050298380221655 0.03008595988538682
0 0.6197783461210571 0.252865329512894 0.017050298380221655 0.03008595988538682
0 0.6325660699062233 0.21060171919770773 0.013640238704177323 0.03151862464183381
0 0.6474850809889173 0.21060171919770773 0.014492753623188406 0.03151862464183381
0 0.6547314578005116 0.25358166189111747 0.01875532821824382 0.034383954154727794
0 0.6427962489343564 0.23638968481375358 0.017050298380221655 0.02865329512893983
0 0.6918158567774936 0.20988538681948424 0.01619778346121057 0.024355300859598854
0 0.6977834612105712 0.24068767908309455 0.017902813299232736 0.03151862464183381
0 0.7088661551577152 0.22421203438395415 0.01619778346121057 0.0329512893982808
0 0.6918158567774936 0.27507163323782235 0.01619778346121057 0.034383954154727794
0 0.4940323955669224 0.41260744985673353 0.03324808184143223 0.0659025787965616
0 0.5549872122762148 0.36174785100286533 0.028985507246376812 0.05300859598853868
0 0.5481670929241261 0.43194842406876793 0.03751065643648764 0.06446991404011461
0 0.6099744245524297 0.45558739255014324 0.03495311167945439 0.07163323782234957
0 0.6577152600170503 0.45988538681948427 0.040068201193520885 0.07736389684813753
0 0.629156010230179 0.37034383954154726 0.030690537084398978 0.055873925501432664
0 0.6197783461210571 0.32593123209169056 0.023870417732310314 0.04727793696275072
0 0.6530264279624893 0.3001432664756447 0.02216538789428815 0.04727793696275072
0 0.6670929241261722 0.34813753581661894 0.021312872975277068 0.04297994269340974
0 0.6790281329923273 0.3660458452722063 0.028132992327365727 0.055873925501432664
0 0.7028985507246377 0.3159025787965616 0.017902813299232736 0.04154727793696275
0 0.7259164535379369 0.30515759312320917 0.0196078431372549 0.04011461318051576
0 0.7280477408354646 0.25429799426934097 0.015345268542199489 0.03581661891117478
0 0.7122762148337596 0.3631805157593123 0.023017902813299233 0.050143266475644696
0 0.7455242966751918 0.4054441260744986 0.029838022165387893 0.054441260744985676
0 0.7254901960784313 0.5372492836676218 0.0392156862745098 0.07449856733524356
0 0.835464620630861 0.586676217765043 0.03751065643648764 0.08166189111747851
0 0.7966751918158568 0.4262177650429799 0.03324808184143223 0.06160458452722063
0 0.8691389599317988 0.4684813753581662 0.03324808184143223 0.06303724928366762
0 0.7608695652173914 0.25358166189111747 0.017902813299232736 0.034383954154727794
0 0.7710997442455243 0.24355300859598855 0.01278772378516624 0.03151862464183381
0 0.80306905370844 0.2843839541547278 0.017050298380221655 0.03868194842406877
0 0.7975277067348678 0.2671919770773639 0.014492753623188406 0.03008595988538682
0 0.8107416879795396 0.2671919770773639 0.015345268542199489 0.03581661891117478
0 0.8064791133844842 0.24570200573065903 0.013640238704177323 0.03008595988538682
0 0.8363171355498721 0.24641833810888253 0.017050298380221655 0.03724928366762178
0 0.8508098891730606 0.27435530085959886 0.01875532821824382 0.03868194842406877
0 0.8414322250639387 0.29656160458452724 0.015345268542199489 0.03151862464183381
0 0.8572037510656436 0.33954154727793695 0.0196078431372549 0.04297994269340974
0 0.8435635123614663 0.3631805157593123 0.0247229326513214 0.05300859598853868
0 0.887468030690537 0.40257879656160456 0.030690537084398978 0.05730659025787966
0 0.9386189258312021 0.45558739255014324 0.030690537084398978 0.0659025787965616
0 0.953537936913896 0.3646131805157593 0.021312872975277068 0.05300859598853868
0 0.954390451832907 0.32521489971346706 0.01619778346121057 0.04011461318051576
0 0.9641943734015346 0.30659025787965616 0.017050298380221655 0.03724928366762178
0 0.9705882352941176 0.29011461318051573 0.01619778346121057 0.0329512893982808
0 0.9096334185848253 0.2607449856733524 0.013640238704177323 0.03151862464183381
0 0.8729752770673487 0.2628939828080229 0.015345268542199489 0.0329512893982808
0 0.887468030690537 0.27722063037249284 0.01875532821824382 0.03868194842406877
0 0.8729752770673487 0.3316618911174785 0.02216538789428815 0.044412607449856735
0 0.9002557544757033 0.3438395415472779 0.020460358056265986 0.04871060171919771
0 0.9173060528559249 0.32593123209169056 0.01875532821824382 0.04154727793696275
0 0.9266837169650469 0.3030085959885387 0.017050298380221655 0.0329512893982808