0 0.13665594855305466 0.5614406779661016 0.03697749196141479 0.0748587570621469
0 0.22065916398713825 0.3481638418079096 0.018488745980707395 0.03531073446327684
0 0.25643086816720256 0.3594632768361582 0.022508038585209004 0.04096045197740113
0 0.28979099678456594 0.3601694915254237 0.021704180064308683 0.0423728813559322
0 0.3114951768488746 0.3884180790960452 0.02491961414790997 0.05084745762711865
0 0.30104501607717044 0.3043785310734463 0.016881028938906754 0.03248587570621469
0 0.3520900321543408 0.298728813559322 0.01607717041800643 0.03248587570621469
0 0.34646302250803857 0.3389830508474576 0.022508038585209004 0.03672316384180791
0 0.3778135048231511 0.326271186440678 0.01607717041800643 0.03954802259887006
0 0.385048231511254 0.2747175141242938 0.01929260450160772 0.038135593220338986
0 0.40393890675241156 0.2944915254237288 0.01527331189710611 0.03531073446327684
0 0.4079581993569132 0.3305084745762712 0.02009646302250804 0.03954802259887006
0 0.4340836012861736 0.3453389830508475 0.01929260450160772 0.046610169491525424
0 0.4047427652733119 0.2662429378531073 0.016881028938906754 0.029661016949152543
0 0.4240353697749196 0.2747175141242938 0.016881028938906754 0.029661016949152543
0 0.422427652733119 0.24858757062146894 0.013665594855305467 0.025423728813559324
0 0.43890675241157556 0.298728813559322 0.01607717041800643 0.03248587570621469
0 0.4654340836012862 0.307909604519774 0.017684887459807074 0.03389830508474576
0 0.4734726688102894 0.2718926553672316 0.01607717041800643 0.029661016949152543
0 0.4477491961414791 0.24858757062146894 0.014469453376205787 0.02824858757062147
0 0.4658360128617363 0.23728813559322035 0.012057877813504822 0.025423728813559324
0 0.4891479099678457 0.2754237288135593 0.018488745980707395 0.03672316384180791
0 0.5128617363344051 0.2507062146892655 0.012861736334405145 0.026836158192090395
0 0.5204983922829582 0.2711864406779661 0.016881028938906754 0.031073446327683617
0 0.5313504823151125 0.2556497175141243 0.014469453376205787 0.031073446327683617
0 0.5554662379421221 0.21398305084745764 0.012861736334405145 0.0211864406779661
0 0.5707395498392283 0.23728813559322035 0.011254019292604502 0.025423728813559324
0 0.5932475884244373 0.22175141242937854 0.014469453376205787 0.025423728813559324
0 0.604903536977492 0.2076271186440678 0.013665594855305467 0.02824858757062147
0 0.617363344051447 0.21680790960451976 0.011254019292604502 0.026836158192090395
0 0.5912379421221865 0.2521186440677966 0.01527331189710611 0.03248587570621469
0 0.6229903536977492 0.2634180790960452 0.014469453376205787 0.03248587570621469
0 0.5454180064308681 0.2796610169491525 0.016881028938906754 0.03389830508474576
0 0.45980707395498394 0.4060734463276836 0.02572347266881029 0.05790960451977401
0 0.5 0.3248587570621469 0.01929260450160772 0.04519774011299435
0 0.5622990353697749 0.2669491525423729 0.018488745980707395 0.03672316384180791
0 0.5281350482315113 0.3742937853107345 0.02572347266881029 0.05649717514124294
0 0.5253215434083601 0.4307909604519774 0.0297427652733119 0.05367231638418079
0 0.5727491961414791 0.4442090395480226 0.03295819935691318 0.0635593220338983
0 0.5896302250803859 0.3714689265536723 0.02652733118971061 0.05084745762711865
0 0.5896302250803859 0.3213276836158192 0.023311897106109324 0.046610169491525424
0 0.6258038585209004 0.2966101694915254 0.023311897106109324 0.04519774011299435
0 0.625 0.4682203389830508 0.03295819935691318 0.0748587570621469
0 0.6603697749196141 0.3693502824858757 0.02652733118971061 0.052259887005649715
0 0.637459807073955 0.3389830508474576 0.02090032154340836 0.04519774011299435
0 0.6808681672025724 0.3453389830508475 0.022508038585209004 0.043785310734463276
0 0.6909163987138264 0.2951977401129944 0.02009646302250804 0.03954802259887006
0 0.6611736334405145 0.2831920903954802 0.02009646302250804 0.043785310734463276
0 0.6627813504823151 0.2309322033898305 0.01045016077170418 0.026836158192090395
0 0.6595659163987139 0.2062146892655367 0.012057877813504822 0.022598870056497175
0 0.6736334405144695 0.22175141242937854 0.012861736334405145 0.031073446327683617
0 0.697347266881029 0.24364406779661016 0.012057877813504822 0.03531073446327684
0 0.727491961414791 0.2577683615819209 0.014469453376205787 0.029661016949152543
0 0.7295016077170418 0.240819209039548 0.013665594855305467 0.02401129943502825
0 0.735128617363344 0.22951977401129944 0.013665594855305467 0.026836158192090395
0 0.6977491961414791 0.509180790960452 0.03536977491961415 0.08333333333333333
0 0.7142282958199357 0.4004237288135593 0.0297427652733119 0.05508474576271186
0 0.7664790996784566 0.4406779661016949 0.03135048231511254 0.059322033898305086
0 0.7986334405144695 0.5402542372881356 0.03617363344051447 0.08050847457627118
0 0.829983922829582 0.4597457627118644 0.03295819935691318 0.05790960451977401
0 0.8440514469453376 0.4110169491525424 0.028938906752411574 0.05649717514124294
0 0.7958199356913184 0.3601694915254237 0.024115755627009645 0.0480225988700565
0 0.8090836012861736 0.3446327683615819 0.018488745980707395 0.0423728813559322
0 0.7487942122186495 0.297316384180791 0.016881028938906754 0.038135593220338986
0 0.7544212218649518 0.2768361581920904 0.012057877813504822 0.025423728813559324
0 0.7733118971061094 0.2648305084745763 0.017684887459807074 0.03248587570621469
0 0.7684887459807074 0.240819209039548 0.014469453376205787 0.029661016949152543
0 0.7893890675241158 0.2598870056497175 0.014469453376205787 0.02824858757062147
0 0.8102893890675241 0.3057909604519774 0.017684887459807074 0.04096045197740113
0 0.8030546623794212 0.2824858757062147 0.014469453376205787 0.03389830508474576
0 0.827572347266881 0.2627118644067797 0.013665594855305467 0.03389830508474576
0 0.8436495176848875 0.2725988700564972 0.01527331189710611 0.0423728813559322
0 0.8368167202572347 0.307909604519774 0.017684887459807074 0.0480225988700565
0 0.8585209003215434 0.2570621468926554 0.014469453376205787 0.031073446327683617
0 0.8842443729903537 0.2824858757062147 0.017684887459807074 0.03954802259887006
0 0.8762057877813505 0.3213276836158192 0.014469453376205787 0.03531073446327684
0 0.8697749196141479 0.3545197740112994 0.02090032154340836 0.05084745762711865
0 0.8979099678456591 0.4088983050847458 0.022508038585209004 0.06073446327683616
0 0.89991961414791 0.481638418079096 0.02652733118971061 0.06497175141242938
0 0.9143890675241158 0.3495762711864407 0.02009646302250804 0.043785310734463276
0 0.9047427652733119 0.3121468926553672 0.016881028938906754 0.03672316384180791
0 0.9196141479099679 0.3064971751412429 0.012861736334405145 0.03954802259887006