0 0.05415499533146592 0.4342105263157895 0.04108309990662932 0.08552631578947369
0 0.06816059757236227 0.5304276315789473 0.0392156862745098 0.10361842105263158
0 0.12978524743230627 0.4375 0.035480859010270774 0.09868421052631579
0 0.38375350140056025 0.20065789473684212 0.022408963585434174 0.039473684210526314
0 0.3972922502334267 0.23190789473684212 0.021475256769374416 0.049342105263157895
0 0.46451914098972924 0.2236842105263158 0.021475256769374416 0.04276315789473684
0 0.49159663865546216 0.2138157894736842 0.03081232492997199 0.05263157894736842
0 0.5200746965452848 0.14144736842105263 0.022408963585434174 0.046052631578947366
0 0.5658263305322129 0.1299342105263158 0.014939309056956116 0.023026315789473683
0 0.7147525676937442 0.1225328947368421 0.02334267040149393 0.047697368421052634
0 0.6143790849673203 0.23848684210526316 0.02054154995331466 0.046052631578947366
0 0.9598506069094305 0.12664473684210525 0.02054154995331466 0.046052631578947366
0 0.9603174603174603 0.18585526315789475 0.025210084033613446 0.049342105263157895