0 0.07784911717495988 0.5448 0.048154093097913325 0.0976
0 0.2030497592295345 0.276 0.02086677367576244 0.0496
0 0.22913322632423755 0.2704 0.024879614767255216 0.048
0 0.278892455858748 0.2368 0.020064205457463884 0.0448
0 0.3097913322632424 0.2368 0.019261637239165328 0.0416
0 0.3097913322632424 0.2096 0.019261637239165328 0.048
0 0.329454253611557 0.224 0.016853932584269662 0.048
0 0.3471107544141252 0.2144 0.018459069020866775 0.0448
0 0.36556982343499195 0.2608 0.018459069020866775 0.0512
0 0.39686998394863565 0.2408 0.020064205457463884 0.0432
0 0.36757624398073835 0.196 0.01765650080256822 0.04
0 0.38924558587479935 0.1936 0.016051364365971106 0.0384
0 0.43258426966292135 0.1928 0.019261637239165328 0.0432
0 0.44301765650080255 0.164 0.01765650080256822 0.0368
0 0.4691011235955056 0.2408 0.021669341894060994 0.0432
0 0.4313804173354735 0.3192 0.023274478330658106 0.0656
0 0.49357945425361155 0.2056 0.019261637239165328 0.0432
0 0.48073836276083465 0.1744 0.016051364365971106 0.0384
0 0.4658908507223114 0.1704 0.016853932584269662 0.0368
0 0.45385232744783305 0.1632 0.012038523274478331 0.0288
0 0.49398073836276085 0.1528 0.016853932584269662 0.0368
0 0.5176565008025682 0.1704 0.02247191011235955 0.0432
0 0.5489566613162119 0.2128 0.01765650080256822 0.0384
0 0.5521669341894061 0.14 0.012841091492776886 0.04
0 0.5617977528089888 0.1624 0.014446227929373997 0.0304
0 0.5774478330658106 0.1352 0.015248796147672551 0.0336
0 0.5971107544141252 0.1272 0.014446227929373997 0.0336
0 0.6063402889245586 0.1552 0.016853932584269662 0.032
0 0.6059390048154093 0.1816 0.014446227929373997 0.0368
0 0.5810593900481541 0.1752 0.01765650080256822 0.0336
0 0.6211878009630819 0.1984 0.01765650080256822 0.0416
0 0.6296147672552167 0.1312 0.015248796147672551 0.0384
0 0.6544943820224719 0.1472 0.013643659711075442 0.0352
0 0.6565008025682183 0.1856 0.01765650080256822 0.0384
0 0.666131621187801 0.132 0.016051364365971106 0.0368
0 0.6902086677367576 0.1392 0.014446227929373997 0.0352
0 0.7082664526484751 0.152 0.013643659711075442 0.0384
0 0.6886035313001605 0.168 0.01765650080256822 0.0384
0 0.5682182985553772 0.2128 0.01765650080256822 0.0384
0 0.5742375601926164 0.328 0.023274478330658106 0.0544
0 0.5959069020866774 0.3808 0.02969502407704655 0.064
0 0.6131621187800963 0.2864 0.027287319422150885 0.0544
0 0.663322632423756 0.2488 0.021669341894060994 0.0528
0 0.6962279293739968 0.2176 0.018459069020866775 0.0416
0 0.6573033707865169 0.3872 0.025682182985553772 0.0608
0 0.7243178170144462 0.3848 0.02969502407704655 0.0624
0 0.7945425361155698 0.44 0.03210272873194221 0.08
0 0.8735955056179775 0.4696 0.03451043338683788 0.072
0 0.7251203852327448 0.2584 0.021669341894060994 0.0528
0 0.7512038523274478 0.288 0.02086677367576244 0.0416
0 0.7419743178170144 0.2272 0.016853932584269662 0.0448
0 0.7463884430176565 0.1864 0.016051364365971106 0.0368
0 0.7700642054574639 0.1824 0.015248796147672551 0.0416
0 0.7808988764044944 0.2024 0.014446227929373997 0.04
0 0.7957463884430177 0.2528 0.018459069020866775 0.0544
0 0.8126003210272873 0.2888 0.026484751203852328 0.056
0 0.8190208667736758 0.224 0.016853932584269662 0.0416
0 0.8081861958266453 0.1864 0.01765650080256822 0.04
0 0.8406902086677368 0.2112 0.015248796147672551 0.0352
0 0.8683788121990369 0.2248 0.014446227929373997 0.04
0 0.8780096308186196 0.2224 0.012841091492776886 0.0352
0 0.8996789727126806 0.2512 0.014446227929373997 0.0352
0 0.906099518459069 0.2264 0.012841091492776886 0.0304
0 0.8880417335473515 0.2896 0.020064205457463884 0.0448
0 0.8667736757624398 0.308 0.02086677367576244 0.0528
0 0.8471107544141252 0.3664 0.023274478330658106 0.0608
0 0.8864365971107544 0.384 0.024879614767255216 0.0672
0 0.9265650080256822 0.3216 0.020064205457463884 0.0512
0 0.9285714285714286 0.2696 0.01765650080256822 0.0464
0 0.9470304975922953 0.2424 0.016051364365971106 0.0432
0 0.9538523274478331 0.424 0.023274478330658106 0.0672
0 0.9462279293739968 0.3672 0.02247191011235955 0.0592
0 0.9723113964686998 0.352 0.020064205457463884 0.0544
0 0.9735152487961477 0.3072 0.014446227929373997 0.0352
0 0.9847512038523274 0.2584 0.016051364365971106 0.0464