0 0.23711340206185566 0.3657331136738056 0.04311152764761012 0.09555189456342669
0 0.1949390815370197 0.443163097199341 0.04498594189315839 0.10214168039538715
0 0.26710402999062793 0.2298187808896211 0.01874414245548266 0.044481054365733116
0 0.3331771321462043 0.2784184514003295 0.02155576382380506 0.039538714991762765
0 0.42549203373945643 0.2833607907742998 0.022492970946579195 0.05601317957166392
0 0.4784442361761949 0.32207578253706753 0.023430178069353328 0.054365733113673806
0 0.3847235238987816 0.18616144975288304 0.01780693533270853 0.032948929159802305
0 0.42127460168697284 0.21334431630971992 0.01780693533270853 0.03459637561779242
0 0.4493908153701968 0.22322899505766064 0.019681349578256794 0.03130148270181219
0 0.4465791940018744 0.1886326194398682 0.014058106841611996 0.03789126853377265
0 0.47141518275538896 0.20098846787479407 0.016869728209934397 0.032948929159802305
0 0.4536082474226804 0.1515650741350906 0.00937207122774133 0.026359143327841845
0 0.4690721649484536 0.1515650741350906 0.01218369259606373 0.026359143327841845
0 0.5074976569821931 0.17298187808896212 0.014058106841611996 0.036243822075782535
0 0.5220243673851921 0.20510708401976935 0.01499531396438613 0.03459637561779242
0 0.5295220243673852 0.13838550247116968 0.01499531396438613 0.036243822075782535
0 0.5571696344892221 0.14909390444810544 0.01218369259606373 0.03130148270181219
0 0.5787253983130272 0.15897858319604613 0.01218369259606373 0.03130148270181219
0 0.5740393626991566 0.1070840197693575 0.010309278350515464 0.026359143327841845
0 0.6377694470477976 0.09555189456342669 0.014058106841611996 0.039538714991762765
0 0.6846298031865042 0.09637561779242175 0.01218369259606373 0.03130148270181219
0 0.7193064667291471 0.07660626029654036 0.01218369259606373 0.02471169686985173
0 0.6082474226804123 0.24052718286655683 0.02436738519212746 0.042833607907743
0 0.6541705716963448 0.2471169686985173 0.020618556701030927 0.04942339373970346
0 0.718369259606373 0.27924217462932455 0.023430178069353328 0.051070840197693576
0 0.7713214620431116 0.3056013179571664 0.022492970946579195 0.051070840197693576
0 0.8739456419868791 0.22405271828665568 0.015932521087160263 0.039538714991762765
0 0.8500468603561387 0.19604612850082373 0.016869728209934397 0.04612850082372323
0 0.7994376757263355 0.18204283360790774 0.013120899718837863 0.03130148270181219
0 0.683223992502343 0.15403624382207579 0.016869728209934397 0.03789126853377265
0 0.711808809746954 0.14662273476112025 0.015932521087160263 0.036243822075782535
0 0.7286785379568884 0.1614497528830313 0.01218369259606373 0.029654036243822075
0 0.7478912839737581 0.14332784184514002 0.01499531396438613 0.039538714991762765
0 0.7572633552014996 0.17051070840197693 0.016869728209934397 0.03130148270181219
0 0.7511715089034676 0.10790774299835255 0.010309278350515464 0.03459637561779242
0 0.8116213683223993 0.12767710049423395 0.00937207122774133 0.03130148270181219
0 0.4835988753514527 0.1326194398682043 0.011246485473289597 0.0214168039538715
0 0.47985004686035615 0.16392092257001648 0.01499531396438613 0.02800658978583196