0 0.18443496801705758 0.4667300380228137 0.046908315565031986 0.0817490494296578
0 0.3624733475479744 0.279467680608365 0.0255863539445629 0.057034220532319393
0 0.39019189765458423 0.32604562737642584 0.03411513859275053 0.0779467680608365
0 0.267590618336887 0.21958174904942965 0.017057569296375266 0.028517110266159697
0 0.3427505330490405 0.18726235741444866 0.013859275053304905 0.03231939163498099
0 0.3646055437100213 0.18726235741444866 0.014925373134328358 0.028517110266159697
0 0.3646055437100213 0.217680608365019 0.017057569296375266 0.024714828897338403
0 0.3411513859275053 0.2376425855513308 0.021321961620469083 0.034220532319391636
0 0.4077825159914712 0.20437262357414449 0.015991471215351813 0.028517110266159697
0 0.39339019189765456 0.18726235741444866 0.01279317697228145 0.024714828897338403
0 0.3795309168443497 0.18346007604562736 0.01279317697228145 0.024714828897338403
0 0.4429637526652452 0.217680608365019 0.015991471215351813 0.03612167300380228
0 0.4141791044776119 0.2576045627376426 0.02025586353944563 0.039923954372623575
0 0.47121535181236673 0.20817490494296578 0.023454157782515993 0.039923954372623575
0 0.43976545842217485 0.1720532319391635 0.013859275053304905 0.03231939163498099
0 0.43763326226012794 0.1397338403041825 0.013859275053304905 0.028517110266159697
0 0.47174840085287845 0.1682509505703422 0.015991471215351813 0.02091254752851711
0 0.5090618336886994 0.1806083650190114 0.01812366737739872 0.03802281368821293
0 0.5421108742004265 0.1920152091254753 0.01812366737739872 0.04182509505703422
0 0.517590618336887 0.1644486692015209 0.01812366737739872 0.03612167300380228
0 0.505863539445629 0.13307984790874525 0.013859275053304905 0.030418250950570342
0 0.5197228144989339 0.12547528517110265 0.013859275053304905 0.026615969581749048
0 0.47707889125799574 0.1473384030418251 0.01812366737739872 0.02091254752851711
0 0.5346481876332623 0.13403041825095058 0.013859275053304905 0.028517110266159697
0 0.5783582089552238 0.16730038022813687 0.015991471215351813 0.034220532319391636
0 0.6087420042643923 0.1150190114068441 0.019189765458422176 0.03612167300380228
0 0.5868869936034116 0.12072243346007605 0.011727078891257996 0.028517110266159697
0 0.6497867803837953 0.11787072243346007 0.015991471215351813 0.030418250950570342
0 0.6631130063965884 0.10076045627376426 0.017057569296375266 0.030418250950570342
0 0.6705756929637526 0.12832699619771862 0.01279317697228145 0.03231939163498099
0 0.6886993603411514 0.10741444866920152 0.014925373134328358 0.03612167300380228
0 0.7137526652452025 0.1188212927756654 0.013859275053304905 0.024714828897338403
0 0.5959488272921108 0.24524714828897337 0.019189765458422176 0.04182509505703422
0 0.6273987206823027 0.2509505703422053 0.022388059701492536 0.049429657794676805
0 0.7212153518123667 0.24049429657794677 0.02025586353944563 0.03612167300380228
0 0.6663113006396588 0.30228136882129275 0.021321961620469083 0.03802281368821293
0 0.6695095948827292 0.17775665399239543 0.019189765458422176 0.03231939163498099
0 0.7627931769722814 0.3488593155893536 0.024520255863539446 0.06273764258555133
0 0.7867803837953091 0.3231939163498099 0.021321961620469083 0.060836501901140684
0 0.7590618336886994 0.28422053231939165 0.023454157782515993 0.06273764258555133
0 0.7723880597014925 0.2737642585551331 0.02025586353944563 0.053231939163498096
0 0.7697228144989339 0.2005703422053232 0.017057569296375266 0.03612167300380228
0 0.740405117270789 0.19391634980988592 0.013859275053304905 0.026615969581749048
0 0.7611940298507462 0.17870722433460076 0.01279317697228145 0.022813688212927757
0 0.744136460554371 0.15114068441064638 0.017057569296375266 0.02091254752851711
0 0.7190831556503199 0.1634980988593156 0.01812366737739872 0.022813688212927757
0 0.7553304904051172 0.13498098859315588 0.013859275053304905 0.022813688212927757
0 0.7777185501066098 0.15304182509505704 0.011727078891257996 0.024714828897338403
0 0.7969083155650319 0.155893536121673 0.013859275053304905 0.030418250950570342
0 0.8113006396588486 0.14638783269961977 0.01279317697228145 0.030418250950570342
0 0.8038379530916845 0.12262357414448669 0.01279317697228145 0.024714828897338403
0 0.8246268656716418 0.1311787072243346 0.011727078891257996 0.026615969581749048
0 0.8384861407249466 0.15019011406844107 0.011727078891257996 0.030418250950570342
0 0.853411513859275 0.1482889733840304 0.011727078891257996 0.030418250950570342
0 0.8288912579957356 0.18346007604562736 0.013859275053304905 0.028517110266159697
0 0.8518123667377399 0.2252851711026616 0.017057569296375266 0.039923954372623575
0 0.8454157782515992 0.20342205323193915 0.01279317697228145 0.030418250950570342
0 0.8566098081023454 0.18536121673003803 0.011727078891257996 0.028517110266159697
0 0.8731343283582089 0.16254752851711027 0.014925373134328358 0.03612167300380228
0 0.8837953091684435 0.14258555133079848 0.014925373134328358 0.034220532319391636
0 0.9093816631130064 0.1482889733840304 0.014925373134328358 0.034220532319391636
0 0.8363539445628998 0.3574144486692015 0.026652452025586353 0.045627376425855515
0 0.9072494669509595 0.3897338403041825 0.023454157782515993 0.049429657794676805
0 0.908315565031983 0.3193916349809886 0.021321961620469083 0.045627376425855515
0 0.8827292110874201 0.25475285171102663 0.023454157782515993 0.049429657794676805
0 0.9344349680170576 0.28517110266159695 0.022388059701492536 0.049429657794676805
0 0.9301705756929638 0.2423954372623574 0.015991471215351813 0.028517110266159697
0 0.8992537313432836 0.2005703422053232 0.013859275053304905 0.024714828897338403
0 0.8912579957356077 0.2262357414448669 0.019189765458422176 0.03802281368821293
0 0.9514925373134329 0.20247148288973385 0.013859275053304905 0.03231939163498099
0 0.94136460554371 0.19106463878326996 0.010660980810234541 0.028517110266159697
0 0.9520255863539445 0.16920152091254753 0.01279317697228145 0.026615969581749048