0 0.17005545286506468 0.4818780889621087 0.04251386321626617 0.08072487644151564
0 0.2809611829944547 0.24464579901153213 0.014787430683918669 0.03130148270181219
0 0.2948243992606285 0.2413509060955519 0.018484288354898338 0.03459637561779242
0 0.3082255083179298 0.25123558484349257 0.019408502772643253 0.03789126853377265
0 0.36506469500924216 0.25617792421746294 0.0166358595194085 0.03459637561779242
0 0.3724584103512015 0.2775947281713344 0.022181146025878003 0.04118616144975288
0 0.3664510166358595 0.19439868204283361 0.015711645101663587 0.036243822075782535
0 0.3747689463955638 0.21087314662273476 0.01756007393715342 0.032948929159802305
0 0.38955637707948243 0.2215815485996705 0.01756007393715342 0.03130148270181219
0 0.39648798521256934 0.19357495881383854 0.0166358595194085 0.03130148270181219
0 0.4011090573012939 0.16803953871499178 0.014787430683918669 0.026359143327841845
0 0.4195933456561922 0.1672158154859967 0.012939001848428836 0.02800658978583196
0 0.42791127541589646 0.17380560131795716 0.0166358595194085 0.03130148270181219
0 0.4422365988909427 0.22240527182866557 0.021256931608133085 0.039538714991762765
0 0.4713493530499076 0.23064250411861614 0.022181146025878003 0.036243822075782535
0 0.44870609981515713 0.1812191103789127 0.015711645101663587 0.032948929159802305
0 0.4824399260628466 0.19604612850082373 0.02033271719038817 0.039538714991762765
0 0.4755083179297597 0.17545304777594728 0.013863216266173753 0.02800658978583196
0 0.4810536044362292 0.1630971993410214 0.012014787430683918 0.023064250411861616
0 0.46395563770794823 0.13673805601317957 0.012939001848428836 0.026359143327841845
0 0.5069316081330869 0.16227347611202636 0.015711645101663587 0.02800658978583196
0 0.47966728280961185 0.1441515650741351 0.012939001848428836 0.02471169686985173
0 0.5115526802218114 0.14497528830313014 0.013863216266173753 0.029654036243822075
0 0.5069316081330869 0.1186161449752883 0.013863216266173753 0.026359143327841845
0 0.5254158964879853 0.13509060955518945 0.013863216266173753 0.023064250411861616
0 0.5425138632162662 0.18780889621087316 0.0166358595194085 0.036243822075782535
0 0.5767097966728281 0.1630971993410214 0.0166358595194085 0.036243822075782535
0 0.5489833641404805 0.12191103789126853 0.012939001848428836 0.029654036243822075
0 0.5591497227356746 0.12932454695222406 0.012939001848428836 0.02800658978583196
0 0.583641404805915 0.11532125205930807 0.012014787430683918 0.026359143327841845
0 0.589648798521257 0.10626029654036244 0.012939001848428836 0.02800658978583196
0 0.5979667282809612 0.14991762767710048 0.018484288354898338 0.032948929159802305
0 0.6081330868761553 0.12767710049423395 0.011090573012939002 0.02800658978583196
0 0.6141404805914972 0.09884678747940692 0.012014787430683918 0.023064250411861616
0 0.6358595194085028 0.12767710049423395 0.012939001848428836 0.02800658978583196
0 0.6363216266173752 0.09967051070840198 0.010166358595194085 0.02471169686985173
0 0.6682070240295749 0.10461285008237232 0.011090573012939002 0.02800658978583196
0 0.6954713493530499 0.10214168039538715 0.013863216266173753 0.026359143327841845
0 0.6645101663585952 0.15815485996705106 0.0166358595194085 0.032948929159802305
0 0.6381700554528651 0.17298187808896212 0.015711645101663587 0.036243822075782535
0 0.6072088724584104 0.20675453047775946 0.022181146025878003 0.03789126853377265
0 0.6196857670979667 0.24217462932454695 0.02310536044362292 0.04942339373970346
0 0.5730129390018485 0.2355848434925865 0.022181146025878003 0.039538714991762765
0 0.4926062846580407 0.30477759472817134 0.029574861367837338 0.06260296540362438
0 0.5314232902033271 0.3237232289950577 0.027726432532347505 0.054365733113673806
0 0.6048983364140481 0.31960461285008235 0.030499075785582256 0.06260296540362438
0 0.6737523105360443 0.3228995057660626 0.038817005545286505 0.06589785831960461
0 0.710720887245841 0.2627677100494234 0.027726432532347505 0.054365733113673806
0 0.6954713493530499 0.23311367380560133 0.01756007393715342 0.04118616144975288
0 0.6543438077634011 0.21087314662273476 0.022181146025878003 0.042833607907743
0 0.7014787430683919 0.171334431630972 0.02033271719038817 0.04612850082372323
0 0.722735674676525 0.1985172981878089 0.02033271719038817 0.044481054365733116
0 0.7481515711645101 0.21252059308072488 0.021256931608133085 0.04942339373970346
0 0.7301293900184843 0.11614497528830313 0.0166358595194085 0.02800658978583196
0 0.7453789279112755 0.13673805601317957 0.015711645101663587 0.032948929159802305
0 0.7564695009242144 0.12767710049423395 0.010166358595194085 0.03130148270181219
0 0.7707948243992606 0.13756177924217464 0.014787430683918669 0.03130148270181219
0 0.7731053604436229 0.18780889621087316 0.019408502772643253 0.039538714991762765
0 0.7818853974121996 0.2644151565074135 0.024029574861367836 0.047775947281713346
0 0.7352125693160814 0.3525535420098847 0.03789279112754159 0.0757825370675453
0 0.8068391866913124 0.3673805601317957 0.03512014787430684 0.06589785831960461
0 0.8872458410351202 0.36326194398682043 0.033271719038817 0.07742998352553541
0 0.8951016635859519 0.30065897858319607 0.026802218114602587 0.06754530477759473
0 0.905268022181146 0.257001647446458 0.019408502772643253 0.04612850082372323
0 0.9098890942698706 0.22322899505766064 0.01756007393715342 0.03789126853377265
0 0.9195933456561922 0.19686985172981877 0.012939001848428836 0.03789126853377265
0 0.9214417744916821 0.15733113673805602 0.014787430683918669 0.03130148270181219
0 0.8941774491682071 0.17627677100494235 0.01756007393715342 0.039538714991762765
0 0.883086876155268 0.15650741350906094 0.013863216266173753 0.039538714991762765
0 0.8738447319778189 0.19686985172981877 0.019408502772643253 0.03789126853377265
0 0.859981515711645 0.2504118616144975 0.01756007393715342 0.04942339373970346
0 0.8350277264325323 0.28747940691927515 0.026802218114602587 0.054365733113673806
0 0.8017560073937153 0.25205930807248766 0.02310536044362292 0.042833607907743
0 0.8248613678373382 0.1886326194398682 0.01756007393715342 0.04118616144975288
0 0.7971349353049908 0.1416803953871499 0.015711645101663587 0.029654036243822075
0 0.8257855822550831 0.13673805601317957 0.015711645101663587 0.036243822075782535
0 0.8438077634011091 0.1672158154859967 0.0166358595194085 0.03459637561779242
0 0.8525878003696857 0.14744645799011533 0.01756007393715342 0.03130148270181219
0 0.8627541589648798 0.12273476112026359 0.013863216266173753 0.03130148270181219