0 0.18015794669299112 0.4853448275862069 0.04244817374136229 0.08793103448275862
0 0.3667324777887463 0.1939655172413793 0.02073050345508391 0.03620689655172414
0 0.39486673247778875 0.2663793103448276 0.019743336623889437 0.03620689655172414
0 0.41016781836130306 0.21465517241379312 0.018756169792694965 0.032758620689655175
0 0.4190523198420533 0.15948275862068967 0.01678183613030602 0.032758620689655175
0 0.46594274432379074 0.21637931034482757 0.02171767028627838 0.04310344827586207
0 0.48815399802566634 0.32068965517241377 0.03257650542941757 0.06206896551724138
0 0.5513326752221125 0.32413793103448274 0.03060217176702863 0.06206896551724138
0 0.5172754195459033 0.11896551724137931 0.01579466929911155 0.027586206896551724
0 0.5434353405725567 0.11810344827586207 0.014807502467917079 0.03620689655172414
0 0.5750246791707798 0.12155172413793103 0.018756169792694965 0.032758620689655175
0 0.5666337611056268 0.1793103448275862 0.017769002961500493 0.034482758620689655
0 0.6224086870681145 0.26982758620689656 0.02665350444225074 0.05
0 0.629812438302073 0.1482758620689655 0.017769002961500493 0.03103448275862069
0 0.6051332675222113 0.10775862068965517 0.013820335636722606 0.02586206896551724
0 0.6668311944718658 0.21982758620689655 0.022704837117472853 0.04310344827586207
0 0.6831194471865746 0.30258620689655175 0.03356367226061204 0.0706896551724138
0 0.7393879565646594 0.2629310344827586 0.027640671273445213 0.0603448275862069
0 0.7541954590325765 0.31724137931034485 0.03751233958538993 0.07931034482758621
0 0.7922013820335637 0.2775862068965517 0.028627838104639685 0.05862068965517241
0 0.778381046396841 0.20948275862068966 0.022704837117472853 0.04310344827586207
0 0.843040473840079 0.30086206896551726 0.027640671273445213 0.0706896551724138
0 0.8864758144126358 0.22155172413793103 0.019743336623889437 0.039655172413793106
0 0.9195459032576505 0.2818965517241379 0.022704837117472853 0.0603448275862069
0 0.9432379072063178 0.15258620689655172 0.012833168805528134 0.03620689655172414
0 0.912142152023692 0.0853448275862069 0.013820335636722606 0.029310344827586206
0 0.9146100691016782 0.14396551724137932 0.014807502467917079 0.029310344827586206
0 0.8731490621915103 0.12327586206896551 0.012833168805528134 0.032758620689655175
0 0.8499506416584403 0.12327586206896551 0.011846001974333662 0.02586206896551724
0 0.7630799605133267 0.04310344827586207 0.013820335636722606 0.03103448275862069