0 0.903739061256961 0.23519163763066203 0.012728719172633254 0.0313588850174216
0 0.9864757358790772 0.2656794425087108 0.011137629276054098 0.04006968641114982
0 0.9459029435163087 0.25 0.012728719172633254 0.04355400696864112
0 0.930389817024662 0.2761324041811847 0.011933174224343675 0.04355400696864112
0 0.9753381066030231 0.3405923344947735 0.012728719172633254 0.036585365853658534
0 0.9749403341288783 0.37456445993031356 0.013524264120922832 0.05226480836236934
0 0.9447096260938743 0.39285714285714285 0.01988862370723946 0.05749128919860627
0 0.960222752585521 0.46689895470383275 0.01909307875894988 0.06620209059233449
0 0.9287987271280828 0.3475609756097561 0.015115354017501989 0.05400696864111498
0 0.890612569610183 0.2865853658536585 0.013524264120922832 0.050522648083623695
0 0.8798727128082736 0.23344947735191637 0.011137629276054098 0.03484320557491289
0 0.8719172633253779 0.23780487804878048 0.011137629276054098 0.04006968641114982
0 0.8440731901352426 0.2186411149825784 0.014319809069212411 0.036585365853658534
0 0.8675417661097852 0.3249128919860627 0.016706443914081145 0.050522648083623695
0 0.8842482100238663 0.42160278745644597 0.01988862370723946 0.06620209059233449
0 0.8496420047732697 0.39198606271777003 0.01909307875894988 0.04878048780487805
0 0.8683373110580748 0.5 0.024661893396976928 0.07665505226480836
0 0.7919649960222752 0.4634146341463415 0.026252983293556086 0.08710801393728224
0 0.8158313444709626 0.3048780487804878 0.018297533810660304 0.05226480836236934
0 0.7975338106603023 0.2534843205574913 0.013524264120922832 0.050522648083623695
0 0.8221957040572793 0.23257839721254356 0.013524264120922832 0.033101045296167246
0 0.8106603023070803 0.19599303135888502 0.011137629276054098 0.036585365853658534
0 0.7728719172633254 0.19076655052264807 0.011933174224343675 0.04006968641114982
0 0.781225139220366 0.2073170731707317 0.014319809069212411 0.041811846689895474
0 0.750994431185362 0.19773519163763068 0.011137629276054098 0.033101045296167246
0 0.7191726332537789 0.16114982578397213 0.012728719172633254 0.04006968641114982
0 0.7450278440731901 0.23954703832752614 0.015115354017501989 0.04355400696864112
0 0.6929196499602227 0.1445993031358885 0.011137629276054098 0.03484320557491289
0 0.6686555290373906 0.14285714285714285 0.013524264120922832 0.03484320557491289
0 0.6917263325377884 0.16898954703832753 0.013524264120922832 0.03832752613240418
0 0.6332537788385044 0.1332752613240418 0.012728719172633254 0.04006968641114982
0 0.656722354813047 0.15069686411149827 0.011933174224343675 0.04006968641114982
0 0.6599045346062052 0.1837979094076655 0.013524264120922832 0.036585365853658534
0 0.698090692124105 0.21515679442508712 0.015115354017501989 0.047038327526132406
0 0.6706443914081146 0.24738675958188153 0.020684168655529037 0.05574912891986063
0 0.7315035799522673 0.2700348432055749 0.01988862370723946 0.059233449477351915
0 0.7537788385043755 0.29878048780487804 0.016706443914081145 0.050522648083623695
0 0.6010342084327764 0.11933797909407666 0.011933174224343675 0.033101045296167246
0 0.6105807478122514 0.16202090592334495 0.013524264120922832 0.0313588850174216
0 0.6260938743038982 0.20470383275261325 0.012728719172633254 0.047038327526132406
0 0.6050119331742243 0.1951219512195122 0.011933174224343675 0.041811846689895474
0 0.6268894192521878 0.304006968641115 0.01909307875894988 0.05749128919860627
0 0.6133651551312649 0.3693379790940767 0.02386634844868735 0.06620209059233449
0 0.6662688941925219 0.4094076655052265 0.023070803500397773 0.06620209059233449
0 0.581145584725537 0.3423344947735192 0.023070803500397773 0.05749128919860627
0 0.581145584725537 0.1367595818815331 0.011933174224343675 0.036585365853658534
0 0.5847255369928401 0.17073170731707318 0.012728719172633254 0.03832752613240418
0 0.5568814638027049 0.14111498257839722 0.012728719172633254 0.03484320557491289
0 0.5648369132856006 0.16376306620209058 0.012728719172633254 0.041811846689895474
0 0.5552903739061257 0.22386759581881532 0.011137629276054098 0.04006968641114982
0 0.5727923627684964 0.21515679442508712 0.014319809069212411 0.04355400696864112
0 0.4988066825775656 0.15505226480836237 0.011137629276054098 0.03484320557491289
0 0.5218774860779634 0.17682926829268292 0.014319809069212411 0.04006968641114982
0 0.5318217979315831 0.16986062717770034 0.013524264120922832 0.04006968641114982
0 0.44709626093874305 0.16289198606271776 0.011137629276054098 0.029616724738675958
0 0.4610182975338107 0.16986062717770034 0.010342084327764518 0.02613240418118467
0 0.49840891010342087 0.21254355400696864 0.015115354017501989 0.03832752613240418
0 0.47573587907716786 0.25609756097560976 0.01909307875894988 0.05226480836236934
0 0.4403341288782816 0.19773519163763068 0.013524264120922832 0.036585365853658534
0 0.4439140811455847 0.3153310104529617 0.017501988862370723 0.05226480836236934
0 0.4045346062052506 0.24128919860627177 0.013524264120922832 0.04006968641114982
0 0.39618138424821003 0.19425087108013936 0.014319809069212411 0.036585365853658534
0 0.3564041368337311 0.21602787456445993 0.012728719172633254 0.03832752613240418
0 0.3786793953858393 0.26742160278745647 0.015910898965791568 0.047038327526132406
0 0.3703261734287987 0.20034843205574912 0.016706443914081145 0.0313588850174216
0 0.2744630071599045 0.24825783972125434 0.015910898965791568 0.033101045296167246
0 0.3138424821002387 0.21602787456445993 0.016706443914081145 0.03484320557491289
0 0.315035799522673 0.24912891986062718 0.012728719172633254 0.041811846689895474
0 0.33770883054892603 0.23170731707317074 0.016706443914081145 0.04529616724738676
0 0.20365950676213207 0.29878048780487804 0.017501988862370723 0.047038327526132406
0 0.23349244232299124 0.2935540069686411 0.016706443914081145 0.05400696864111498
0 0.10540970564836913 0.5670731707317073 0.045346062052505964 0.11672473867595819
0 0.7243436754176611 0.4172473867595819 0.024661893396976928 0.07491289198606271