0 0.19692737430167598 0.4087171052631579 0.056797020484171325 0.10361842105263158
0 0.2756052141527002 0.25411184210526316 0.0148975791433892 0.027960526315789474
0 0.29329608938547486 0.24342105263157895 0.0148975791433892 0.039473684210526314
0 0.3054003724394786 0.25082236842105265 0.01675977653631285 0.03782894736842105
0 0.3747672253258845 0.2746710526315789 0.017690875232774673 0.03289473684210526
0 0.35567970204841715 0.2590460526315789 0.00931098696461825 0.03453947368421053
0 0.3840782122905028 0.17927631578947367 0.017690875232774673 0.03618421052631579
0 0.40456238361266295 0.18503289473684212 0.013966480446927373 0.024671052631578948
0 0.41620111731843573 0.17434210526315788 0.0186219739292365 0.03618421052631579
0 0.4241154562383613 0.15953947368421054 0.013966480446927373 0.02631578947368421
0 0.44320297951582865 0.22121710526315788 0.0223463687150838 0.03782894736842105
0 0.45018621973929235 0.18338815789473684 0.021415270018621976 0.03782894736842105
0 0.4702048417132216 0.13898026315789475 0.01303538175046555 0.03125
0 0.4720670391061452 0.18503289473684212 0.0223463687150838 0.04111842105263158
0 0.4716014897579143 0.21957236842105263 0.015828677839851025 0.03782894736842105
0 0.4860335195530726 0.14309210526315788 0.020484171322160148 0.03618421052631579
0 0.49115456238361266 0.17023026315789475 0.013966480446927373 0.03125
0 0.5013966480446927 0.18503289473684212 0.019553072625698324 0.04111842105263158
0 0.5232774674115456 0.19325657894736842 0.0260707635009311 0.044407894736842105
0 0.515828677839851 0.15871710526315788 0.0186219739292365 0.03782894736842105
0 0.5162942271880819 0.13322368421052633 0.013966480446927373 0.029605263157894735
0 0.527001862197393 0.1299342105263158 0.0223463687150838 0.03289473684210526
0 0.5409683426443203 0.17105263157894737 0.01675977653631285 0.03618421052631579
0 0.5651769087523277 0.1669407894736842 0.01675977653631285 0.027960526315789474
0 0.5451582867783985 0.125 0.013966480446927373 0.029605263157894735
0 0.5591247672253259 0.12417763157894737 0.015828677839851025 0.027960526315789474
0 0.5777467411545624 0.13651315789473684 0.019553072625698324 0.039473684210526314
0 0.5079143389199255 0.296875 0.032588454376163874 0.047697368421052634
0 0.5963687150837989 0.10361842105263158 0.013966480446927373 0.02631578947368421
0 0.6154562383612663 0.09786184210526316 0.01303538175046555 0.02138157894736842
0 0.6373370577281192 0.10526315789473684 0.019553072625698324 0.03618421052631579
0 0.6126629422718808 0.14473684210526316 0.01303538175046555 0.023026315789473683
0 0.6573556797020484 0.1118421052631579 0.0111731843575419 0.039473684210526314
0 0.6587523277467412 0.13815789473684212 0.023277467411545624 0.039473684210526314
0 0.6284916201117319 0.20230263157894737 0.0223463687150838 0.03618421052631579
0 0.5702979515828678 0.23766447368421054 0.019553072625698324 0.03453947368421053
0 0.5628491620111732 0.2935855263157895 0.030726256983240222 0.04111842105263158
0 0.6298882681564246 0.29276315789473684 0.027001862197392923 0.05263157894736842
0 0.6261638733705773 0.24424342105263158 0.025139664804469275 0.04111842105263158
0 0.6559590316573557 0.2138157894736842 0.021415270018621976 0.039473684210526314
0 0.7039106145251397 0.09457236842105263 0.0111731843575419 0.027960526315789474
0 0.6997206703910615 0.171875 0.027001862197392923 0.044407894736842105
0 0.696927374301676 0.23273026315789475 0.025139664804469275 0.044407894736842105
0 0.7197392923649907 0.16200657894736842 0.0223463687150838 0.044407894736842105
0 0.7262569832402235 0.20394736842105263 0.0223463687150838 0.03289473684210526
0 0.7248603351955307 0.24917763157894737 0.025139664804469275 0.05098684210526316
0 0.7034450651769087 0.3059210526315789 0.03445065176908752 0.05263157894736842
0 0.7434823091247672 0.11759868421052631 0.013966480446927373 0.03125
0 0.7625698324022346 0.13404605263157895 0.0186219739292365 0.04111842105263158
0 0.7509310986964618 0.21463815789473684 0.021415270018621976 0.05756578947368421
0 0.7406890130353817 0.3684210526315789 0.04189944134078212 0.0756578947368421
0 0.7886405959031657 0.26480263157894735 0.0297951582867784 0.05921052631578947
0 0.7807262569832403 0.19490131578947367 0.025139664804469275 0.05098684210526316
0 0.7816573556797021 0.13898026315789475 0.019553072625698324 0.044407894736842105
0 0.8040037243947858 0.14309210526315788 0.019553072625698324 0.039473684210526314
0 0.8123836126629422 0.328125 0.032588454376163874 0.06414473684210527
0 0.8491620111731844 0.28289473684210525 0.024208566108007448 0.046052631578947366
0 0.8133147113594041 0.24753289473684212 0.027001862197392923 0.04111842105263158
0 0.8324022346368715 0.19407894736842105 0.024208566108007448 0.046052631578947366
0 0.8328677839851024 0.14638157894736842 0.015828677839851025 0.03618421052631579
0 0.8365921787709497 0.12417763157894737 0.012104283054003724 0.03125
0 0.8635940409683427 0.12335526315789473 0.012104283054003724 0.02631578947368421
0 0.8575418994413407 0.1455592105263158 0.0148975791433892 0.027960526315789474
0 0.8943202979515829 0.140625 0.010242085661080074 0.024671052631578948
0 0.87756052141527 0.19572368421052633 0.019553072625698324 0.03289473684210526
0 0.8631284916201117 0.2557565789473684 0.0223463687150838 0.054276315789473686
0 0.8873370577281192 0.36348684210526316 0.0335195530726257 0.06907894736842106
0 0.909217877094972 0.2878289473684211 0.021415270018621976 0.049342105263157895
0 0.9138733705772812 0.24342105263157895 0.015828677839851025 0.029605263157894735
0 0.9245810055865922 0.19736842105263158 0.01303538175046555 0.04276315789473684
0 0.9273743016759777 0.15789473684210525 0.0111731843575419 0.019736842105263157
0 0.6554934823091247 0.16611842105263158 0.027932960893854747 0.046052631578947366
0 0.37337057728119183 0.24588815789473684 0.01675977653631285 0.03125