0 0.10111910471622702 0.5497198879551821 0.058353317346123104 0.10504201680672269
0 0.22062350119904076 0.34663865546218486 0.019184652278177457 0.0350140056022409
0 0.2589928057553957 0.3396358543417367 0.020783373301358914 0.046218487394957986
0 0.28457234212629895 0.29481792717086835 0.019184652278177457 0.037815126050420166
0 0.2837729816147082 0.36904761904761907 0.02238209432454037 0.049019607843137254
0 0.31654676258992803 0.37815126050420167 0.025579536370903277 0.047619047619047616
0 0.3521183053557154 0.3242296918767507 0.019984012789768184 0.04341736694677871
0 0.3537170263788969 0.29061624649859946 0.01838529176658673 0.037815126050420166
0 0.3828936850519584 0.32703081232493 0.014388489208633094 0.0350140056022409
0 0.4060751398880895 0.33053221288515405 0.019184652278177457 0.04201680672268908
0 0.40367705835331735 0.29411764705882354 0.01598721023181455 0.03361344537815126
0 0.4372501998401279 0.3277310924369748 0.020783373301358914 0.036414565826330535
0 0.4364508393285372 0.29831932773109243 0.019184652278177457 0.036414565826330535
0 0.4660271782573941 0.2927170868347339 0.019184652278177457 0.036414565826330535
0 0.5075939248601119 0.3074229691876751 0.017585931254996003 0.037815126050420166
0 0.40207833733013587 0.234593837535014 0.014388489208633094 0.0350140056022409
0 0.4284572342126299 0.25910364145658266 0.012789768185451638 0.028011204481792718
0 0.44244604316546765 0.24299719887955182 0.013589128697042365 0.029411764705882353
0 0.4556354916067146 0.2696078431372549 0.014388489208633094 0.03221288515406162
0 0.46203037569944044 0.23529411764705882 0.012789768185451638 0.025210084033613446
0 0.4892086330935252 0.25770308123249297 0.014388489208633094 0.028011204481792718
0 0.5223820943245404 0.25840336134453784 0.015187849720223821 0.03221288515406162
0 0.513189448441247 0.23179271708683474 0.014388489208633094 0.02661064425770308
0 0.5275779376498801 0.24649859943977592 0.012789768185451638 0.025210084033613446
0 0.54396482813749 0.2815126050420168 0.015187849720223821 0.03361344537815126
0 0.5687450039968026 0.24719887955182074 0.013589128697042365 0.029411764705882353
0 0.5411670663469225 0.22198879551820727 0.012789768185451638 0.029411764705882353
0 0.5623501199040767 0.21428571428571427 0.013589128697042365 0.025210084033613446
0 0.5875299760191847 0.23879551820728293 0.012789768185451638 0.02661064425770308
0 0.5915267785771383 0.21988795518207283 0.014388489208633094 0.028011204481792718
0 0.6031175059952039 0.19677871148459383 0.013589128697042365 0.02661064425770308
0 0.6183053557154277 0.2030812324929972 0.015187849720223821 0.028011204481792718
0 0.6270983213429256 0.23599439775910364 0.015187849720223821 0.03221288515406162
0 0.6494804156674661 0.21288515406162464 0.013589128697042365 0.028011204481792718
0 0.6614708233413269 0.22198879551820727 0.011990407673860911 0.029411764705882353
0 0.6746602717825739 0.22198879551820727 0.012789768185451638 0.03221288515406162
0 0.6938449240607514 0.2415966386554622 0.01598721023181455 0.0350140056022409
0 0.47162270183852917 0.3900560224089636 0.030375699440447643 0.06302521008403361
0 0.5231814548361311 0.3634453781512605 0.027977617905675458 0.0546218487394958
0 0.5375699440447642 0.3956582633053221 0.032773780975219824 0.06302521008403361
0 0.5779376498800959 0.42366946778711484 0.035171862509992005 0.07142857142857142
0 0.6079136690647482 0.3389355742296919 0.023181454836131096 0.047619047619047616
0 0.5907274180655475 0.31932773109243695 0.023980815347721823 0.05322128851540616
0 0.6282973621103117 0.2913165266106443 0.017585931254996003 0.04201680672268908
0 0.6374900079936051 0.32492997198879553 0.019984012789768184 0.047619047619047616
0 0.6554756195043965 0.3627450980392157 0.025579536370903277 0.056022408963585436
0 0.67585931254996 0.34523809523809523 0.026378896882494004 0.06302521008403361
0 0.6294964028776978 0.4432773109243697 0.037569944044764186 0.07142857142857142
0 0.6862509992006395 0.5021008403361344 0.042366107114308556 0.0938375350140056
0 0.6654676258992805 0.25770308123249297 0.01838529176658673 0.03361344537815126
0 0.7106314948041567 0.27871148459383754 0.014388489208633094 0.03081232492997199
0 0.718625099920064 0.2542016806722689 0.019184652278177457 0.04061624649859944
0 0.7294164668265388 0.24019607843137256 0.013589128697042365 0.037815126050420166
0 0.7422062350119905 0.22198879551820727 0.016786570743405275 0.03221288515406162
0 0.7669864108713029 0.2338935574229692 0.015187849720223821 0.036414565826330535
0 0.7553956834532374 0.27240896358543415 0.017585931254996003 0.04061624649859944
0 0.750599520383693 0.2542016806722689 0.014388489208633094 0.03221288515406162
0 0.7270183852917665 0.39355742296918766 0.027977617905675458 0.058823529411764705
0 0.7573940847322143 0.4334733893557423 0.027977617905675458 0.06862745098039216
0 0.7949640287769785 0.5056022408963585 0.03916866506794564 0.0784313725490196
0 0.8305355715427658 0.43907563025210083 0.02877697841726619 0.06302521008403361
0 0.8960831334932055 0.4684873949579832 0.03357314148681055 0.06862745098039216
0 0.793365307753797 0.3494397759103641 0.01838529176658673 0.0546218487394958
0 0.8017585931254996 0.3445378151260504 0.020783373301358914 0.04481792717086835
0 0.8477218225419664 0.3697478991596639 0.02158273381294964 0.058823529411764705
0 0.8605115907274181 0.36764705882352944 0.016786570743405275 0.04061624649859944
0 0.8888888888888888 0.38375350140056025 0.020783373301358914 0.05322128851540616
0 0.9100719424460432 0.3431372549019608 0.016786570743405275 0.04201680672268908
0 0.9204636290967226 0.31862745098039214 0.016786570743405275 0.037815126050420166
0 0.9116706634692247 0.2857142857142857 0.011990407673860911 0.028011204481792718
0 0.9172661870503597 0.26400560224089636 0.016786570743405275 0.0350140056022409
0 0.8812949640287769 0.28711484593837533 0.015187849720223821 0.03361344537815126
0 0.8653077537969625 0.31512605042016806 0.01838529176658673 0.04481792717086835
0 0.8281374900079936 0.30392156862745096 0.019184652278177457 0.036414565826330535
0 0.7977617905675459 0.29971988795518206 0.019184652278177457 0.03361344537815126
0 0.8097521982414069 0.2647058823529412 0.017585931254996003 0.03361344537815126
0 0.8237410071942446 0.25910364145658266 0.013589128697042365 0.03361344537815126
0 0.7969624300559552 0.2542016806722689 0.014388489208633094 0.029411764705882353
0 0.842925659472422 0.26400560224089636 0.015187849720223821 0.03221288515406162
0 0.854916067146283 0.25140056022408963 0.013589128697042365 0.03221288515406162