0 0.23977695167286245 0.430327868852459 0.048327137546468404 0.10655737704918032
0 0.2736988847583643 0.26557377049180325 0.019516728624535316 0.03278688524590164
0 0.29693308550185876 0.27377049180327867 0.013940520446096654 0.036065573770491806
0 0.2983271375464684 0.24344262295081967 0.016728624535315983 0.018032786885245903
0 0.3396840148698885 0.289344262295082 0.023234200743494422 0.040983606557377046
0 0.37685873605947956 0.2934426229508197 0.017657992565055763 0.036065573770491806
0 0.379182156133829 0.2532786885245902 0.022304832713754646 0.021311475409836064
0 0.3508364312267658 0.2459016393442623 0.019516728624535316 0.02622950819672131
0 0.4451672862453532 0.22540983606557377 0.01486988847583643 0.03114754098360656
0 0.3856877323420074 0.18524590163934426 0.013011152416356878 0.022950819672131147
0 0.40473977695167285 0.19344262295081968 0.015799256505576207 0.022950819672131147
0 0.4200743494423792 0.18114754098360655 0.01486988847583643 0.027868852459016394
0 0.45306691449814124 0.1885245901639344 0.010223048327137546 0.029508196721311476
0 0.47072490706319703 0.18770491803278688 0.017657992565055763 0.03442622950819672
0 0.46654275092936803 0.23852459016393443 0.01858736059479554 0.040983606557377046
0 0.5037174721189591 0.3 0.024163568773234202 0.05573770491803279
0 0.5362453531598513 0.32459016393442625 0.022304832713754646 0.05573770491803279
0 0.6008364312267658 0.34672131147540985 0.023234200743494422 0.054098360655737705
0 0.6928438661710037 0.3237704918032787 0.02509293680297398 0.05737704918032787
0 0.754182156133829 0.3360655737704918 0.028810408921933085 0.06557377049180328
0 0.8141263940520446 0.40491803278688526 0.031598513011152414 0.07213114754098361
0 0.8828996282527881 0.3762295081967213 0.03345724907063197 0.06721311475409836
0 0.9070631970260223 0.3163934426229508 0.027881040892193308 0.05573770491803279
0 0.83317843866171 0.31311475409836065 0.02509293680297398 0.05245901639344262
0 0.7815985130111525 0.27295081967213114 0.01858736059479554 0.04426229508196721
0 0.7318773234200744 0.25245901639344265 0.02509293680297398 0.05245901639344262
0 0.6129182156133829 0.2639344262295082 0.017657992565055763 0.04590163934426229
0 0.5901486988847584 0.24344262295081967 0.01858736059479554 0.04426229508196721
0 0.5190520446096655 0.20901639344262296 0.015799256505576207 0.03770491803278689
0 0.495817843866171 0.20327868852459016 0.02137546468401487 0.036065573770491806
0 0.4795539033457249 0.15655737704918032 0.01858736059479554 0.03442622950819672
0 0.6240706319702602 0.20901639344262296 0.017657992565055763 0.03770491803278689
0 0.6593866171003717 0.2139344262295082 0.017657992565055763 0.03442622950819672
0 0.7100371747211895 0.23934426229508196 0.016728624535315983 0.03934426229508197
0 0.6672862453531598 0.1737704918032787 0.01486988847583643 0.03278688524590164
0 0.7021375464684015 0.18688524590163935 0.013940520446096654 0.03934426229508197
0 0.7295539033457249 0.20573770491803278 0.020446096654275093 0.03770491803278689
0 0.770910780669145 0.22049180327868853 0.015799256505576207 0.04426229508196721
0 0.8071561338289963 0.24262295081967214 0.017657992565055763 0.04262295081967213
0 0.8652416356877324 0.26229508196721313 0.022304832713754646 0.05245901639344262
0 0.9219330855018587 0.26557377049180325 0.020446096654275093 0.04918032786885246
0 0.5134758364312267 0.12540983606557377 0.012081784386617101 0.021311475409836064
0 0.5246282527881041 0.16475409836065574 0.015799256505576207 0.027868852459016394
0 0.5492565055762082 0.18442622950819673 0.013011152416356878 0.03770491803278689
0 0.5367100371747212 0.13114754098360656 0.015799256505576207 0.029508196721311476
0 0.5622676579925651 0.12459016393442623 0.013011152416356878 0.029508196721311476
0 0.5785315985130112 0.16639344262295083 0.015799256505576207 0.03442622950819672
0 0.5901486988847584 0.1377049180327869 0.01486988847583643 0.02622950819672131
0 0.6133828996282528 0.15 0.016728624535315983 0.03114754098360656
0 0.5966542750929368 0.10737704918032787 0.01486988847583643 0.03114754098360656
0 0.6212825278810409 0.10327868852459017 0.010223048327137546 0.022950819672131147
0 0.6445167286245354 0.13524590163934427 0.013940520446096654 0.03442622950819672
0 0.6705390334572491 0.10737704918032787 0.010223048327137546 0.02459016393442623
0 0.7026022304832714 0.10573770491803279 0.013011152416356878 0.027868852459016394
0 0.7318773234200744 0.13688524590163934 0.015799256505576207 0.03770491803278689
0 0.7602230483271375 0.15081967213114755 0.013011152416356878 0.029508196721311476
0 0.7685873605947955 0.130327868852459 0.011152416356877323 0.03114754098360656
0 0.7815985130111525 0.17704918032786884 0.016728624535315983 0.03934426229508197
0 0.8131970260223048 0.15327868852459017 0.01486988847583643 0.027868852459016394
0 0.8364312267657993 0.12049180327868853 0.01486988847583643 0.02459016393442623
0 0.828996282527881 0.14590163934426228 0.016728624535315983 0.022950819672131147
0 0.8238847583643123 0.2 0.017657992565055763 0.04262295081967213
0 0.8564126394052045 0.16475409836065574 0.012081784386617101 0.03442622950819672
0 0.8698884758364313 0.13278688524590163 0.013011152416356878 0.029508196721311476
0 0.8726765799256505 0.2139344262295082 0.016728624535315983 0.040983606557377046
0 0.9247211895910781 0.21967213114754097 0.013011152416356878 0.03934426229508197
0 0.8931226765799256 0.1762295081967213 0.01486988847583643 0.03770491803278689
0 0.9302973977695167 0.16147540983606556 0.01486988847583643 0.027868852459016394
0 0.900092936802974 0.15163934426229508 0.015799256505576207 0.03114754098360656
0 0.7193308550185874 0.1721311475409836 0.013011152416356878 0.03278688524590164
0 0.6923791821561338 0.17131147540983607 0.013011152416356878 0.03442622950819672