0 0.4117647058823529 0.2080808080808081 0.020761245674740483 0.03636363636363636
0 0.44348327566320644 0.23434343434343435 0.0196078431372549 0.03232323232323232
0 0.46251441753171857 0.1696969696969697 0.016147635524798153 0.028282828282828285
0 0.48212226066897346 0.17474747474747473 0.01384083044982699 0.030303030303030304
0 0.4786620530565167 0.13232323232323231 0.016147635524798153 0.026262626262626262
0 0.5455594002306805 0.17676767676767677 0.011534025374855825 0.026262626262626262
0 0.5611303344867359 0.18585858585858586 0.012687427912341407 0.03232323232323232
0 0.6361014994232987 0.33535353535353535 0.0196078431372549 0.044444444444444446
0 0.6170703575547867 0.2828282828282828 0.020761245674740483 0.03636363636363636
0 0.6326412918108419 0.22525252525252526 0.02191464821222607 0.03434343434343434
0 0.6787773933102653 0.2222222222222222 0.0196078431372549 0.03232323232323232
0 0.6937716262975778 0.29292929292929293 0.02422145328719723 0.04040404040404041
0 0.73760092272203 0.23333333333333334 0.01730103806228374 0.04242424242424243
0 0.6747404844290658 0.17474747474747473 0.01845444059976932 0.03434343434343434
0 0.6366782006920415 0.1303030303030303 0.01384083044982699 0.03434343434343434
0 0.941753171856978 0.24242424242424243 0.01730103806228374 0.04040404040404041