0 0.14178482068390325 0.5565217391304348 0.04670558798999166 0.0782608695652174
0 0.22894078398665554 0.34057971014492755 0.01751459549624687 0.03188405797101449
0 0.28398665554628855 0.32028985507246377 0.019182652210175146 0.034782608695652174
0 0.2597998331943286 0.36666666666666664 0.020850708924103418 0.04057971014492753
0 0.29608006672226855 0.3673913043478261 0.01834862385321101 0.042028985507246375
0 0.3494578815679733 0.35507246376811596 0.01834862385321101 0.03768115942028986
0 0.35279399499582986 0.3 0.015012510425354461 0.02608695652173913
0 0.3932443703085905 0.263768115942029 0.014178482068390326 0.02608695652173913
0 0.43369474562135113 0.26159420289855073 0.013344453711426188 0.021739130434782608
0 0.46497080900750626 0.25 0.014178482068390326 0.036231884057971016
0 0.47289407839866554 0.24130434782608695 0.01834862385321101 0.030434782608695653
0 0.38365304420350294 0.35289855072463766 0.01834862385321101 0.036231884057971016
0 0.41201000834028356 0.30579710144927535 0.01834862385321101 0.034782608695652174
0 0.4132610508757298 0.33695652173913043 0.0158465387823186 0.0391304347826087
0 0.43828190158465385 0.31956521739130433 0.02418682235195997 0.04492753623188406
0 0.463302752293578 0.29057971014492756 0.019182652210175146 0.030434782608695653
0 0.46872393661384487 0.3239130434782609 0.025020850708924104 0.036231884057971016
0 0.5095913261050876 0.26811594202898553 0.016680567139282735 0.034782608695652174
0 0.5283569641367807 0.29130434782608694 0.020850708924103418 0.04057971014492753
0 0.5562969140950792 0.25 0.016680567139282735 0.03333333333333333
0 0.5721434528773979 0.22608695652173913 0.01834862385321101 0.034782608695652174
0 0.5108423686405338 0.3347826086956522 0.02585487906588824 0.03768115942028986
0 0.4445371142618849 0.3652173913043478 0.03502919099249374 0.0463768115942029
0 0.5521267723102585 0.29927536231884055 0.020016680567139282 0.03333333333333333
0 0.5829858215179317 0.2492753623188406 0.015012510425354461 0.0463768115942029
0 0.609257714762302 0.25217391304347825 0.014178482068390326 0.03188405797101449
0 0.6192660550458715 0.20797101449275363 0.012510425354462052 0.02463768115942029
0 0.6309424520433695 0.22753623188405797 0.0158465387823186 0.03768115942028986
0 0.6426188490408674 0.22971014492753622 0.014178482068390326 0.030434782608695653
0 0.6693077564637198 0.22753623188405797 0.012510425354462052 0.03768115942028986
0 0.6859883236030025 0.2318840579710145 0.0158465387823186 0.028985507246376812
0 0.7151793160967473 0.22681159420289856 0.0158465387823186 0.02753623188405797
0 0.7126772310258549 0.2579710144927536 0.0158465387823186 0.028985507246376812
0 0.6784820683903253 0.2833333333333333 0.019182652210175146 0.036231884057971016
0 0.4791492910758966 0.40942028985507245 0.02585487906588824 0.0536231884057971
0 0.5371142618849041 0.38768115942028986 0.025020850708924104 0.050724637681159424
0 0.6042535446205171 0.3427536231884058 0.020850708924103418 0.04492753623188406
0 0.5258548790658882 0.45942028985507244 0.030859049207673062 0.05217391304347826
0 0.5959132610508757 0.4108695652173913 0.027522935779816515 0.04782608695652174
0 0.5909090909090909 0.4623188405797101 0.029190992493744787 0.06376811594202898
0 0.6476230191826522 0.3630434782608696 0.019182652210175146 0.04492753623188406
0 0.6747289407839867 0.3710144927536232 0.02835696413678065 0.04057971014492753
0 0.6409507923269391 0.48405797101449277 0.03586321934945788 0.06666666666666667
0 0.6964136780650542 0.3782608695652174 0.020016680567139282 0.043478260869565216
0 0.6914095079232694 0.32681159420289857 0.02335279399499583 0.0391304347826087
0 0.7197664720600501 0.30217391304347824 0.020016680567139282 0.0391304347826087
0 0.7293577981651376 0.41739130434782606 0.029190992493744787 0.057971014492753624
0 0.7022518765638032 0.5630434782608695 0.04837364470391994 0.07681159420289856
0 0.74395329441201 0.2492753623188406 0.015012510425354461 0.034782608695652174
0 0.7577147623019183 0.23768115942028986 0.012510425354462052 0.028985507246376812
0 0.7735613010842368 0.2673913043478261 0.012510425354462052 0.036231884057971016
0 0.7906588824020017 0.24420289855072463 0.013344453711426188 0.02463768115942029
0 0.7835696413678065 0.29347826086956524 0.0158465387823186 0.030434782608695653
0 0.8194328607172644 0.24710144927536232 0.014178482068390326 0.03333333333333333
0 0.8515429524603837 0.26014492753623186 0.020016680567139282 0.036231884057971016
0 0.8281901584653878 0.3072463768115942 0.015012510425354461 0.04057971014492753
0 0.7831526271893244 0.4405797101449275 0.026688907422852376 0.057971014492753624
0 0.822768974145121 0.5246376811594203 0.03252710592160134 0.06666666666666667
0 0.8657214345287739 0.2768115942028985 0.015012510425354461 0.03768115942028986
0 0.8882402001668057 0.26594202898550723 0.015012510425354461 0.03333333333333333
0 0.9061718098415346 0.2818840579710145 0.014178482068390326 0.030434782608695653
0 0.9353628023352794 0.3188405797101449 0.014178482068390326 0.028985507246376812
0 0.9503753127606339 0.2876811594202899 0.0158465387823186 0.030434782608695653
0 0.8248540450375312 0.36666666666666664 0.025020850708924104 0.04927536231884058
0 0.8381984987489575 0.3456521739130435 0.013344453711426188 0.050724637681159424
0 0.8623853211009175 0.33043478260869563 0.013344453711426188 0.043478260869565216
0 0.8832360300250208 0.3492753623188406 0.025020850708924104 0.043478260869565216
0 0.8694745621351125 0.36884057971014494 0.020850708924103418 0.0536231884057971
0 0.908673894912427 0.3521739130434783 0.0158465387823186 0.04057971014492753
0 0.9437030859049208 0.372463768115942 0.01751459549624687 0.04057971014492753
0 0.8569641367806505 0.4666666666666667 0.027522935779816515 0.057971014492753624
0 0.9261884904086739 0.48333333333333334 0.03252710592160134 0.059420289855072465
0 0.6384487072560467 0.3101449275362319 0.01751459549624687 0.03768115942028986