0 0.2018018018018018 0.476461038961039 0.043243243243243246 0.0762987012987013
0 0.3108108108108108 0.4935064935064935 0.04684684684684685 0.09415584415584416
0 0.12837837837837837 0.24025974025974026 0.01891891891891892 0.02922077922077922
0 0.3279279279279279 0.1590909090909091 0.025225225225225224 0.04220779220779221
0 0.4189189189189189 0.12256493506493507 0.012612612612612612 0.03409090909090909
0 0.44684684684684683 0.17045454545454544 0.014414414414414415 0.032467532467532464
0 0.4657657657657658 0.17857142857142858 0.016216216216216217 0.02922077922077922
0 0.48963963963963963 0.14935064935064934 0.013513513513513514 0.02922077922077922
0 0.5166666666666667 0.14772727272727273 0.013513513513513514 0.032467532467532464
0 0.5373873873873873 0.1590909090909091 0.013513513513513514 0.025974025974025976
0 0.5653153153153153 0.15746753246753248 0.015315315315315315 0.025974025974025976
0 0.7612612612612613 0.11363636363636363 0.016216216216216217 0.04220779220779221
0 0.42567567567567566 0.1525974025974026 0.011711711711711712 0.022727272727272728