0 0.07051909892262488 0.2921739130434783 0.025465230166503428 0.03826086956521739
0 0.3403525954946131 0.2217391304347826 0.01860920666013712 0.03304347826086956
0 0.34573947110675807 0.1808695652173913 0.019588638589618023 0.034782608695652174
0 0.4147894221351616 0.20434782608695654 0.01860920666013712 0.03304347826086956
0 0.44662095984329087 0.21478260869565216 0.019588638589618023 0.036521739130434785
0 0.4828599412340842 0.2182608695652174 0.019588638589618023 0.03304347826086956
0 0.5205680705190989 0.27043478260869563 0.02644466209598433 0.043478260869565216
0 0.5548481880509305 0.3 0.024485798237022526 0.057391304347826085
0 0.6008814887365328 0.3017391304347826 0.034280117531831536 0.06434782608695652
0 0.5724779627815867 0.24 0.014691478942213516 0.04173913043478261
0 0.4196865817825661 0.17565217391304347 0.01665034280117532 0.02782608695652174
0 0.42703232125367285 0.15217391304347827 0.015670910871694418 0.022608695652173914
0 0.44809010773751223 0.1791304347826087 0.014691478942213516 0.02782608695652174
0 0.4691478942213516 0.19043478260869565 0.01762977473065622 0.029565217391304348
0 0.48726738491674826 0.1443478260869565 0.012732615083251714 0.02782608695652174
0 0.5014691478942214 0.14782608695652175 0.013712047012732615 0.02782608695652174
0 0.5009794319294809 0.12347826086956522 0.012732615083251714 0.02434782608695652
0 0.5357492654260528 0.15478260869565216 0.011753183153770812 0.020869565217391306
0 0.524975514201763 0.1208695652173913 0.011753183153770812 0.02608695652173913
0 0.5411361410381978 0.12608695652173912 0.014691478942213516 0.02608695652173913
0 0.5381978452497551 0.18695652173913044 0.01860920666013712 0.03304347826086956
0 0.5626836434867777 0.16782608695652174 0.01860920666013712 0.029565217391304348
0 0.5871694417238001 0.17130434782608694 0.01665034280117532 0.029565217391304348
0 0.5876591576885406 0.11043478260869566 0.013712047012732615 0.022608695652173914
0 0.6797257590597453 0.3217391304347826 0.025465230166503428 0.059130434782608696
0 0.7526934378060725 0.331304347826087 0.01665034280117532 0.05391304347826087
0 0.8339862879529872 0.3652173913043478 0.02644466209598433 0.04869565217391304
0 0.8481880509304603 0.30521739130434783 0.023506366307541625 0.04695652173913043
0 0.9113614103819785 0.3373913043478261 0.01665034280117532 0.04521739130434783
0 0.8672869735553379 0.2678260869565217 0.02056807051909892 0.03826086956521739
0 0.7943192948090108 0.2852173913043478 0.019588638589618023 0.04173913043478261
0 0.7189030362389814 0.2373913043478261 0.023506366307541625 0.036521739130434785
0 0.6650342801175319 0.21565217391304348 0.01762977473065622 0.034782608695652174
0 0.6292850146914789 0.20347826086956522 0.01860920666013712 0.034782608695652174
0 0.5940254652301665 0.1408695652173913 0.012732615083251714 0.02434782608695652
0 0.604309500489716 0.12 0.009794319294809012 0.03130434782608696
0 0.6170421155729677 0.13217391304347825 0.009794319294809012 0.02782608695652174
0 0.6371204701273262 0.14782608695652175 0.010773751224289911 0.02782608695652174
0 0.6332027424094026 0.10347826086956521 0.010773751224289911 0.019130434782608695
0 0.6562193927522038 0.10521739130434783 0.009794319294809012 0.01565217391304348
0 0.6762977473065622 0.12521739130434784 0.012732615083251714 0.02434782608695652
0 0.6865817825661117 0.10869565217391304 0.011753183153770812 0.019130434782608695
0 0.7047012732615083 0.12 0.010773751224289911 0.017391304347826087
0 0.7218413320274241 0.1443478260869565 0.011753183153770812 0.020869565217391306
0 0.7017629774730656 0.1973913043478261 0.01665034280117532 0.029565217391304348
0 0.7419196865817825 0.17304347826086958 0.012732615083251714 0.029565217391304348
0 0.747796278158668 0.12521739130434784 0.012732615083251714 0.020869565217391306
0 0.7722820763956905 0.18347826086956523 0.010773751224289911 0.02608695652173913
0 0.7859941234084231 0.18782608695652173 0.014691478942213516 0.034782608695652174
0 0.7957884427032321 0.16521739130434782 0.012732615083251714 0.020869565217391306
0 0.7776689520078355 0.1391304347826087 0.013712047012732615 0.020869565217391306
0 0.8428011753183153 0.15478260869565216 0.014691478942213516 0.020869565217391306
0 0.8712047012732616 0.16869565217391305 0.012732615083251714 0.034782608695652174
0 0.9074436826640548 0.17217391304347826 0.014691478942213516 0.034782608695652174
0 0.8952007835455436 0.18434782608695652 0.011753183153770812 0.020869565217391306
0 0.8863858961802155 0.2026086956521739 0.015670910871694418 0.03304347826086956
0 0.8457394711067581 0.18521739130434783 0.014691478942213516 0.03304347826086956
0 0.8364348677766895 0.21217391304347827 0.015670910871694418 0.03130434782608696
0 0.8085210577864839 0.19478260869565217 0.014691478942213516 0.03130434782608696
0 0.925073457394711 0.2426086956521739 0.014691478942213516 0.036521739130434785
0 0.940254652301665 0.20608695652173914 0.015670910871694418 0.029565217391304348
0 0.9387855044074437 0.17478260869565218 0.014691478942213516 0.029565217391304348