0 0.03821656050955414 0.24348534201954397 0.012738853503184714 0.03745928338762215
0 0.19472247497725204 0.2003257328990228 0.020018198362147407 0.03908794788273615
0 0.20609645131938126 0.34364820846905536 0.039126478616924476 0.08794788273615635
0 0.31255686988171066 0.16693811074918566 0.022747952684258416 0.04071661237785016
0 0.2943585077343039 0.21742671009771988 0.017288444040036398 0.024429967426710098
0 0.38398544131028206 0.19299674267100977 0.020018198362147407 0.043973941368078175
0 0.4103730664240218 0.21742671009771988 0.02183803457688808 0.043973941368078175
0 0.41583257506824384 0.1767100977198697 0.01637852593266606 0.03420195439739414
0 0.4322111010009099 0.14332247557003258 0.02183803457688808 0.04234527687296417
0 0.6091901728844404 0.10097719869706841 0.01364877161055505 0.029315960912052116
0 0.6483166515013649 0.11644951140065146 0.015468607825295723 0.030944625407166124
0 0.6337579617834395 0.13762214983713356 0.011828935395814377 0.02768729641693811
0 0.6455868971792539 0.14413680781758959 0.017288444040036398 0.024429967426710098
0 0.7520473157415832 0.14087947882736157 0.011828935395814377 0.030944625407166124
0 0.7670609645131938 0.14332247557003258 0.018198362147406732 0.035830618892508145
0 0.8639672429481347 0.18729641693811075 0.01364877161055505 0.035830618892508145
0 0.9367606915377616 0.19218241042345277 0.015468607825295723 0.035830618892508145
0 0.8848953594176524 0.23778501628664495 0.017288444040036398 0.04560260586319218
0 0.9181073703366697 0.24348534201954397 0.020018198362147407 0.04723127035830619
0 0.8180163785259327 0.254885993485342 0.02183803457688808 0.04723127035830619