0 0.20408163265306123 0.3648881239242685 0.04470359572400389 0.08605851979345955
0 0.3022351797862002 0.24612736660929432 0.021379980563654033 0.04475043029259897
0 0.3104956268221574 0.2117039586919105 0.0184645286686103 0.03442340791738382
0 0.3294460641399417 0.23924268502581755 0.019436345966958212 0.04475043029259897
0 0.34791059280855197 0.2547332185886403 0.019436345966958212 0.04475043029259897
0 0.369290573372206 0.24612736660929432 0.019436345966958212 0.04475043029259897
0 0.3741496598639456 0.20912220309810672 0.01749271137026239 0.03270223752151463
0 0.35374149659863946 0.19104991394148021 0.015549076773566569 0.03442340791738382
0 0.34450923226433433 0.17814113597246128 0.014577259475218658 0.029259896729776247
0 0.4008746355685131 0.27452667814113596 0.026239067055393587 0.04647160068846816
0 0.4164237123420797 0.20740103270223753 0.01652089407191448 0.039586919104991396
0 0.4159378036929057 0.18588640275387264 0.021379980563654033 0.0378657487091222
0 0.41496598639455784 0.14716006884681584 0.015549076773566569 0.03270223752151463
0 0.44314868804664725 0.17900172117039587 0.019436345966958212 0.04475043029259897
0 0.45043731778425655 0.22030981067125646 0.01652089407191448 0.0378657487091222
0 0.4752186588921283 0.22461273666092943 0.025267249757045675 0.043029259896729774
0 0.4645286686103013 0.14285714285714285 0.011661807580174927 0.03098106712564544
0 0.47278911564625853 0.15060240963855423 0.012633624878522837 0.029259896729776247
0 0.48639455782312924 0.17900172117039587 0.01652089407191448 0.03098106712564544
0 0.4849368318756074 0.13080895008605853 0.011661807580174927 0.024096385542168676
0 0.4975704567541302 0.12736660929432014 0.011661807580174927 0.024096385542168676
0 0.5019436345966958 0.15834767641996558 0.014577259475218658 0.027538726333907058
0 0.5121477162293488 0.14371772805507746 0.015549076773566569 0.025817555938037865
0 0.5286686103012633 0.1316695352839931 0.013605442176870748 0.029259896729776247
0 0.5204081632653061 0.1764199655765921 0.0184645286686103 0.03270223752151463
0 0.5359572400388727 0.16265060240963855 0.01652089407191448 0.03270223752151463
0 0.5553935860058309 0.18072289156626506 0.0184645286686103 0.0378657487091222
0 0.5573372206025268 0.16092943201376936 0.01652089407191448 0.03270223752151463
0 0.543731778425656 0.14371772805507746 0.014577259475218658 0.029259896729776247
0 0.5534499514091351 0.12220309810671257 0.014577259475218658 0.024096385542168676
0 0.5753158406219631 0.12220309810671257 0.013605442176870748 0.03098106712564544
0 0.5821185617103984 0.11790017211703958 0.011661807580174927 0.022375215146299483
0 0.5952380952380952 0.13253012048192772 0.014577259475218658 0.03098106712564544
0 0.5855199222546161 0.1729776247848537 0.0184645286686103 0.039586919104991396
0 0.6185617103984451 0.14716006884681584 0.01652089407191448 0.025817555938037865
0 0.6151603498542274 0.11187607573149742 0.015549076773566569 0.03098106712564544
0 0.6336248785228377 0.11790017211703958 0.015549076773566569 0.029259896729776247
0 0.6482021379980564 0.10671256454388985 0.015549076773566569 0.027538726333907058
0 0.652575315840622 0.13855421686746988 0.01652089407191448 0.029259896729776247
0 0.6788143828960156 0.10240963855421686 0.014577259475218658 0.025817555938037865
0 0.6865889212827988 0.11962134251290878 0.014577259475218658 0.029259896729776247
0 0.717201166180758 0.10671256454388985 0.013605442176870748 0.024096385542168676
0 0.4931972789115646 0.2848537005163511 0.03012633624878523 0.06368330464716007
0 0.5490767735665695 0.3287435456110155 0.03304178814382896 0.058519793459552494
0 0.5860058309037901 0.24440619621342513 0.021379980563654033 0.05163511187607573
0 0.6341107871720116 0.24354561101549052 0.02040816326530612 0.04647160068846816
0 0.5986394557823129 0.342512908777969 0.031098153547133137 0.06196213425129088
0 0.6793002915451894 0.2573149741824441 0.025267249757045675 0.05679862306368331
0 0.6861030126336248 0.18588640275387264 0.019436345966958212 0.04130808950086059
0 0.7011661807580175 0.16351118760757316 0.01652089407191448 0.03442340791738382
0 0.716715257531584 0.18072289156626506 0.0184645286686103 0.04130808950086059
0 0.7244897959183674 0.1540447504302926 0.014577259475218658 0.03270223752151463
0 0.7521865889212828 0.13080895008605853 0.015549076773566569 0.03098106712564544
0 0.7434402332361516 0.18588640275387264 0.01749271137026239 0.04475043029259897
0 0.7604470359572401 0.18416523235800344 0.01652089407191448 0.03098106712564544
0 0.7366375121477162 0.23235800344234078 0.021379980563654033 0.04130808950086059
0 0.7356656948493683 0.2917383820998279 0.025267249757045675 0.04991394148020654
0 0.6899902818270165 0.31153184165232356 0.029154518950437316 0.058519793459552494
0 0.7473275024295433 0.38812392426850256 0.031098153547133137 0.07401032702237521
0 0.8197278911564626 0.39500860585197933 0.03595724003887269 0.07056798623063683
0 0.7842565597667639 0.3055077452667814 0.027210884353741496 0.06368330464716007
0 0.7691933916423712 0.2332185886402754 0.024295432458697766 0.04647160068846816
0 0.7988338192419825 0.22461273666092943 0.01749271137026239 0.039586919104991396
0 0.8192419825072886 0.2504302925989673 0.021379980563654033 0.05335628227194492
0 0.7978620019436345 0.15834767641996558 0.013605442176870748 0.03098106712564544
0 0.793002915451895 0.13769363166953527 0.013605442176870748 0.027538726333907058
0 0.8688046647230321 0.2538726333907057 0.019436345966958212 0.04647160068846816
0 0.8882410106899903 0.22461273666092943 0.01749271137026239 0.043029259896729774
0 0.9154518950437318 0.33820998278829606 0.021379980563654033 0.05679862306368331
0 0.9222546161321672 0.28313253012048195 0.021379980563654033 0.04647160068846816
0 0.9251700680272109 0.22375215146299485 0.01749271137026239 0.04130808950086059
0 0.8780369290573372 0.4018932874354561 0.03984450923226433 0.08089500860585198
0 0.8323615160349854 0.35456110154905335 0.024295432458697766 0.04819277108433735