0 0.1731818181818182 0.20678513731825526 0.022727272727272728 0.035541195476575124
0 0.18272727272727274 0.24151857835218093 0.02 0.05654281098546042
0 0.20045454545454544 0.3772213247172859 0.04454545454545455 0.1050080775444265
0 0.29 0.2172859450726979 0.023636363636363636 0.030694668820678513
0 0.3018181818181818 0.17447495961227788 0.01818181818181818 0.03231017770597738
0 0.39136363636363636 0.19224555735056542 0.013636363636363636 0.035541195476575124
0 0.4036363636363636 0.19466882067851374 0.016363636363636365 0.03715670436187399
0 0.4159090909090909 0.21567043618739903 0.02090909090909091 0.04361873990306947
0 0.5663636363636364 0.16155088852988692 0.025454545454545455 0.051696284329563816
0 0.6077272727272728 0.09773828756058159 0.01 0.017770597738287562
0 0.6545454545454545 0.11550888529886914 0.016363636363636365 0.027463651050080775
0 0.7518181818181818 0.13974151857835218 0.014545454545454545 0.024232633279483037
0 0.7668181818181818 0.14620355411954766 0.011818181818181818 0.027463651050080775
0 0.8190909090909091 0.26009693053311794 0.02 0.048465266558966075
0 0.8663636363636363 0.19224555735056542 0.014545454545454545 0.03231017770597738
0 0.9386363636363636 0.18093699515347333 0.013636363636363636 0.03231017770597738
0 0.8877272727272727 0.2520193861066236 0.019090909090909092 0.035541195476575124
0 0.9177272727272727 0.25121163166397414 0.017272727272727273 0.03715670436187399