0 0.023809523809523808 0.3971223021582734 0.02422723475355054 0.051798561151079135
0 0.23475355054302421 0.3345323741007194 0.018379281537176273 0.033093525179856115
0 0.2652464494569758 0.3402877697841727 0.020885547201336674 0.03884892086330935
0 0.29114452798663326 0.3640287769784173 0.020885547201336674 0.04028776978417266
0 0.28989139515455303 0.2992805755395683 0.01670843776106934 0.03741007194244604
0 0.3441938178780284 0.35827338129496406 0.020050125313283207 0.03741007194244604
0 0.36215538847117795 0.28561151079136693 0.015873015873015872 0.033093525179856115
0 0.37593984962406013 0.318705035971223 0.015037593984962405 0.041726618705035974
0 0.391812865497076 0.3345323741007194 0.015037593984962405 0.030215827338129497
0 0.41812865497076024 0.3338129496402878 0.020885547201336674 0.03741007194244604
0 0.41353383458646614 0.2935251798561151 0.018379281537176273 0.034532374100719423
0 0.4068504594820384 0.27266187050359714 0.015037593984962405 0.027338129496402876
0 0.39348370927318294 0.25323741007194245 0.015037593984962405 0.025899280575539568
0 0.43065998329156224 0.25611510791366904 0.012531328320802004 0.025899280575539568
0 0.4352548036758563 0.2755395683453237 0.015037593984962405 0.027338129496402876
0 0.4477861319966583 0.3 0.018379281537176273 0.033093525179856115
0 0.4594820384294068 0.33237410071942447 0.020050125313283207 0.04028776978417266
0 0.4799498746867168 0.2992805755395683 0.017543859649122806 0.025899280575539568
0 0.4649122807017544 0.24100719424460432 0.01086048454469507 0.027338129496402876
0 0.4774436090225564 0.2316546762589928 0.012531328320802004 0.025899280575539568
0 0.5004177109440268 0.25971223021582734 0.015037593984962405 0.033093525179856115
0 0.5279866332497911 0.24316546762589927 0.015037593984962405 0.02014388489208633
0 0.5246449456975772 0.26834532374100717 0.015037593984962405 0.030215827338129497
0 0.564327485380117 0.27841726618705037 0.012531328320802004 0.027338129496402876
0 0.5426065162907269 0.258273381294964 0.014202172096908938 0.027338129496402876
0 0.5263157894736842 0.30503597122302156 0.01670843776106934 0.034532374100719423
0 0.5200501253132832 0.23381294964028776 0.012531328320802004 0.01870503597122302
0 0.5597326649958229 0.2223021582733813 0.013366750208855471 0.02446043165467626
0 0.5827067669172933 0.2158273381294964 0.012531328320802004 0.02014388489208633
0 0.5693400167084378 0.25323741007194245 0.015873015873015872 0.025899280575539568
0 0.5802005012531328 0.23884892086330936 0.014202172096908938 0.025899280575539568
0 0.5083542188805347 0.3899280575539568 0.030910609857978277 0.05755395683453238
0 0.5492898913951546 0.35899280575539566 0.02422723475355054 0.04748201438848921
0 0.5530492898913951 0.40071942446043163 0.026733500417710943 0.05611510791366906
0 0.606516290726817 0.320863309352518 0.023391812865497075 0.04028776978417266
0 0.6131996658312447 0.21654676258992805 0.013366750208855471 0.02446043165467626
0 0.6223893065998329 0.19928057553956835 0.011695906432748537 0.027338129496402876
0 0.6211361737677528 0.2446043165467626 0.015873015873015872 0.031654676258992806
0 0.6365914786967418 0.21079136690647482 0.010025062656641603 0.02446043165467626
0 0.6336675020885547 0.2316546762589928 0.012531328320802004 0.02877697841726619
0 0.6478696741854637 0.22302158273381295 0.012531328320802004 0.02877697841726619
0 0.6654135338345865 0.2143884892086331 0.01086048454469507 0.025899280575539568
0 0.6796157059314955 0.21942446043165467 0.01086048454469507 0.027338129496402876
0 0.6558061821219716 0.24100719424460432 0.01670843776106934 0.027338129496402876
0 0.6858813700918964 0.26402877697841726 0.018379281537176273 0.03597122302158273
0 0.697577276524645 0.22446043165467625 0.011695906432748537 0.031654676258992806
0 0.6424394319131161 0.29424460431654675 0.020050125313283207 0.041726618705035974
0 0.6587301587301587 0.32805755395683456 0.01921470342522974 0.04028776978417266
0 0.6716791979949874 0.36258992805755397 0.02506265664160401 0.04892086330935252
0 0.6228070175438597 0.36906474820143886 0.02756892230576441 0.050359712230215826
0 0.6219715956558062 0.4237410071942446 0.029239766081871343 0.058992805755395686
0 0.6804511278195489 0.4446043165467626 0.034252297410192145 0.06618705035971223
0 0.6988304093567251 0.34820143884892085 0.025898078529657476 0.051798561151079135
0 0.7126148705096074 0.25539568345323743 0.015037593984962405 0.033093525179856115
0 0.7301587301587301 0.2827338129496403 0.01670843776106934 0.03884892086330935
0 0.7456140350877193 0.2460431654676259 0.012531328320802004 0.02877697841726619
0 0.7531328320802005 0.21654676258992805 0.012531328320802004 0.030215827338129497
0 0.7581453634085213 0.26258992805755393 0.012531328320802004 0.027338129496402876
0 0.7748538011695907 0.24964028776978417 0.014202172096908938 0.030215827338129497
0 0.7761069340016709 0.27482014388489207 0.015037593984962405 0.034532374100719423
0 0.7953216374269005 0.22446043165467625 0.013366750208855471 0.034532374100719423
0 0.7865497076023392 0.258273381294964 0.014202172096908938 0.03884892086330935
0 0.8220551378446115 0.24244604316546764 0.015037593984962405 0.03597122302158273
0 0.8546365914786967 0.2525179856115108 0.011695906432748537 0.030215827338129497
0 0.8721804511278195 0.260431654676259 0.011695906432748537 0.031654676258992806
0 0.8863826232247285 0.24316546762589927 0.011695906432748537 0.031654676258992806
0 0.9126984126984127 0.27050359712230215 0.014202172096908938 0.031654676258992806
0 0.949874686716792 0.2755395683453237 0.011695906432748537 0.02446043165467626
0 0.9477861319966583 0.30287769784172663 0.014202172096908938 0.030215827338129497
0 0.9369256474519633 0.3129496402877698 0.015873015873015872 0.030215827338129497
0 0.9411027568922306 0.3460431654676259 0.017543859649122806 0.041726618705035974
0 0.8913951545530493 0.30719424460431655 0.015037593984962405 0.03597122302158273
0 0.8671679197994987 0.2805755395683453 0.013366750208855471 0.031654676258992806
0 0.8554720133667502 0.30503597122302156 0.02172096908939014 0.03741007194244604
0 0.8279030910609858 0.30071942446043165 0.015037593984962405 0.034532374100719423
0 0.8212197159565581 0.3366906474820144 0.01670843776106934 0.034532374100719423
0 0.8262322472848789 0.35683453237410073 0.023391812865497075 0.04892086330935252
0 0.8847117794486216 0.33525179856115106 0.01670843776106934 0.04316546762589928
0 0.9298245614035088 0.38920863309352516 0.02172096908939014 0.050359712230215826
0 0.873015873015873 0.41007194244604317 0.023391812865497075 0.04316546762589928
0 0.9206349206349206 0.4611510791366906 0.03007518796992481 0.0618705035971223
0 0.8567251461988304 0.44028776978417267 0.030910609857978277 0.06330935251798561
0 0.8421052631578947 0.4920863309352518 0.031746031746031744 0.06906474820143885
0 0.7472848788638262 0.39280575539568346 0.02756892230576441 0.04892086330935252
0 0.7974101921470342 0.39784172661870504 0.02756892230576441 0.058992805755395686
0 0.7247284878863827 0.5007194244604316 0.04093567251461988 0.08057553956834532