0 0.2565543071161049 0.35075885328836426 0.0449438202247191 0.08431703204047218
0 0.27668539325842695 0.20741989881956155 0.015917602996254682 0.03372681281618887
0 0.323501872659176 0.1812816188870152 0.015917602996254682 0.03541315345699832
0 0.35767790262172283 0.18296795952782463 0.016853932584269662 0.03541315345699832
0 0.39325842696629215 0.14586846543001686 0.011235955056179775 0.02866779089376054
0 0.299625468164794 0.21838111298482293 0.013108614232209739 0.03204047217537943
0 0.3103932584269663 0.23861720067453626 0.012172284644194757 0.02866779089376054
0 0.3061797752808989 0.2588532883642496 0.020599250936329586 0.03204047217537943
0 0.3544007490636704 0.23777403035413153 0.019662921348314606 0.04047217537942664
0 0.3946629213483146 0.22934232715008432 0.017790262172284643 0.03709949409780776
0 0.41058052434456926 0.24620573355817876 0.015917602996254682 0.04047217537942664
0 0.3815543071161049 0.18043844856661045 0.027153558052434457 0.03035413153456998
0 0.3960674157303371 0.19898819561551434 0.026217228464419477 0.03709949409780776
0 0.4166666666666667 0.19224283305227655 0.016853932584269662 0.03372681281618887
0 0.45692883895131087 0.20067453625632378 0.013108614232209739 0.03035413153456998
0 0.44662921348314605 0.1812816188870152 0.0149812734082397 0.03204047217537943
0 0.42134831460674155 0.14839797639123103 0.013108614232209739 0.026981450252951095
0 0.4396067415730337 0.14586846543001686 0.015917602996254682 0.02866779089376054
0 0.4653558052434457 0.1433389544688027 0.0149812734082397 0.03372681281618887
0 0.4747191011235955 0.12310286677908938 0.009363295880149813 0.026981450252951095
0 0.49157303370786515 0.10708263069139966 0.011235955056179775 0.021922428330522766
0 0.47284644194756553 0.1821247892074199 0.013108614232209739 0.03372681281618887
0 0.49204119850187267 0.13827993254637436 0.014044943820224719 0.03372681281618887
0 0.5126404494382022 0.112141652613828 0.010299625468164793 0.021922428330522766
0 0.5407303370786517 0.1163575042158516 0.012172284644194757 0.026981450252951095
0 0.5290262172284644 0.15345699831365936 0.016853932584269662 0.03035413153456998
0 0.5079588014981273 0.178752107925801 0.015917602996254682 0.03035413153456998
0 0.5688202247191011 0.09949409780775717 0.010299625468164793 0.026981450252951095
0 0.5622659176029963 0.14249578414839797 0.015917602996254682 0.025295109612141653
0 0.5543071161048689 0.178752107925801 0.024344569288389514 0.04047217537942664
0 0.5557116104868914 0.22849915682967958 0.019662921348314606 0.03541315345699832
0 0.5866104868913857 0.1543001686340641 0.015917602996254682 0.03204047217537943
0 0.5997191011235955 0.10623946037099494 0.017790262172284643 0.03035413153456998
0 0.625 0.1205733558178752 0.023408239700374533 0.03204047217537943
0 0.6273408239700374 0.09696458684654301 0.013108614232209739 0.01854974704890388
0 0.6390449438202247 0.09527824620573355 0.010299625468164793 0.021922428330522766
0 0.6465355805243446 0.09865092748735245 0.012172284644194757 0.01854974704890388
0 0.648876404494382 0.1281618887015177 0.016853932584269662 0.026981450252951095
0 0.6193820224719101 0.14839797639123103 0.015917602996254682 0.03035413153456998
0 0.6161048689138576 0.2436762225969646 0.024344569288389514 0.048903878583473864
0 0.6161048689138576 0.20826306913996628 0.020599250936329586 0.03541315345699832
0 0.6502808988764045 0.22765598650927488 0.02153558052434457 0.04047217537942664
0 0.6596441947565543 0.17790893760539628 0.012172284644194757 0.03541315345699832
0 0.6779026217228464 0.09780775716694773 0.011235955056179775 0.026981450252951095
0 0.670880149812734 0.11551433389544688 0.014044943820224719 0.025295109612141653
0 0.7069288389513109 0.10202360876897133 0.011235955056179775 0.02866779089376054
0 0.7031835205992509 0.13322091062394603 0.016853932584269662 0.023608768971332208
0 0.6961610486891385 0.15851602023608768 0.014044943820224719 0.03709949409780776
0 0.7125468164794008 0.1703204047217538 0.018726591760299626 0.03035413153456998
0 0.6807116104868914 0.25126475548060706 0.018726591760299626 0.05396290050590219
0 0.6573033707865169 0.33642495784148396 0.028089887640449437 0.07588532883642496
0 0.7354868913857678 0.36930860033726814 0.03277153558052434 0.06745362563237774
0 0.7144194756554307 0.23102866779089376 0.018726591760299626 0.04384485666104553
0 0.7411048689138576 0.1745362563237774 0.014044943820224719 0.04215851602023609
0 0.7326779026217228 0.163575042158516 0.019662921348314606 0.04384485666104553
0 0.7265917602996255 0.13743676222596965 0.013108614232209739 0.03204047217537943
0 0.7556179775280899 0.12310286677908938 0.0149812734082397 0.026981450252951095
0 0.7631086142322098 0.12647554806070826 0.0149812734082397 0.026981450252951095
0 0.7771535580524345 0.1281618887015177 0.013108614232209739 0.026981450252951095
0 0.7991573033707865 0.12141652613827993 0.014044943820224719 0.026981450252951095
0 0.7851123595505618 0.15682967959527824 0.015917602996254682 0.026981450252951095
0 0.7930711610486891 0.1981450252951096 0.016853932584269662 0.0387858347386172
0 0.7584269662921348 0.23946037099494097 0.02247191011235955 0.04384485666104553
0 0.7935393258426966 0.2790893760539629 0.023408239700374533 0.05227655986509275
0 0.8146067415730337 0.2487352445193929 0.016853932584269662 0.048903878583473864
0 0.8080524344569289 0.18718381112984822 0.013108614232209739 0.03372681281618887
0 0.8164794007490637 0.12310286677908938 0.013108614232209739 0.026981450252951095
0 0.8426966292134831 0.14165261382799327 0.013108614232209739 0.026981450252951095
0 0.8309925093632958 0.14249578414839797 0.010299625468164793 0.025295109612141653
0 0.8520599250936329 0.19561551433389546 0.020599250936329586 0.04047217537942664
0 0.8314606741573034 0.22175379426644182 0.016853932584269662 0.04215851602023609
0 0.8600187265917603 0.1745362563237774 0.02153558052434457 0.0387858347386172
0 0.8665730337078652 0.15177065767284992 0.010299625468164793 0.026981450252951095
0 0.9026217228464419 0.14418212478920742 0.011235955056179775 0.025295109612141653
0 0.9049625468164794 0.17200674536256325 0.014044943820224719 0.03035413153456998
0 0.8984082397003745 0.19477234401349072 0.015917602996254682 0.04215851602023609
0 0.8843632958801498 0.2209106239460371 0.017790262172284643 0.03709949409780776
0 0.9335205992509363 0.15092748735244518 0.013108614232209739 0.02866779089376054
0 0.9264981273408239 0.19983136593591905 0.015917602996254682 0.0387858347386172
0 0.9424157303370787 0.18549747048903878 0.014044943820224719 0.03372681281618887
0 0.9499063670411985 0.224283305227656 0.014044943820224719 0.04384485666104553
0 0.9176029962546817 0.24620573355817876 0.020599250936329586 0.050590219224283306
0 0.9152621722846442 0.3128161888701518 0.03089887640449438 0.05227655986509275
0 0.8192883895131086 0.16863406408094436 0.0149812734082397 0.03709949409780776
0 0.6048689138576779 0.10033726812816189 0.00749063670411985 0.01854974704890388