0 0.06128133704735376 0.41903171953255425 0.033426183844011144 0.08347245409015025
0 0.08681522748375116 0.4265442404006678 0.04549675023212628 0.09515859766277128
0 0.31429897864438255 0.19532554257095158 0.025069637883008356 0.05342237061769616
0 0.32172701949860727 0.2395659432387312 0.02135561745589601 0.041736227045075125
0 0.361652739090065 0.22120200333889817 0.02692664809656453 0.05509181969949917
0 0.3904363974001857 0.2028380634390651 0.02135561745589601 0.041736227045075125
0 0.5143918291550603 0.2863105175292154 0.027855153203342618 0.05509181969949917
0 0.5478180129990715 0.2879799666110184 0.027855153203342618 0.0651085141903172
0 0.8472609099350047 0.4757929883138564 0.052924791086350974 0.12353923205342238
0 0.6234911792014856 0.27796327212020033 0.032497678737233054 0.06176961602671119
0 0.6039925719591458 0.17445742904841402 0.02692664809656453 0.05175292153589316
0 0.5789229340761374 0.14524207011686144 0.02321262766945218 0.04340567612687813
0 0.6123491179201486 0.12353923205342238 0.02135561745589601 0.04340567612687813
0 0.649025069637883 0.1318864774624374 0.025998142989786442 0.04674457429048414
0 0.6606313834726091 0.19449081803005008 0.034354688950789226 0.05509181969949917
0 0.6973073351903436 0.19198664440734559 0.022284122562674095 0.04340567612687813