0 0.13206046141607 0.5161290322580645 0.03659506762132061 0.06732117812061711
0 0.22275258552108193 0.3330995792426367 0.015910898965791568 0.03225806451612903
0 0.2764518695306285 0.3688639551192146 0.015115354017501989 0.033660589060308554
0 0.324582338902148 0.3576437587657784 0.022275258552108195 0.03927068723702665
0 0.27764518695306284 0.3015427769985975 0.014319809069212411 0.033660589060308554
0 0.3440731901352426 0.31977559607293127 0.015115354017501989 0.025245441795231416
0 0.3448687350835322 0.2924263674614306 0.011933174224343675 0.023842917251051893
0 0.3786793953858393 0.2552594670406732 0.012728719172633254 0.019635343618513323
0 0.39777247414478917 0.2664796633941094 0.011137629276054098 0.025245441795231416
0 0.42601431980906923 0.26928471248246844 0.013524264120922832 0.025245441795231416
0 0.41368337311058073 0.2517531556802244 0.011137629276054098 0.023842917251051893
0 0.39737470167064437 0.3225806451612903 0.016706443914081145 0.0364656381486676
0 0.39459029435163084 0.2966339410939691 0.012728719172633254 0.02664796633941094
0 0.4299920445505171 0.3281907433380084 0.016706443914081145 0.033660589060308554
0 0.4184566428003182 0.30504908835904626 0.014319809069212411 0.03225806451612903
0 0.45544948289578363 0.3120617110799439 0.016706443914081145 0.02664796633941094
0 0.48647573587907716 0.3267882187938289 0.021479713603818614 0.0364656381486676
0 0.4602227525855211 0.2664796633941094 0.013524264120922832 0.02244039270687237
0 0.4502784407319014 0.2391304347826087 0.012728719172633254 0.029453015427769985
0 0.45584725536992843 0.226507713884993 0.012728719172633254 0.023842917251051893
0 0.4928400954653938 0.25666199158485276 0.013524264120922832 0.025245441795231416
0 0.5103420843277645 0.2699859747545582 0.015115354017501989 0.029453015427769985
0 0.5091487669053302 0.24193548387096775 0.011137629276054098 0.02664796633941094
0 0.52824184566428 0.24544179523141654 0.011137629276054098 0.028050490883590462
0 0.5401750198886237 0.27279102384291726 0.012728719172633254 0.029453015427769985
0 0.5612569610182976 0.2594670406732118 0.011933174224343675 0.028050490883590462
0 0.541368337311058 0.2152875175315568 0.008750994431185362 0.023842917251051893
0 0.5533015115354017 0.2131837307152875 0.010342084327764518 0.019635343618513323
0 0.5592680986475735 0.22791023842917252 0.011137629276054098 0.021037868162692847
0 0.5855210819411297 0.22019635343618513 0.00954653937947494 0.02244039270687237
0 0.5883054892601431 0.24544179523141654 0.011933174224343675 0.025245441795231416
0 0.5930787589498807 0.2026647966339411 0.011933174224343675 0.023842917251051893
0 0.6101829753381066 0.20967741935483872 0.014319809069212411 0.02664796633941094
0 0.6173428798727129 0.2426367461430575 0.012728719172633254 0.028050490883590462
0 0.6559268098647574 0.22861150070126227 0.011933174224343675 0.025245441795231416
0 0.6511535401750199 0.2026647966339411 0.010342084327764518 0.0182328190743338
0 0.665871121718377 0.2131837307152875 0.012728719172633254 0.028050490883590462
0 0.4626093874303898 0.3976157082748948 0.024661893396976928 0.04908835904628331
0 0.5250596658711217 0.3520336605890603 0.022275258552108195 0.04488078541374474
0 0.5159108989657916 0.423562412342216 0.026252983293556086 0.05329593267882188
0 0.5715990453460621 0.44109396914446003 0.0294351630867144 0.05750350631136045
0 0.6161495624502784 0.4579242636746143 0.0294351630867144 0.0546984572230014
0 0.684964200477327 0.52945301542777 0.03341288782816229 0.06591865357643759
0 0.594272076372315 0.36255259467040674 0.022275258552108195 0.043478260869565216
0 0.5819411296738266 0.32047685834502104 0.021479713603818614 0.037868162692847124
0 0.6149562450278441 0.2959326788218794 0.015910898965791568 0.033660589060308554
0 0.6503579952267303 0.26928471248246844 0.013524264120922832 0.02244039270687237
0 0.658313444709626 0.2938288920056101 0.015115354017501989 0.03506311360448808
0 0.682975338106603 0.2938288920056101 0.018297533810660304 0.03225806451612903
0 0.6284805091487669 0.33520336605890605 0.017501988862370723 0.03927068723702665
0 0.6392203659506762 0.3576437587657784 0.01988862370723946 0.04488078541374474
0 0.6710421638822593 0.3534361851332398 0.01988862370723946 0.04207573632538569
0 0.7004773269689738 0.3962131837307153 0.024661893396976928 0.051893408134642355
0 0.7541766109785203 0.41865357643758766 0.022275258552108195 0.0546984572230014
0 0.6845664280031821 0.2447405329593268 0.013524264120922832 0.03506311360448808
0 0.7143993635640413 0.2517531556802244 0.017501988862370723 0.037868162692847124
0 0.7124105011933174 0.2335203366058906 0.013524264120922832 0.023842917251051893
0 0.7231503579952268 0.22510518934081347 0.012728719172633254 0.02664796633941094
0 0.7593476531424026 0.2314165497896213 0.013524264120922832 0.030855539971949508
0 0.7557677008750995 0.27279102384291726 0.015910898965791568 0.037868162692847124
0 0.7641209228321401 0.2573632538569425 0.013524264120922832 0.02664796633941094
0 0.7466189339697693 0.2573632538569425 0.013524264120922832 0.029453015427769985
0 0.7856006364359587 0.5757363253856943 0.031026252983293555 0.06872370266479663
0 0.8154335719968179 0.4586255259467041 0.022275258552108195 0.05329593267882188
0 0.8826571201272871 0.45021037868162694 0.023070803500397773 0.05329593267882188
0 0.8305489260143198 0.391304347826087 0.020684168655529037 0.04488078541374474
0 0.7915672235481305 0.3555399719495091 0.017501988862370723 0.04067321178120617
0 0.801909307875895 0.3302945301542777 0.015910898965791568 0.03506311360448808
0 0.7923627684964201 0.288218793828892 0.015910898965791568 0.029453015427769985
0 0.7852028639618138 0.2391304347826087 0.012728719172633254 0.023842917251051893
0 0.8217979315831344 0.25455820476858343 0.012728719172633254 0.03225806451612903
0 0.8321400159108989 0.2720897615708275 0.012728719172633254 0.033660589060308554
0 0.8361177406523469 0.26227208976157085 0.011137629276054098 0.028050490883590462
0 0.854813046937152 0.2496493688639551 0.010342084327764518 0.030855539971949508
0 0.8210023866348448 0.3225806451612903 0.011137629276054098 0.030855539971949508
0 0.8444709626093875 0.32959326788218796 0.013524264120922832 0.03927068723702665
0 0.8615751789976134 0.3169705469845722 0.015910898965791568 0.033660589060308554
0 0.8695306284805091 0.29312762973352036 0.014319809069212411 0.030855539971949508
0 0.8957836117740652 0.31977559607293127 0.012728719172633254 0.028050490883590462
0 0.8953858392999204 0.3688639551192146 0.013524264120922832 0.03927068723702665
0 0.9025457438345267 0.29873772791023845 0.011933174224343675 0.028050490883590462
0 0.9093078758949881 0.2973352033660589 0.00954653937947494 0.030855539971949508
0 0.9101034208432777 0.2762973352033661 0.014319809069212411 0.025245441795231416
0 0.36992840095465396 0.33590462833099577 0.015910898965791568 0.037868162692847124