0 0.27835051546391754 0.3979591836734694 0.04873477038425492 0.12244897959183673
0 0.3631677600749766 0.516156462585034 0.06091846298031865 0.13435374149659865
0 0.3612933458294283 0.19982993197278912 0.023430178069353328 0.05612244897959184
0 0.41611996251171507 0.19982993197278912 0.013120899718837863 0.03231292517006803
0 0.4381443298969072 0.20153061224489796 0.015932521087160263 0.03571428571428571
0 0.44798500468603564 0.22789115646258504 0.016869728209934397 0.04421768707482993
0 0.4704779756326148 0.2227891156462585 0.01874414245548266 0.04421768707482993
0 0.5791940018744143 0.2465986394557823 0.016869728209934397 0.04421768707482993
0 0.6218369259606373 0.24064625850340135 0.02155576382380506 0.05612244897959184
0 0.5726335520149953 0.11564625850340136 0.011246485473289597 0.027210884353741496
0 0.6002811621368322 0.10714285714285714 0.010309278350515464 0.023809523809523808
0 0.6293345829428304 0.12244897959183673 0.010309278350515464 0.023809523809523808