0 0.4837892603850051 0.20909090909090908 0.029381965552178316 0.06181818181818182
0 0.5288753799392097 0.20454545454545456 0.0243161094224924 0.045454545454545456
0 0.6155015197568389 0.20636363636363636 0.02330293819655522 0.04909090909090909
0 0.6509625126646403 0.20727272727272728 0.019250253292806486 0.04363636363636364
0 0.6671732522796353 0.22090909090909092 0.02127659574468085 0.045454545454545456
0 0.6722391084093212 0.26181818181818184 0.025329280648429583 0.05818181818181818
0 0.7026342451874367 0.21818181818181817 0.019250253292806486 0.04363636363636364
0 0.7421479229989868 0.22545454545454546 0.017223910840932118 0.04363636363636364
0 0.7654508611955421 0.2318181818181818 0.02330293819655522 0.05272727272727273
0 0.7254305977710233 0.2790909090909091 0.028368794326241134 0.06363636363636363
0 0.7487335359675785 0.3181818181818182 0.030395136778115502 0.07636363636363637
0 0.815096251266464 0.2609090909090909 0.02127659574468085 0.05272727272727273
0 0.7922998986828774 0.39545454545454545 0.0364741641337386 0.07818181818181819
0 0.9027355623100304 0.3427272727272727 0.028368794326241134 0.06727272727272728
0 0.958966565349544 0.3409090909090909 0.03546099290780142 0.1