0 0.3579787234042553 0.1793168880455408 0.02021276595744681 0.03984819734345351
0 0.475 0.19259962049335863 0.02872340425531915 0.04743833017077799
0 0.5478723404255319 0.18975332068311196 0.023404255319148935 0.04174573055028463
0 0.5781914893617022 0.21821631878557876 0.02446808510638298 0.04933586337760911
0 0.6223404255319149 0.1935483870967742 0.027659574468085105 0.04933586337760911
0 0.6803191489361702 0.23624288425047438 0.02446808510638298 0.04743833017077799
0 0.7058510638297872 0.21157495256166983 0.022340425531914895 0.04743833017077799
0 0.7670212765957447 0.22485768500948766 0.029787234042553193 0.051233396584440226
0 0.8281914893617022 0.2428842504743833 0.02872340425531915 0.06451612903225806
0 0.7335106382978723 0.27419354838709675 0.026595744680851064 0.051233396584440226
0 0.7696808510638298 0.2874762808349146 0.035106382978723406 0.06641366223908918
0 0.9175531914893617 0.27893738140417457 0.018085106382978722 0.04174573055028463
0 0.9414893617021277 0.2893738140417457 0.019148936170212766 0.06261859582542695
0 0.9074468085106383 0.3301707779886148 0.04042553191489362 0.06072106261859583