0 0.25906488549618323 0.19633943427620631 0.020038167938931296 0.036605657237936774
0 0.36020992366412213 0.14309484193011648 0.01812977099236641 0.033277870216306155
0 0.4041030534351145 0.13061564059900166 0.016221374045801526 0.03161397670549085
0 0.3525763358778626 0.2545757071547421 0.020038167938931296 0.03993344425956739
0 0.375 0.26788685524126454 0.022900763358778626 0.04991680532445923
0 0.4026717557251908 0.2778702163061564 0.026717557251908396 0.05324459234608985
0 0.4627862595419847 0.17470881863560733 0.015267175572519083 0.03993344425956739
0 0.47423664122137404 0.1913477537437604 0.015267175572519083 0.033277870216306155
0 0.4833015267175573 0.1788685524126456 0.01431297709923664 0.03161397670549085
0 0.4976145038167939 0.19800332778702162 0.020038167938931296 0.03993344425956739
0 0.4933206106870229 0.23128119800332778 0.019083969465648856 0.04326123128119801
0 0.4661259541984733 0.22961730449251247 0.02194656488549618 0.04658901830282862
0 0.49904580152671757 0.3011647254575707 0.030534351145038167 0.04991680532445923
0 0.6168893129770993 0.25707154742096505 0.02385496183206107 0.051580698835274545
0 0.5854007633587787 0.13311148086522462 0.016221374045801526 0.029950083194675542
0 0.7242366412213741 0.18552412645590682 0.022900763358778626 0.04159733777038269
0 0.7662213740458015 0.22795341098169716 0.026717557251908396 0.059900166389351084