0 0.2416934619506967 0.40822179732313574 0.05466237942122187 0.11663479923518165
0 0.3017148981779207 0.2447418738049713 0.022508038585209004 0.04206500956022945
0 0.3333333333333333 0.21032504780114722 0.01929260450160772 0.04206500956022945
0 0.4040728831725616 0.21319311663479923 0.01929260450160772 0.04397705544933078
0 0.4217577706323687 0.17877629063097514 0.01822079314040729 0.032504780114722756
0 0.4040728831725616 0.16539196940726578 0.015005359056806002 0.032504780114722756
0 0.4453376205787781 0.21414913957934992 0.020364415862808145 0.045889101338432124
0 0.4737406216505895 0.23518164435946462 0.02572347266881029 0.0497131931166348
0 0.49356913183279744 0.29063097514340347 0.028938906752411574 0.05736137667304015
0 0.5659163987138264 0.28776290630975143 0.030010718113612004 0.06692160611854685
0 0.5541264737406216 0.25621414913957935 0.023579849946409433 0.03824091778202677
0 0.5519828510182208 0.18738049713193117 0.01929260450160772 0.03824091778202677
0 0.44212218649517687 0.1491395793499044 0.013933547695605574 0.02676864244741874
0 0.454983922829582 0.14435946462715105 0.011789924973204717 0.0248565965583174
0 0.44962486602357987 0.17782026768642448 0.011789924973204717 0.030592734225621414
0 0.4833869239013934 0.17304015296367112 0.015005359056806002 0.028680688336520075
0 0.4646302250803859 0.1835564053537285 0.01607717041800643 0.02676864244741874
0 0.48017148981779206 0.15105162523900573 0.012861736334405145 0.022944550669216062
0 0.5096463022508039 0.1701720841300191 0.01822079314040729 0.03824091778202677
0 0.5085744908896034 0.14244741873804972 0.011789924973204717 0.028680688336520075
0 0.5326902465166131 0.14435946462715105 0.015005359056806002 0.028680688336520075
0 0.5418006430868167 0.12715105162523901 0.011789924973204717 0.0248565965583174
0 0.5267952840300107 0.12619502868068833 0.011789924973204717 0.022944550669216062
0 0.5578778135048231 0.15105162523900573 0.013933547695605574 0.030592734225621414
0 0.5878885316184351 0.15296367112810708 0.01607717041800643 0.03441682600382409
0 0.6211146838156485 0.12523900573613767 0.013933547695605574 0.0248565965583174
0 0.6489817792068596 0.14340344168260039 0.01607717041800643 0.030592734225621414
0 0.672561629153269 0.09177820267686425 0.01607717041800643 0.03441682600382409
0 0.6318327974276527 0.2074569789674952 0.022508038585209004 0.05162523900573614
0 0.6152197213290461 0.248565965583174 0.02572347266881029 0.045889101338432124
0 0.6232583065380493 0.2982791586998088 0.028938906752411574 0.06500956022944551
0 0.6527331189710611 0.2858508604206501 0.023579849946409433 0.05162523900573614
0 0.662379421221865 0.2170172084130019 0.01714898177920686 0.04397705544933078
0 0.6591639871382636 0.18833652007648183 0.01929260450160772 0.036328871892925434
0 0.710075026795284 0.2418738049713193 0.022508038585209004 0.055449330783938815
0 0.6918542336548767 0.1826003824091778 0.022508038585209004 0.040152963671128104
0 0.7272240085744909 0.1864244741873805 0.01822079314040729 0.036328871892925434
0 0.7320471596998929 0.1338432122370937 0.015005359056806002 0.03441682600382409
0 0.7481243301178992 0.1577437858508604 0.01714898177920686 0.040152963671128104
0 0.7620578778135049 0.1864244741873805 0.01714898177920686 0.040152963671128104
0 0.782422293676313 0.14244741873804972 0.015005359056806002 0.036328871892925434
0 0.7797427652733119 0.22466539196940727 0.022508038585209004 0.04780114722753346
0 0.7995712754555199 0.20172084130019122 0.01714898177920686 0.036328871892925434
0 0.8070739549839229 0.17973231357552583 0.015005359056806002 0.03441682600382409
0 0.8263665594855305 0.17495219885277247 0.01929260450160772 0.040152963671128104
0 0.845123258306538 0.20172084130019122 0.01822079314040729 0.040152963671128104
0 0.8612004287245445 0.1931166347992352 0.013933547695605574 0.03441682600382409
0 0.8193997856377278 0.22466539196940727 0.020364415862808145 0.04397705544933078
0 0.8108252947481244 0.2609942638623327 0.022508038585209004 0.04780114722753346
0 0.8011789924973205 0.2982791586998088 0.02679528403001072 0.05736137667304015
0 0.8456591639871383 0.3298279158699809 0.02572347266881029 0.05927342256214149
0 0.8633440514469454 0.29636711281070743 0.022508038585209004 0.0497131931166348
0 0.8783494105037514 0.2332695984703633 0.020364415862808145 0.05353728489483748
0 0.8869239013933548 0.20172084130019122 0.013933547695605574 0.040152963671128104
0 0.8965702036441586 0.1988527724665392 0.013933547695605574 0.03824091778202677
0 0.9222936763129689 0.2447418738049713 0.01822079314040729 0.05353728489483748
0 0.9147909967845659 0.29923518164435947 0.02679528403001072 0.06309751434034416
0 0.9013933547695605 0.372848948374761 0.023579849946409433 0.06118546845124283
0 0.9265809217577706 0.4397705544933078 0.03536977491961415 0.07648183556405354