0 0.20126705653021443 0.4299474605954466 0.04580896686159844 0.06830122591943957
0 0.30653021442495126 0.2171628721541156 0.018518518518518517 0.04203152364273205
0 0.33187134502923976 0.2276707530647986 0.016569200779727095 0.03852889667250438
0 0.358187134502924 0.23467600700525393 0.018518518518518517 0.04553415061295972
0 0.4093567251461988 0.24430823117338005 0.023391812865497075 0.03327495621716287
0 0.4166666666666667 0.20928196147110334 0.018518518518518517 0.040280210157618214
0 0.46637426900584794 0.19614711033274956 0.022417153996101363 0.03502626970227671
0 0.4195906432748538 0.1532399299474606 0.012670565302144249 0.0297723292469352
0 0.43323586744639375 0.15586690017513136 0.012670565302144249 0.03852889667250438
0 0.46832358674463936 0.15411558669001751 0.024366471734892786 0.03852889667250438
0 0.496588693957115 0.15236427320490367 0.016569200779727095 0.03502626970227671
0 0.5428849902534113 0.1532399299474606 0.021442495126705652 0.040280210157618214
0 0.5589668615984406 0.18826619964973731 0.022417153996101363 0.03677758318739054
0 0.6320662768031189 0.2329246935201401 0.018518518518518517 0.05253940455341506
0 0.6700779727095516 0.2329246935201401 0.02631578947368421 0.03852889667250438
0 0.6408382066276803 0.047285464098073555 0.012670565302144249 0.03152364273204904
0 0.7314814814814815 0.14623467600700527 0.022417153996101363 0.040280210157618214
0 0.9039961013645225 0.19702276707530647 0.016569200779727095 0.040280210157618214
0 0.8927875243664717 0.2434325744308231 0.023391812865497075 0.0595446584938704
0 0.9103313840155945 0.3345008756567426 0.03313840155945419 0.07005253940455342
0 0.9234892787524367 0.24605954465849386 0.02046783625730994 0.050788091068301226
0 0.9395711500974658 0.19964973730297722 0.015594541910331383 0.04203152364273205
0 0.9634502923976608 0.18563922942206654 0.014619883040935672 0.03502626970227671
0 0.39766081871345027 0.2075306479859895 0.017543859649122806 0.03677758318739054
0 0.6437621832358674 0.20490367775831875 0.018518518518518517 0.04203152364273205