0 0.11383161512027491 0.5455882352941176 0.04381443298969072 0.06764705882352941
0 0.20704467353951891 0.3514705882352941 0.015463917525773196 0.026470588235294117
0 0.2426975945017182 0.37426470588235294 0.019759450171821305 0.03676470588235294
0 0.2804982817869416 0.3764705882352941 0.01804123711340206 0.03823529411764706
0 0.2710481099656357 0.32279411764705884 0.01804123711340206 0.030882352941176472
0 0.32216494845360827 0.3683823529411765 0.020618556701030927 0.039705882352941174
0 0.3389175257731959 0.3514705882352941 0.01632302405498282 0.03235294117647059
0 0.37199312714776633 0.3463235294117647 0.015463917525773196 0.030882352941176472
0 0.3402061855670103 0.30661764705882355 0.013745704467353952 0.027941176470588237
0 0.39690721649484534 0.35294117647058826 0.018900343642611683 0.03529411764705882
0 0.44329896907216493 0.35073529411764703 0.018900343642611683 0.03676470588235294
0 0.39647766323024053 0.31029411764705883 0.014604810996563574 0.023529411764705882
0 0.37757731958762886 0.28308823529411764 0.01288659793814433 0.022058823529411766
0 0.3960481099656357 0.2852941176470588 0.012027491408934709 0.020588235294117647
0 0.42053264604810997 0.29044117647058826 0.011168384879725086 0.027941176470588237
0 0.41924398625429554 0.2595588235294118 0.013745704467353952 0.025
0 0.43513745704467355 0.2676470588235294 0.01288659793814433 0.026470588235294117
0 0.4630584192439863 0.2838235294117647 0.015463917525773196 0.029411764705882353
0 0.452319587628866 0.25 0.01288659793814433 0.023529411764705882
0 0.46134020618556704 0.23970588235294119 0.012027491408934709 0.020588235294117647
0 0.5128865979381443 0.28455882352941175 0.01718213058419244 0.030882352941176472
0 0.5017182130584192 0.33308823529411763 0.01718213058419244 0.030882352941176472
0 0.45962199312714774 0.3235294117647059 0.015463917525773196 0.029411764705882353
0 0.42826460481099654 0.31985294117647056 0.01632302405498282 0.027941176470588237
0 0.5115979381443299 0.24705882352941178 0.014604810996563574 0.029411764705882353
0 0.5274914089347079 0.25735294117647056 0.012027491408934709 0.026470588235294117
0 0.5429553264604811 0.2536764705882353 0.013745704467353952 0.030882352941176472
0 0.5734536082474226 0.2875 0.01288659793814433 0.033823529411764704
0 0.5575601374570447 0.2323529411764706 0.013745704467353952 0.029411764705882353
0 0.5751718213058419 0.21911764705882353 0.01288659793814433 0.023529411764705882
0 0.5798969072164949 0.2647058823529412 0.012027491408934709 0.029411764705882353
0 0.5867697594501718 0.2514705882352941 0.010309278350515464 0.020588235294117647
0 0.6013745704467354 0.25588235294117645 0.012027491408934709 0.029411764705882353
0 0.6048109965635738 0.23308823529411765 0.012027491408934709 0.025
0 0.6103951890034365 0.2088235294117647 0.01288659793814433 0.023529411764705882
0 0.6262886597938144 0.21985294117647058 0.013745704467353952 0.022058823529411766
0 0.6413230240549829 0.22794117647058823 0.011168384879725086 0.026470588235294117
0 0.6408934707903781 0.2566176470588235 0.015463917525773196 0.027941176470588237
0 0.6675257731958762 0.24485294117647058 0.013745704467353952 0.027941176470588237
0 0.663659793814433 0.21911764705882353 0.009450171821305841 0.020588235294117647
0 0.6786941580756014 0.2323529411764706 0.012027491408934709 0.03235294117647059
0 0.7018900343642611 0.22279411764705884 0.010309278350515464 0.027941176470588237
0 0.45962199312714774 0.4308823529411765 0.029209621993127148 0.05588235294117647
0 0.5378006872852233 0.3639705882352941 0.02577319587628866 0.04852941176470588
0 0.5201890034364262 0.4573529411764706 0.028350515463917526 0.047058823529411764
0 0.5876288659793815 0.46911764705882353 0.03264604810996564 0.05588235294117647
0 0.586340206185567 0.40661764705882353 0.02663230240549828 0.039705882352941174
0 0.5987972508591065 0.3477941176470588 0.018900343642611683 0.039705882352941174
0 0.645618556701031 0.3558823529411765 0.01804123711340206 0.03823529411764706
0 0.6615120274914089 0.38676470588235295 0.024054982817869417 0.047058823529411764
0 0.6915807560137457 0.3779411764705882 0.020618556701030927 0.03823529411764706
0 0.6404639175257731 0.49779411764705883 0.03006872852233677 0.060294117647058824
0 0.7066151202749141 0.5632352941176471 0.03006872852233677 0.061764705882352944
0 0.822594501718213 0.4985294117647059 0.02663230240549828 0.052941176470588235
0 0.781786941580756 0.45073529411764707 0.02577319587628866 0.04852941176470588
0 0.7220790378006873 0.42720588235294116 0.03178694158075601 0.051470588235294115
0 0.6868556701030928 0.3272058823529412 0.02147766323024055 0.033823529411764704
0 0.6370274914089347 0.3205882352941177 0.019759450171821305 0.026470588235294117
0 0.6705326460481099 0.28602941176470587 0.01804123711340206 0.033823529411764704
0 0.7066151202749141 0.26176470588235295 0.014604810996563574 0.029411764705882353
0 0.7461340206185567 0.2691176470588235 0.014604810996563574 0.029411764705882353
0 0.7396907216494846 0.25 0.013745704467353952 0.023529411764705882
0 0.7164948453608248 0.3073529411764706 0.020618556701030927 0.03529411764705882
0 0.7701890034364262 0.26691176470588235 0.01288659793814433 0.025
0 0.7671821305841925 0.23455882352941176 0.015463917525773196 0.030882352941176472
0 0.7899484536082474 0.24926470588235294 0.01288659793814433 0.027941176470588237
0 0.7822164948453608 0.2889705882352941 0.014604810996563574 0.030882352941176472
0 0.8101374570446735 0.25073529411764706 0.013745704467353952 0.027941176470588237
0 0.8324742268041238 0.28088235294117647 0.015463917525773196 0.03235294117647059
0 0.8238831615120275 0.3029411764705882 0.013745704467353952 0.029411764705882353
0 0.8208762886597938 0.3720588235294118 0.019759450171821305 0.05
0 0.8281786941580757 0.34558823529411764 0.018900343642611683 0.041176470588235294
0 0.8483676975945017 0.3205882352941177 0.01632302405498282 0.03529411764705882
0 0.8668384879725086 0.28823529411764703 0.015463917525773196 0.029411764705882353
0 0.8548109965635738 0.26176470588235295 0.012027491408934709 0.029411764705882353
0 0.8767182130584192 0.28161764705882353 0.011168384879725086 0.03676470588235294
0 0.8870274914089347 0.26544117647058824 0.011168384879725086 0.030882352941176472
0 0.9080756013745704 0.2852941176470588 0.013745704467353952 0.03235294117647059
0 0.904639175257732 0.3323529411764706 0.013745704467353952 0.03529411764705882
0 0.8711340206185567 0.38529411764705884 0.020618556701030927 0.04411764705882353
0 0.8715635738831615 0.3536764705882353 0.019759450171821305 0.033823529411764704
0 0.9231099656357389 0.3352941176470588 0.01804123711340206 0.03823529411764706
0 0.9527491408934707 0.3786764705882353 0.01718213058419244 0.03676470588235294
0 0.9235395189003437 0.48161764705882354 0.018900343642611683 0.051470588235294115
0 0.8582474226804123 0.47941176470588237 0.030927835051546393 0.058823529411764705
0 0.9527491408934707 0.31323529411764706 0.013745704467353952 0.020588235294117647
0 0.9514604810996563 0.2852941176470588 0.011168384879725086 0.026470588235294117