0 0.17533185840707965 0.45622568093385213 0.04314159292035398 0.08365758754863813
0 0.2665929203539823 0.21206225680933852 0.015486725663716814 0.0311284046692607
0 0.32466814159292035 0.17217898832684825 0.018805309734513276 0.03696498054474708
0 0.3528761061946903 0.17120622568093385 0.01991150442477876 0.03501945525291829
0 0.3030973451327434 0.19844357976653695 0.01991150442477876 0.0311284046692607
0 0.30254424778761063 0.22957198443579765 0.014380530973451327 0.038910505836575876
0 0.3440265486725664 0.193579766536965 0.017699115044247787 0.03696498054474708
0 0.39048672566371684 0.14494163424124515 0.01327433628318584 0.033073929961089495
0 0.44026548672566373 0.13813229571984437 0.01327433628318584 0.0311284046692607
0 0.41426991150442477 0.14396887159533073 0.014380530973451327 0.042801556420233464
0 0.42201327433628316 0.14980544747081712 0.014380530973451327 0.03501945525291829
0 0.4944690265486726 0.10505836575875487 0.01327433628318584 0.023346303501945526
0 0.4684734513274336 0.12743190661478598 0.014380530973451327 0.021400778210116732
0 0.47676991150442477 0.13229571984435798 0.01327433628318584 0.0311284046692607
0 0.3938053097345133 0.1857976653696498 0.022123893805309734 0.04085603112840467
0 0.4059734513274336 0.1916342412451362 0.01327433628318584 0.029182879377431907
0 0.38329646017699115 0.26264591439688717 0.018805309734513276 0.05058365758754864
0 0.398783185840708 0.2140077821011673 0.014380530973451327 0.038910505836575876
0 0.4391592920353982 0.17120622568093385 0.015486725663716814 0.023346303501945526
0 0.4668141592920354 0.17801556420233464 0.01991150442477876 0.033073929961089495
0 0.497787610619469 0.16634241245136186 0.015486725663716814 0.02529182879377432
0 0.5094026548672567 0.14007782101167315 0.016592920353982302 0.0311284046692607
0 0.5154867256637168 0.11381322957198443 0.011061946902654867 0.02529182879377432
0 0.5536504424778761 0.10992217898832685 0.014380530973451327 0.021400778210116732
0 0.5226769911504425 0.16439688715953307 0.016592920353982302 0.033073929961089495
0 0.5453539823008849 0.14396887159533073 0.017699115044247787 0.0311284046692607
0 0.5918141592920354 0.09824902723735408 0.017699115044247787 0.02529182879377432
0 0.5652654867256637 0.14105058365758755 0.022123893805309734 0.04474708171206226
0 0.5597345132743363 0.16926070038910507 0.015486725663716814 0.0311284046692607
0 0.6017699115044248 0.13910505836575876 0.015486725663716814 0.033073929961089495
0 0.5879424778761062 0.20719844357976655 0.023230088495575223 0.04085603112840467
0 0.5868362831858407 0.1614785992217899 0.016592920353982302 0.042801556420233464
0 0.5851769911504425 0.13424124513618677 0.01991150442477876 0.042801556420233464
0 0.6460176991150443 0.10116731517509728 0.01327433628318584 0.0311284046692607
0 0.639933628318584 0.14688715953307394 0.018805309734513276 0.04085603112840467
0 0.6415929203539823 0.17898832684824903 0.017699115044247787 0.038910505836575876
0 0.6194690265486725 0.22957198443579765 0.028761061946902654 0.06614785992217899
0 0.6764380530973452 0.16536964980544747 0.016592920353982302 0.03501945525291829
0 0.6792035398230089 0.0933852140077821 0.01327433628318584 0.023346303501945526
0 0.6941371681415929 0.10505836575875487 0.014380530973451327 0.027237354085603113
0 0.7040929203539823 0.09046692607003891 0.016592920353982302 0.029182879377431907
0 0.6880530973451328 0.19844357976653695 0.01991150442477876 0.038910505836575876
0 0.6858407079646017 0.23929961089494164 0.01991150442477876 0.04669260700389105
0 0.7013274336283186 0.29766536964980544 0.030973451327433628 0.0622568093385214
0 0.728429203539823 0.13132295719844359 0.014380530973451327 0.03696498054474708
0 0.7195796460176991 0.16536964980544747 0.016592920353982302 0.023346303501945526
0 0.7483407079646017 0.1254863813229572 0.012168141592920354 0.021400778210116732
0 0.7295353982300885 0.22178988326848248 0.018805309734513276 0.042801556420233464
0 0.7638274336283186 0.10894941634241245 0.012168141592920354 0.027237354085603113
0 0.7522123893805309 0.17801556420233464 0.01991150442477876 0.04085603112840467
0 0.7555309734513275 0.2247081712062257 0.022123893805309734 0.04085603112840467
0 0.7776548672566371 0.12354085603112841 0.01327433628318584 0.033073929961089495
0 0.7848451327433629 0.15272373540856032 0.016592920353982302 0.02529182879377432
0 0.7992256637168141 0.122568093385214 0.012168141592920354 0.023346303501945526
0 0.8130530973451328 0.11964980544747082 0.011061946902654867 0.029182879377431907
0 0.797566371681416 0.1877431906614786 0.017699115044247787 0.029182879377431907
0 0.7936946902654868 0.26848249027237353 0.025442477876106196 0.04669260700389105
0 0.8423672566371682 0.14494163424124515 0.014380530973451327 0.03696498054474708
0 0.8213495575221239 0.1877431906614786 0.02101769911504425 0.03696498054474708
0 0.8412610619469026 0.20233463035019456 0.02101769911504425 0.038910505836575876
0 0.8296460176991151 0.23443579766536965 0.01991150442477876 0.04474708171206226
0 0.8711283185840708 0.16245136186770429 0.016592920353982302 0.04474708171206226
0 0.9081858407079646 0.13618677042801555 0.011061946902654867 0.019455252918287938
0 0.9103982300884956 0.17509727626459143 0.011061946902654867 0.0311284046692607
0 0.8960176991150443 0.20914396887159534 0.015486725663716814 0.03696498054474708
0 0.9153761061946902 0.3443579766536965 0.02765486725663717 0.054474708171206226
0 0.9314159292035398 0.24027237354085604 0.017699115044247787 0.03696498054474708
0 0.9402654867256637 0.21498054474708173 0.01991150442477876 0.033073929961089495
0 0.9358407079646017 0.19649805447470817 0.017699115044247787 0.042801556420233464
0 0.9491150442477876 0.17509727626459143 0.022123893805309734 0.05058365758754864
0 0.5282079646017699 0.14105058365758755 0.014380530973451327 0.029182879377431907
0 0.7400442477876106 0.3667315175097276 0.028761061946902654 0.06031128404669261
0 0.6200221238938053 0.1293774319066148 0.014380530973451327 0.029182879377431907