0 0.09847122302158273 0.573262839879154 0.040467625899280574 0.07401812688821752
0 0.18480215827338128 0.3640483383685801 0.0170863309352518 0.03625377643504532
0 0.22571942446043167 0.3723564954682779 0.019784172661870502 0.04380664652567976
0 0.25359712230215825 0.33157099697885195 0.019784172661870502 0.03172205438066465
0 0.25404676258992803 0.3942598187311178 0.02787769784172662 0.0513595166163142
0 0.28821942446043164 0.4093655589123867 0.029676258992805755 0.04229607250755287
0 0.31564748201438847 0.3557401812688822 0.025179856115107913 0.0377643504531722
0 0.3273381294964029 0.3104229607250755 0.017985611510791366 0.028700906344410877
0 0.3637589928057554 0.3504531722054381 0.018884892086330936 0.030211480362537766
0 0.38848920863309355 0.3595166163141994 0.025179856115107913 0.04229607250755287
0 0.37140287769784175 0.27341389728096677 0.017985611510791366 0.027190332326283987
0 0.4123201438848921 0.26586102719033233 0.0170863309352518 0.02416918429003021
0 0.43660071942446044 0.2719033232628399 0.015287769784172662 0.027190332326283987
0 0.4487410071942446 0.2552870090634441 0.01618705035971223 0.02416918429003021
0 0.4595323741007194 0.2326283987915408 0.012589928057553957 0.021148036253776436
0 0.5116906474820144 0.2515105740181269 0.017985611510791366 0.0256797583081571
0 0.49550359712230213 0.28323262839879154 0.01618705035971223 0.028700906344410877
0 0.5089928057553957 0.2892749244712991 0.017985611510791366 0.03172205438066465
0 0.5490107913669064 0.2877643504531722 0.018884892086330936 0.03172205438066465
0 0.5449640287769785 0.2545317220543807 0.017985611510791366 0.0377643504531722
0 0.5651978417266187 0.2590634441087613 0.02068345323741007 0.028700906344410877
0 0.5629496402877698 0.22507552870090636 0.014388489208633094 0.02416918429003021
0 0.5773381294964028 0.2243202416918429 0.02158273381294964 0.0256797583081571
0 0.6133093525179856 0.21525679758308158 0.019784172661870502 0.03172205438066465
0 0.6290467625899281 0.22356495468277945 0.0170863309352518 0.030211480362537766
0 0.6434352517985612 0.22885196374622357 0.011690647482014389 0.03172205438066465
0 0.6686151079136691 0.21978851963746224 0.0170863309352518 0.028700906344410877
0 0.685251798561151 0.2258308157099698 0.01618705035971223 0.028700906344410877
0 0.6425359712230215 0.2620845921450151 0.015287769784172662 0.03172205438066465
0 0.6007194244604317 0.2583081570996979 0.017985611510791366 0.02416918429003021
0 0.4518884892086331 0.33610271903323263 0.024280575539568347 0.03474320241691843
0 0.49280575539568344 0.3406344410876133 0.02158273381294964 0.0377643504531722
0 0.43345323741007197 0.3685800604229607 0.025179856115107913 0.045317220543806644
0 0.3830935251798561 0.3164652567975831 0.017985611510791366 0.028700906344410877
0 0.45998201438848924 0.4297583081570997 0.03147482014388489 0.055891238670694864
0 0.5341726618705036 0.3776435045317221 0.02158273381294964 0.04229607250755287
0 0.5373201438848921 0.4259818731117825 0.026079136690647483 0.054380664652567974
0 0.5984712230215827 0.3549848942598187 0.026079136690647483 0.04229607250755287
0 0.6038669064748201 0.40558912386706947 0.02787769784172662 0.04078549848942598
0 0.5930755395683454 0.48413897280966767 0.029676258992805755 0.0649546827794562
0 0.6362410071942446 0.5022658610271903 0.03147482014388489 0.05891238670694864
0 0.7311151079136691 0.4297583081570997 0.02697841726618705 0.052870090634441085
0 0.7135791366906474 0.5619335347432024 0.0368705035971223 0.07250755287009064
0 0.7909172661870504 0.45317220543806647 0.029676258992805755 0.054380664652567974
0 0.8412769784172662 0.5332326283987915 0.03147482014388489 0.06948640483383686
0 0.8723021582733813 0.49244712990936557 0.03237410071942446 0.06042296072507553
0 0.9437949640287769 0.49924471299093653 0.03327338129496403 0.05891238670694864
0 0.8830935251798561 0.40181268882175225 0.025179856115107913 0.054380664652567974
0 0.8327338129496403 0.3768882175226586 0.019784172661870502 0.04078549848942598
0 0.845773381294964 0.3549848942598187 0.022482014388489208 0.04229607250755287
0 0.835431654676259 0.3149546827794562 0.017985611510791366 0.0377643504531722
0 0.8277877697841727 0.25 0.015287769784172662 0.028700906344410877
0 0.799910071942446 0.24773413897280966 0.015287769784172662 0.02416918429003021
0 0.7594424460431655 0.2545317220543807 0.02068345323741007 0.0377643504531722
0 0.7828237410071942 0.2756797583081571 0.026079136690647483 0.04078549848942598
0 0.7230215827338129 0.3119335347432024 0.025179856115107913 0.04078549848942598
0 0.7162769784172662 0.2673716012084592 0.0170863309352518 0.03625377643504532
0 0.6875 0.3323262839879154 0.022482014388489208 0.03927492447129909
0 0.677158273381295 0.2854984894259819 0.017985611510791366 0.03323262839879154
0 0.6425359712230215 0.3783987915407855 0.026079136690647483 0.052870090634441085
0 0.6704136690647482 0.39123867069486407 0.024280575539568347 0.04833836858006042
0 0.700089928057554 0.3821752265861027 0.026079136690647483 0.03625377643504532
0 0.637589928057554 0.31797583081570996 0.02697841726618705 0.04380664652567976
0 0.8642086330935251 0.26057401812688824 0.014388489208633094 0.0256797583081571
0 0.8794964028776978 0.2877643504531722 0.01618705035971223 0.0377643504531722
0 0.9019784172661871 0.26510574018126887 0.017985611510791366 0.03172205438066465
0 0.8988309352517986 0.3504531722054381 0.02068345323741007 0.04229607250755287
0 0.8763489208633094 0.3413897280966767 0.022482014388489208 0.04229607250755287
0 0.9213129496402878 0.34818731117824775 0.0170863309352518 0.04682779456193353
0 0.9262589928057554 0.3104229607250755 0.017985611510791366 0.028700906344410877
0 0.970773381294964 0.297583081570997 0.011690647482014389 0.02416918429003021
0 0.9653776978417267 0.33081570996978854 0.02068345323741007 0.03323262839879154
0 0.9469424460431655 0.36027190332326287 0.019784172661870502 0.03172205438066465
0 0.9626798561151079 0.38972809667673713 0.022482014388489208 0.03323262839879154