0 0.3169774288518155 0.23255813953488372 0.015701668302257114 0.03322259136212625
0 0.35034347399411186 0.21760797342192692 0.021589793915603533 0.03986710963455149
0 0.35525024533856725 0.2599667774086379 0.02551521099116781 0.044850498338870434
0 0.41462217860647693 0.2707641196013289 0.02453385672227674 0.04983388704318937
0 0.4067713444553484 0.20514950166112958 0.018645731108930325 0.03488372093023256
0 0.4470068694798822 0.25332225913621265 0.02453385672227674 0.03820598006644518
0 0.4784102060843965 0.1611295681063123 0.016683022571148183 0.029900332225913623
0 0.492639842983317 0.2084717607973422 0.019627085377821395 0.03820598006644518
0 0.5338567222767419 0.20514950166112958 0.017664376840039256 0.03820598006644518
0 0.5279685966633955 0.1536544850498339 0.021589793915603533 0.03488372093023256
0 0.5667320902845927 0.14700996677740863 0.018645731108930325 0.03488372093023256
0 0.5721295387634936 0.1818936877076412 0.017664376840039256 0.03820598006644518
0 0.5971540726202159 0.16362126245847175 0.02453385672227674 0.044850498338870434
0 0.5736015701668302 0.2931893687707641 0.03042198233562316 0.054817275747508304
0 0.6157998037291462 0.2574750830564784 0.02453385672227674 0.06312292358803986
0 0.6668302257114819 0.31561461794019935 0.0323846908734053 0.06976744186046512
0 0.662414131501472 0.2616279069767442 0.02551521099116781 0.04817275747508306
0 0.661432777232581 0.22425249169435216 0.021589793915603533 0.03986710963455149
0 0.6727183513248283 0.17524916943521596 0.018645731108930325 0.03488372093023256
0 0.7144259077526988 0.23006644518272426 0.023552502453385672 0.04817275747508306
0 0.7355250245338567 0.2574750830564784 0.02649656526005888 0.053156146179401995
0 0.7708537782139352 0.23421926910299004 0.02649656526005888 0.053156146179401995
0 0.7399411187438666 0.17026578073089702 0.019627085377821395 0.03820598006644518
0 0.7674190382728164 0.1744186046511628 0.021589793915603533 0.03986710963455149
0 0.7747791952894995 0.13205980066445183 0.020608439646712464 0.02823920265780731
0 0.78900883218842 0.2009966777408638 0.021589793915603533 0.04318936877076412
0 0.8150147203140333 0.28322259136212624 0.03042198233562316 0.054817275747508304
0 0.8277723258096172 0.24335548172757476 0.02453385672227674 0.04817275747508306
0 0.8390578999018645 0.22591362126245848 0.02551521099116781 0.03986710963455149
0 0.8218842001962708 0.1818936877076412 0.018645731108930325 0.03488372093023256
0 0.8179587831207066 0.14867109634551495 0.012757605495583905 0.024916943521594685
0 0.865063788027478 0.1893687707641196 0.020608439646712464 0.03986710963455149
0 0.8866535819430814 0.24750830564784054 0.022571148184494603 0.04983388704318937
0 0.8949950932286556 0.22674418604651161 0.021589793915603533 0.03820598006644518
0 0.8905789990186457 0.19850498338870431 0.014720314033366046 0.03156146179401993
0 0.89450441609421 0.13205980066445183 0.016683022571148183 0.03820598006644518
0 0.9558390578999019 0.10963455149501661 0.015701668302257114 0.03322259136212625