0 0.1719242902208202 0.37207702888583216 0.03627760252365931 0.06464924346629987
0 0.1636435331230284 0.33700137551581844 0.027602523659305992 0.04126547455295736
0 0.222397476340694 0.30880330123796423 0.033123028391167195 0.05364511691884457
0 0.23107255520504733 0.266162310866575 0.025236593059936908 0.039889958734525444
0 0.28036277602523657 0.24415405777166438 0.01971608832807571 0.037138927097661624
0 0.34858044164037855 0.5137551581843192 0.0583596214511041 0.10041265474552957
0 0.3643533123028391 0.44222833562585967 0.04889589905362776 0.07840440165061899
0 0.32610410094637227 0.343191196698762 0.04022082018927445 0.07840440165061899
0 0.30165615141955837 0.2200825309491059 0.022870662460567823 0.04676753782668501
0 0.3229495268138801 0.2393397524071527 0.01971608832807571 0.04676753782668501
0 0.3509463722397476 0.2324621733149931 0.02365930599369085 0.04951856946354883
0 0.375788643533123 0.218707015130674 0.027602523659305992 0.055020632737276476
0 0.39668769716088326 0.2125171939477304 0.025236593059936908 0.048143053645116916