0 0.19791666666666666 0.4537037037037037 0.04924242424242424 0.09932659932659933
0 0.2528409090909091 0.42003367003367004 0.043560606060606064 0.08922558922558922
0 0.23579545454545456 0.24074074074074073 0.017045454545454544 0.037037037037037035
0 0.3484848484848485 0.2676767676767677 0.01893939393939394 0.04377104377104377
0 0.3664772727272727 0.26262626262626265 0.017045454545454544 0.04377104377104377
0 0.4185606060606061 0.22643097643097643 0.01893939393939394 0.03535353535353535
0 0.4412878787878788 0.2297979797979798 0.017045454545454544 0.03535353535353535
0 0.4493371212121212 0.1835016835016835 0.014204545454545454 0.030303030303030304
0 0.4734848484848485 0.19276094276094277 0.01893939393939394 0.04208754208754209
0 0.4583333333333333 0.15067340067340068 0.011363636363636364 0.018518518518518517
0 0.4678030303030303 0.1447811447811448 0.00946969696969697 0.016835016835016835
0 0.48484848484848486 0.12794612794612795 0.011363636363636364 0.020202020202020204
0 0.5198863636363636 0.07154882154882154 0.011363636363636364 0.021885521885521887
0 0.5549242424242424 0.14898989898989898 0.015151515151515152 0.025252525252525252
0 0.5814393939393939 0.14562289562289563 0.015151515151515152 0.02861952861952862
0 0.4900568181818182 0.2946127946127946 0.02556818181818182 0.050505050505050504
0 0.4289772727272727 0.281986531986532 0.022727272727272728 0.05218855218855219
0 0.5378787878787878 0.19696969696969696 0.028409090909090908 0.04377104377104377
0 0.7372159090909091 0.05723905723905724 0.008522727272727272 0.026936026936026935
0 0.6803977272727273 0.15656565656565657 0.017992424242424244 0.037037037037037035
0 0.6581439393939394 0.24579124579124578 0.01893939393939394 0.04713804713804714
0 0.7116477272727273 0.281986531986532 0.027462121212121212 0.058922558922558925
0 0.7111742424242424 0.1414141414141414 0.015151515151515152 0.026936026936026935
0 0.7348484848484849 0.15824915824915825 0.013257575757575758 0.026936026936026935
0 0.7391098484848485 0.14309764309764308 0.016098484848484848 0.03367003367003367
0 0.7518939393939394 0.17003367003367004 0.013257575757575758 0.030303030303030304
0 0.7571022727272727 0.2988215488215488 0.027462121212121212 0.05555555555555555
0 0.7954545454545454 0.18771043771043772 0.017045454545454544 0.03872053872053872
0 0.8087121212121212 0.12205387205387205 0.011363636363636364 0.025252525252525252
0 0.915719696969697 0.08417508417508418 0.00946969696969697 0.02356902356902357
0 0.8697916666666666 0.22643097643097643 0.016098484848484848 0.05218855218855219
0 0.5189393939393939 0.16245791245791247 0.01893939393939394 0.03198653198653199