0 0.10254237288135593 0.5579399141630901 0.0423728813559322 0.0715307582260372
0 0.23559322033898306 0.3369098712446352 0.01864406779661017 0.03862660944206009
0 0.2656779661016949 0.34334763948497854 0.0211864406779661 0.045779685264663805
0 0.2860169491525424 0.37052932761087265 0.017796610169491526 0.04005722460658083
0 0.29491525423728815 0.3054363376251788 0.01694915254237288 0.0357653791130186
0 0.34279661016949153 0.35550786838340487 0.027966101694915254 0.04721030042918455
0 0.36271186440677966 0.3290414878397711 0.01864406779661017 0.034334763948497854
0 0.363135593220339 0.296137339055794 0.016101694915254237 0.02861230329041488
0 0.3940677966101695 0.3319027181688126 0.020338983050847456 0.03719599427753934
0 0.4021186440677966 0.2603719599427754 0.017796610169491526 0.034334763948497854
0 0.41822033898305083 0.2939914163090129 0.019491525423728815 0.0357653791130186
0 0.4233050847457627 0.3261802575107296 0.0211864406779661 0.04005722460658083
0 0.43601694915254235 0.2947067238912732 0.01440677966101695 0.02575107296137339
0 0.4385593220338983 0.25608011444921314 0.019491525423728815 0.02861230329041488
0 0.45720338983050846 0.3218884120171674 0.02288135593220339 0.04005722460658083
0 0.4885593220338983 0.3054363376251788 0.0211864406779661 0.032904148783977114
0 0.5203389830508475 0.31402002861230327 0.020338983050847456 0.0357653791130186
0 0.4847457627118644 0.259656652360515 0.01694915254237288 0.030042918454935622
0 0.48135593220338985 0.23891273247496422 0.015254237288135594 0.02861230329041488
0 0.5224576271186441 0.2603719599427754 0.016101694915254237 0.031473533619456366
0 0.5364406779661017 0.2739628040057225 0.01694915254237288 0.0357653791130186
0 0.4936440677966102 0.3998569384835479 0.029661016949152543 0.06151645207439199
0 0.536864406779661 0.24678111587982832 0.01440677966101695 0.027181688125894134
0 0.5567796610169492 0.2503576537911302 0.015254237288135594 0.031473533619456366
0 0.5716101694915254 0.2782546494992847 0.016101694915254237 0.027181688125894134
0 0.5983050847457627 0.2632331902718169 0.01864406779661017 0.034334763948497854
0 0.6016949152542372 0.23462088698140202 0.013559322033898305 0.02575107296137339
0 0.5711864406779661 0.2246065808297568 0.015254237288135594 0.02575107296137339
0 0.5872881355932204 0.2167381974248927 0.013559322033898305 0.024320457796852647
0 0.622457627118644 0.21959942775393418 0.01440677966101695 0.027181688125894134
0 0.6177966101694915 0.20529327610872675 0.015254237288135594 0.024320457796852647
0 0.6216101694915255 0.2453505007153076 0.011016949152542373 0.027181688125894134
0 0.6457627118644068 0.21316165951359084 0.015254237288135594 0.031473533619456366
0 0.6580508474576271 0.2167381974248927 0.01440677966101695 0.030042918454935622
0 0.6610169491525424 0.2446351931330472 0.015254237288135594 0.031473533619456366
0 0.6927966101694916 0.22675250357653792 0.012711864406779662 0.027181688125894134
0 0.6902542372881356 0.20457796852646637 0.012711864406779662 0.02575107296137339
0 0.7038135593220339 0.22389127324749641 0.012711864406779662 0.032904148783977114
0 0.5533898305084746 0.3540772532188841 0.02711864406779661 0.05007153075822604
0 0.5635593220338984 0.40772532188841204 0.0423728813559322 0.06294706723891273
0 0.5983050847457627 0.4105865522174535 0.025423728813559324 0.05150214592274678
0 0.6220338983050847 0.32474964234620884 0.025423728813559324 0.04864091559370529
0 0.6546610169491526 0.29971387696709584 0.02288135593220339 0.04148783977110158
0 0.6915254237288135 0.27682403433476394 0.01864406779661017 0.03862660944206009
0 0.7173728813559322 0.2982832618025751 0.019491525423728815 0.03862660944206009
0 0.7279661016949153 0.296137339055794 0.01864406779661017 0.04864091559370529
0 0.613135593220339 0.45278969957081544 0.03305084745762712 0.05293276108726753
0 0.6533898305084745 0.46208869814020026 0.03389830508474576 0.06866952789699571
0 0.6800847457627118 0.3597997138769671 0.02457627118644068 0.05007153075822604
0 0.6682203389830509 0.3383404864091559 0.019491525423728815 0.03862660944206009
0 0.7080508474576271 0.3605150214592275 0.02288135593220339 0.045779685264663805
0 0.7427966101694915 0.39914163090128757 0.029661016949152543 0.04864091559370529
0 0.7241525423728814 0.5414878397711016 0.03474576271186441 0.07010014306151645
0 0.8423728813559322 0.505722460658083 0.03220338983050847 0.06723891273247497
0 0.8076271186440678 0.4198855507868383 0.0288135593220339 0.058655221745350504
0 0.8355932203389831 0.3597997138769671 0.023728813559322035 0.044349070100143065
0 0.8843220338983051 0.3955650929899857 0.019491525423728815 0.055793991416309016
0 0.8694915254237288 0.44420600858369097 0.0288135593220339 0.06437768240343347
0 0.9491525423728814 0.4592274678111588 0.030508474576271188 0.07725321888412018
0 0.938135593220339 0.3969957081545064 0.020338983050847456 0.05007153075822604
0 0.9610169491525423 0.35050071530758226 0.020338983050847456 0.045779685264663805
0 0.9402542372881356 0.32260371959942774 0.017796610169491526 0.0357653791130186
0 0.9389830508474576 0.29756795422031473 0.015254237288135594 0.02861230329041488
0 0.9584745762711865 0.3032904148783977 0.01694915254237288 0.034334763948497854
0 0.9665254237288136 0.271101573676681 0.01440677966101695 0.032904148783977114
0 0.9220338983050848 0.2761087267525036 0.015254237288135594 0.031473533619456366
0 0.9135593220338983 0.3147353361945637 0.020338983050847456 0.03719599427753934
0 0.8940677966101694 0.33476394849785407 0.022033898305084745 0.04291845493562232
0 0.8639830508474576 0.2968526466380544 0.019491525423728815 0.03862660944206009
0 0.836864406779661 0.2982832618025751 0.017796610169491526 0.03862660944206009
0 0.8377118644067797 0.27467811158798283 0.01440677966101695 0.02575107296137339
0 0.8351694915254237 0.2446351931330472 0.016101694915254237 0.02861230329041488
0 0.8673728813559322 0.2525035765379113 0.01440677966101695 0.0357653791130186
0 0.8809322033898305 0.26895565092989987 0.016101694915254237 0.04005722460658083
0 0.7978813559322034 0.27253218884120173 0.017796610169491526 0.032904148783977114
0 0.8101694915254237 0.2603719599427754 0.015254237288135594 0.02861230329041488
0 0.8033898305084746 0.23462088698140202 0.01694915254237288 0.02861230329041488
0 0.7521186440677966 0.24892703862660945 0.016101694915254237 0.03719599427753934
0 0.7258474576271187 0.24678111587982832 0.01440677966101695 0.030042918454935622
0 0.7614406779661017 0.23819742489270387 0.01440677966101695 0.032904148783977114
0 0.7686440677966102 0.2317596566523605 0.015254237288135594 0.02861230329041488