0 0.17569659442724458 0.3856164383561644 0.032507739938080496 0.04794520547945205
0 0.16989164086687306 0.3458904109589041 0.025541795665634675 0.031506849315068496
0 0.20781733746130032 0.2979452054794521 0.025541795665634675 0.03972602739726028
0 0.22291021671826625 0.3273972602739726 0.02476780185758514 0.04657534246575343
0 0.27941176470588236 0.26986301369863014 0.017027863777089782 0.038356164383561646
0 0.30108359133126933 0.24383561643835616 0.018575851393188854 0.03287671232876712
0 0.32778637770897834 0.2541095890410959 0.02089783281733746 0.045205479452054796
0 0.3544891640866873 0.25753424657534246 0.020123839009287926 0.0410958904109589
0 0.40170278637770895 0.23424657534246576 0.02321981424148607 0.052054794520547946
0 0.43072755417956654 0.2458904109589041 0.02863777089783282 0.050684931506849315
0 0.3235294117647059 0.3561643835616438 0.02631578947368421 0.0547945205479452
0 0.3664860681114551 0.4458904109589041 0.04102167182662539 0.07260273972602739
0 0.3459752321981424 0.5506849315068493 0.05263157894736842 0.09315068493150686