0 0.06309751434034416 0.2847341337907376 0.0248565965583174 0.051457975986277875
0 0.27581261950286806 0.21269296740994853 0.018164435946462717 0.03773584905660377
0 0.3030592734225621 0.21526586620926244 0.01338432122370937 0.029159519725557463
0 0.31978967495219884 0.21869639794168097 0.014340344168260038 0.036020583190394515
0 0.3513384321223709 0.22041166380789023 0.020076481835564052 0.03945111492281304
0 0.3647227533460803 0.25728987993138935 0.02198852772466539 0.044596912521440824
0 0.34608030592734224 0.17238421955403088 0.015296367112810707 0.032590051457975985
0 0.36615678776290633 0.18524871355060035 0.015296367112810707 0.030874785591766724
0 0.36615678776290633 0.16380789022298456 0.015296367112810707 0.029159519725557463
0 0.38336520076481834 0.19639794168096056 0.017208413001912046 0.03945111492281304
0 0.4005736137667304 0.23756432246998285 0.022944550669216062 0.036020583190394515
0 0.4235181644359465 0.24957118353344768 0.021032504780114723 0.04288164665523156
0 0.41061185468451245 0.20240137221269297 0.018164435946462717 0.03430531732418525
0 0.39579349904397704 0.16638078902229847 0.017208413001912046 0.030874785591766724
0 0.4235181644359465 0.18181818181818182 0.015296367112810707 0.03773584905660377
0 0.41634799235181646 0.15265866209262435 0.016252390057361378 0.030874785591766724
0 0.4469407265774379 0.18267581475128644 0.016252390057361378 0.036020583190394515
0 0.45841300191204587 0.19897084048027444 0.018164435946462717 0.03773584905660377
0 0.4435946462715105 0.15180102915951973 0.01338432122370937 0.032590051457975985
0 0.4751434034416826 0.14493996569468268 0.015296367112810707 0.032590051457975985
0 0.4665391969407266 0.13807890222984562 0.015296367112810707 0.029159519725557463
0 0.4694072657743786 0.18782161234991424 0.017208413001912046 0.032590051457975985
0 0.5195984703632888 0.16895368782161235 0.018164435946462717 0.03945111492281304
0 0.5521032504780115 0.1835334476843911 0.016252390057361378 0.03773584905660377
0 0.5578393881453155 0.1595197255574614 0.016252390057361378 0.030874785591766724
0 0.49282982791587 0.14922813036020582 0.014340344168260038 0.03430531732418525
0 0.5095602294455067 0.13036020583190394 0.01338432122370937 0.030874785591766724
0 0.5234225621414914 0.12264150943396226 0.0124282982791587 0.029159519725557463
0 0.5444550669216062 0.14150943396226415 0.014340344168260038 0.029159519725557463
0 0.530114722753346 0.16037735849056603 0.014340344168260038 0.029159519725557463
0 0.5525812619502868 0.11921097770154374 0.015296367112810707 0.029159519725557463
0 0.5793499043977055 0.1672384219554031 0.019120458891013385 0.03945111492281304
0 0.5908221797323135 0.16037735849056603 0.01338432122370937 0.029159519725557463
0 0.5913001912045889 0.1072041166380789 0.010516252390057362 0.022298456260720412
0 0.5989483747609943 0.13293310463121785 0.0124282982791587 0.025728987993138937
0 0.6161567877629063 0.1312178387650086 0.016252390057361378 0.036020583190394515
0 0.6266730401529637 0.10806174957118353 0.010516252390057362 0.02058319039451115
0 0.641491395793499 0.11149228130360206 0.01338432122370937 0.03430531732418525
0 0.6405353728489483 0.14493996569468268 0.017208413001912046 0.032590051457975985
0 0.6477055449330784 0.17495711835334476 0.020076481835564052 0.03773584905660377
0 0.6653919694072657 0.10806174957118353 0.011472275334608031 0.0274442538593482
0 0.6739961759082218 0.11921097770154374 0.01338432122370937 0.029159519725557463
0 0.6978967495219885 0.1183533447684391 0.01338432122370937 0.03430531732418525
0 0.722753346080306 0.1423670668953688 0.019120458891013385 0.03430531732418525
0 0.7404397705544933 0.13979416809605488 0.0124282982791587 0.032590051457975985
0 0.731357552581262 0.1835334476843911 0.019120458891013385 0.03773584905660377
0 0.6974187380497132 0.16981132075471697 0.014340344168260038 0.03430531732418525
0 0.6778202676864244 0.21526586620926244 0.019120458891013385 0.04288164665523156
0 0.6056405353728489 0.20754716981132076 0.018164435946462717 0.044596912521440824
0 0.5865200764818356 0.22298456260720412 0.02198852772466539 0.048027444253859346
0 0.6281070745697896 0.2478559176672384 0.021032504780114723 0.05660377358490566
0 0.6974187380497132 0.2555746140651801 0.02390057361376673 0.0548885077186964
0 0.7122370936902486 0.23842195540308747 0.019120458891013385 0.0411663807890223
0 0.7031548757170172 0.3216123499142367 0.03154875717017208 0.07375643224699828
0 0.7590822179732314 0.3567753001715266 0.030592734225621414 0.06518010291595197
0 0.7868068833652008 0.27787307032590053 0.02676864244741874 0.06174957118353345
0 0.75 0.25728987993138935 0.02390057361376673 0.048027444253859346
0 0.7920650095602294 0.2032590051457976 0.018164435946462717 0.036020583190394515
0 0.8298279158699808 0.2538593481989708 0.022944550669216062 0.051457975986277875
0 0.7662523900573613 0.13379073756432247 0.008604206500956023 0.024013722126929673
0 0.7719885277246654 0.14665523156089194 0.0124282982791587 0.029159519725557463
0 0.7872848948374761 0.16380789022298456 0.014340344168260038 0.029159519725557463
0 0.7982791586998088 0.12778730703259006 0.011472275334608031 0.029159519725557463
0 0.8130975143403442 0.13636363636363635 0.010516252390057362 0.025728987993138937
0 0.8140535372848948 0.19210977701543738 0.016252390057361378 0.03430531732418525
0 0.8217017208413002 0.16295025728987994 0.0124282982791587 0.030874785591766724
0 0.8355640535372849 0.16123499142367068 0.01338432122370937 0.03773584905660377
0 0.8518164435946463 0.14408233276157806 0.011472275334608031 0.030874785591766724
0 0.8618546845124283 0.1672384219554031 0.018164435946462717 0.03945111492281304
0 0.8379541108986616 0.21869639794168097 0.02390057361376673 0.03945111492281304
0 0.8518164435946463 0.22898799313893653 0.017208413001912046 0.036020583190394515
0 0.8867112810707457 0.225557461406518 0.018164435946462717 0.04288164665523156
0 0.9220841300191205 0.2692967409948542 0.020076481835564052 0.048027444253859346
0 0.9278202676864244 0.22727272727272727 0.014340344168260038 0.03945111492281304
0 0.8972275334608031 0.19210977701543738 0.0124282982791587 0.03430531732418525
0 0.8924474187380497 0.1595197255574614 0.014340344168260038 0.030874785591766724
0 0.9316443594646272 0.17753001715265868 0.010516252390057362 0.025728987993138937
0 0.9316443594646272 0.20497427101200685 0.014340344168260038 0.032590051457975985
0 0.9192160611854685 0.35934819897084047 0.027724665391969407 0.07032590051457976