0 0.13538205980066445 0.5523338048090524 0.03820598006644518 0.07496463932107496
0 0.22799003322259137 0.3330975954738331 0.014119601328903655 0.03536067892503536
0 0.25872093023255816 0.3415841584158416 0.020764119601328904 0.04384724186704385
0 0.2803156146179402 0.36845827439886847 0.01910299003322259 0.03818953323903819
0 0.287375415282392 0.30905233380480907 0.018272425249169437 0.03536067892503536
0 0.3280730897009967 0.36704384724186706 0.023255813953488372 0.04950495049504951
0 0.35174418604651164 0.3302687411598303 0.01744186046511628 0.03536067892503536
0 0.3525747508305648 0.29349363507779347 0.01744186046511628 0.03253182461103253
0 0.3862126245847176 0.33804809052333806 0.019933554817275746 0.042432814710042434
0 0.4090531561461794 0.3316831683168317 0.020764119601328904 0.03818953323903819
0 0.4073920265780731 0.30056577086280056 0.01910299003322259 0.0297029702970297
0 0.39327242524916944 0.2581329561527581 0.01744186046511628 0.026874115983026876
0 0.4264950166112957 0.25884016973125884 0.014119601328903655 0.02545968882602546
0 0.4435215946843854 0.26874115983026875 0.018272425249169437 0.033946251768033946
0 0.43438538205980065 0.3069306930693069 0.018272425249169437 0.039603960396039604
0 0.4476744186046512 0.3359264497878359 0.026578073089700997 0.04384724186704385
0 0.4746677740863787 0.3033946251768034 0.020764119601328904 0.03253182461103253
0 0.46636212624584716 0.24045261669024046 0.014119601328903655 0.028288543140028287
0 0.47217607973421927 0.26449787835926447 0.01744186046511628 0.033946251768033946
0 0.5083056478405316 0.26025459688826025 0.014950166112956811 0.031117397454031116
0 0.5224252491694352 0.2743988684582744 0.014950166112956811 0.033946251768033946
0 0.5232558139534884 0.24398868458274398 0.014950166112956811 0.024045261669024046
0 0.5431893687707641 0.24964639321074963 0.013289036544850499 0.03536067892503536
0 0.5573089700996677 0.28217821782178215 0.016611295681063124 0.03536067892503536
0 0.5066445182724253 0.32248939179632247 0.02159468438538206 0.033946251768033946
0 0.5701827242524917 0.21782178217821782 0.012458471760797342 0.02545968882602546
0 0.5776578073089701 0.23267326732673269 0.012458471760797342 0.026874115983026876
0 0.5822259136212624 0.25742574257425743 0.011627906976744186 0.031117397454031116
0 0.5884551495016611 0.2340876944837341 0.01079734219269103 0.021216407355021217
0 0.6050664451827242 0.2263083451202263 0.012458471760797342 0.028288543140028287
0 0.6108803986710963 0.2072135785007072 0.012458471760797342 0.021216407355021217
0 0.6308139534883721 0.214992927864215 0.012458471760797342 0.028288543140028287
0 0.6420265780730897 0.22772277227722773 0.011627906976744186 0.02545968882602546
0 0.6445182724252492 0.2446958981612447 0.011627906976744186 0.028288543140028287
0 0.6021594684385382 0.2524752475247525 0.016611295681063124 0.0297029702970297
0 0.6760797342192691 0.22913719943422914 0.013289036544850499 0.028288543140028287
0 0.6740033222591362 0.2050919377652051 0.012458471760797342 0.02263083451202263
0 0.6885382059800664 0.2256011315417256 0.013289036544850499 0.03253182461103253
0 0.4829734219269103 0.4024045261669024 0.030730897009966777 0.05799151343705799
0 0.5390365448504983 0.347949080622348 0.023255813953488372 0.05091937765205092
0 0.5481727574750831 0.4016973125884017 0.029900332225913623 0.04809052333804809
0 0.592607973421927 0.44625176803394623 0.03571428571428571 0.07496463932107496
0 0.6046511627906976 0.38048090523338046 0.026578073089700997 0.05374823196605375
0 0.6029900332225914 0.3330975954738331 0.023255813953488372 0.04950495049504951
0 0.6391196013289037 0.29632248939179634 0.01910299003322259 0.04101838755304102
0 0.6723421926910299 0.2765205091937765 0.01744186046511628 0.03536067892503536
0 0.6989202657807309 0.29915134370579916 0.015780730897009966 0.04101838755304102
0 0.7122093023255814 0.3012729844413013 0.015780730897009966 0.036775106082036775
0 0.7109634551495017 0.25106082036775107 0.013289036544850499 0.03253182461103253
0 0.7354651162790697 0.2538896746817539 0.014119601328903655 0.0297029702970297
0 0.7412790697674418 0.2376237623762376 0.014119601328903655 0.028288543140028287
0 0.7537375415282392 0.22913719943422914 0.012458471760797342 0.028288543140028287
0 0.6495016611295681 0.3437057991513437 0.02159468438538206 0.04526166902404526
0 0.6656976744186046 0.3755304101838755 0.027408637873754152 0.055162659123055166
0 0.6914451827242525 0.3606789250353607 0.02408637873754153 0.05374823196605375
0 0.7250830564784053 0.39603960396039606 0.02823920265780731 0.0594059405940594
0 0.6420265780730897 0.46888260254596886 0.03322259136212625 0.07213578500707214
0 0.7051495016611296 0.5431400282885431 0.03820598006644518 0.06789250353606789
0 0.8351328903654485 0.5035360678925035 0.03571428571428571 0.06506364922206506
0 0.7703488372093024 0.2765205091937765 0.014119601328903655 0.03536067892503536
0 0.7882059800664452 0.2637906647807638 0.016611295681063124 0.03818953323903819
0 0.7869601328903655 0.23903818953323905 0.015780730897009966 0.033946251768033946
0 0.8197674418604651 0.30198019801980197 0.016611295681063124 0.03818953323903819
0 0.8151993355481728 0.28783592644978784 0.01744186046511628 0.03536067892503536
0 0.8156146179401993 0.24328147100424327 0.018272425249169437 0.036775106082036775
0 0.8471760797342193 0.2567185289957567 0.014950166112956811 0.03253182461103253
0 0.8612956810631229 0.27157001414427157 0.013289036544850499 0.033946251768033946
0 0.8745847176079734 0.25954738330975957 0.013289036544850499 0.03253182461103253
0 0.9007475083056479 0.2743988684582744 0.015780730897009966 0.031117397454031116
0 0.8899501661129569 0.3147100424328147 0.015780730897009966 0.026874115983026876
0 0.8517441860465116 0.31117397454031115 0.01910299003322259 0.036775106082036775
0 0.8185215946843853 0.35855728429985856 0.022425249169435217 0.05233380480905234
0 0.795265780730897 0.4321074964639321 0.029069767441860465 0.06647807637906648
0 0.848421926910299 0.4596888260254597 0.03239202657807309 0.056577086280056574
0 0.867109634551495 0.3797736916548798 0.023255813953488372 0.04950495049504951
0 0.8745847176079734 0.347949080622348 0.019933554817275746 0.042432814710042434
0 0.9198504983388704 0.39038189533239037 0.02408637873754153 0.042432814710042434
0 0.9289867109634552 0.458981612446959 0.029069767441860465 0.06647807637906648
0 0.9393687707641196 0.35289957567185287 0.016611295681063124 0.03536067892503536
0 0.9422757475083057 0.32390381895332393 0.01744186046511628 0.033946251768033946
0 0.9219269102990033 0.30834512022630833 0.018272425249169437 0.036775106082036775
0 0.9464285714285714 0.2758132956152758 0.01744186046511628 0.031117397454031116