0 0.06731662024141133 0.533167495854063 0.052924791086350974 0.11442786069651742
0 0.2525533890436397 0.2744610281923715 0.018570102135561744 0.028192371475953566
0 0.2748375116063138 0.2603648424543947 0.016713091922005572 0.03316749585406302
0 0.2966573816155989 0.2562189054726368 0.019498607242339833 0.03814262023217247
0 0.31569173630454966 0.27114427860696516 0.02042711234911792 0.03482587064676617
0 0.33658310120705665 0.26285240464344944 0.019498607242339833 0.03482587064676617
0 0.3115134633240483 0.2296849087893864 0.013927576601671309 0.024875621890547265
0 0.3412256267409471 0.2197346600331675 0.015784586815227482 0.03150912106135987
0 0.36443825441039923 0.21227197346600332 0.015784586815227482 0.03316749585406302
0 0.3774373259052925 0.208955223880597 0.015784586815227482 0.03648424543946932
0 0.3867223769730734 0.19651741293532338 0.013927576601671309 0.024875621890547265
0 0.4034354688950789 0.28192371475953565 0.02321262766945218 0.04311774461028192
0 0.40482822655524603 0.16998341625207297 0.012999071494893221 0.024875621890547265
0 0.42804085422469823 0.16666666666666666 0.014856081708449397 0.03150912106135987
0 0.4243268337975859 0.21475953565505804 0.012999071494893221 0.028192371475953566
0 0.44057567316620244 0.2197346600331675 0.015784586815227482 0.03482587064676617
0 0.46657381615598886 0.2330016583747927 0.02321262766945218 0.04477611940298507
0 0.45914577530176415 0.19485903814262023 0.015784586815227482 0.028192371475953566
0 0.4531104921077066 0.16666666666666666 0.012999071494893221 0.02155887230514096
0 0.4702878365831012 0.14759535655058043 0.013927576601671309 0.02321724709784411
0 0.44939647168059427 0.13598673300165837 0.007428040854224698 0.013266998341625208
0 0.48003714020427113 0.13598673300165837 0.011142061281337047 0.02321724709784411
0 0.5 0.1691542288557214 0.013927576601671309 0.026533996683250415
0 0.4744661095636026 0.16500829187396351 0.014856081708449397 0.024875621890547265
0 0.5125348189415042 0.18988391376451078 0.018570102135561744 0.03482587064676617
0 0.4851439182915506 0.2943615257048093 0.02692664809656453 0.04809286898839138
0 0.5380687093779016 0.19402985074626866 0.015784586815227482 0.03316749585406302
0 0.5464252553389044 0.16334991708126037 0.017641597028783658 0.03814262023217247
0 0.5649953574744662 0.16169154228855723 0.013927576601671309 0.03482587064676617
0 0.532033426183844 0.1310116086235489 0.012999071494893221 0.026533996683250415
0 0.552460538532962 0.11774461028192372 0.011142061281337047 0.029850746268656716
0 0.5784586815227484 0.12189054726368159 0.012999071494893221 0.02155887230514096
0 0.5728876508820798 0.14344941956882257 0.016713091922005572 0.03150912106135987
0 0.61652739090065 0.13681592039800994 0.012999071494893221 0.028192371475953566
0 0.5993500464252554 0.09701492537313433 0.012070566388115135 0.02155887230514096
0 0.6179201485608171 0.09867330016583747 0.01021355617455896 0.02155887230514096
0 0.6290622098421541 0.11940298507462686 0.012070566388115135 0.02321724709784411
0 0.6346332404828227 0.10033167495854063 0.012070566388115135 0.02155887230514096
0 0.6671309192200557 0.12023217247097844 0.013927576601671309 0.028192371475953566
0 0.6857010213556175 0.09618573797678276 0.013927576601671309 0.029850746268656716
0 0.5482822655524605 0.28938640132669985 0.025069637883008356 0.05140961857379768
0 0.5659238625812442 0.24378109452736318 0.02135561745589601 0.03648424543946932
0 0.5547818012999072 0.22388059701492538 0.017641597028783658 0.026533996683250415
0 0.6039925719591458 0.20315091210613598 0.019498607242339833 0.04145936981757877
0 0.6044568245125348 0.24543946932006633 0.02042711234911792 0.03980099502487562
0 0.5993500464252554 0.3208955223880597 0.025069637883008356 0.04809286898839138
0 0.669452181987001 0.33167495854063017 0.025998142989786442 0.06633499170812604
0 0.6536675951717734 0.2504145936981758 0.022284122562674095 0.04643449419568822
0 0.7140204271123491 0.2769485903814262 0.02414113277623027 0.04975124378109453
0 0.7729805013927576 0.2902155887230514 0.02321262766945218 0.04975124378109453
0 0.7562674094707521 0.22388059701492538 0.02135561745589601 0.04311774461028192
0 0.7014856081708449 0.22139303482587064 0.02135561745589601 0.04145936981757877
0 0.658774373259053 0.20315091210613598 0.019498607242339833 0.04477611940298507
0 0.6536675951717734 0.16832504145936983 0.018570102135561744 0.04477611940298507
0 0.6870937790157846 0.17412935323383086 0.016713091922005572 0.03648424543946932
0 0.6884865366759517 0.14262023217247097 0.013927576601671309 0.029850746268656716
0 0.6968430826369545 0.13432835820895522 0.015784586815227482 0.03316749585406302
0 0.7284122562674095 0.12106135986733002 0.012070566388115135 0.03316749585406302
0 0.7455896007428041 0.10613598673300166 0.011142061281337047 0.02321724709784411
0 0.745125348189415 0.13266998341625208 0.015784586815227482 0.03316749585406302
0 0.7571959145775302 0.12769485903814262 0.013927576601671309 0.03316749585406302
0 0.7581244196843082 0.1583747927031509 0.015784586815227482 0.03150912106135987
0 0.7386258124419685 0.18076285240464346 0.019498607242339833 0.03648424543946932
0 0.7883008356545961 0.11608623548922056 0.011142061281337047 0.01990049751243781
0 0.7943361188486536 0.13349917081260365 0.013927576601671309 0.03150912106135987
0 0.8040854224698236 0.12769485903814262 0.012999071494893221 0.026533996683250415
0 0.7929433611884865 0.18159203980099503 0.014856081708449397 0.028192371475953566
0 0.8054781801299907 0.16583747927031509 0.013927576601671309 0.026533996683250415
0 0.8231197771587744 0.14013266998341625 0.015784586815227482 0.03482587064676617
0 0.840761374187558 0.14676616915422885 0.013927576601671309 0.03150912106135987
0 0.8389043639740018 0.18490878938640132 0.015784586815227482 0.03150912106135987
0 0.8207985143918292 0.18407960199004975 0.014856081708449397 0.02321724709784411
0 0.8579387186629527 0.15008291873963517 0.012999071494893221 0.028192371475953566
0 0.861652739090065 0.12769485903814262 0.012999071494893221 0.026533996683250415
0 0.8974001857010213 0.13432835820895522 0.012070566388115135 0.029850746268656716
0 0.8839368616527391 0.16086235489220563 0.014856081708449397 0.03316749585406302
0 0.8760445682451253 0.18407960199004975 0.015784586815227482 0.029850746268656716
0 0.8635097493036211 0.22139303482587064 0.018570102135561744 0.04477611940298507
0 0.9117920148560817 0.28938640132669985 0.02042711234911792 0.04809286898839138
0 0.9178272980501393 0.18739635157545606 0.015784586815227482 0.03648424543946932
0 0.9238625812441968 0.15920398009950248 0.014856081708449397 0.029850746268656716