0 0.34375 0.5409356725146199 0.06465517241379311 0.13060428849902533
0 0.3270474137931034 0.1968810916179337 0.020474137931034482 0.03508771929824561
0 0.3485991379310345 0.1949317738791423 0.016163793103448277 0.03508771929824561
0 0.36853448275862066 0.1861598440545809 0.017241379310344827 0.029239766081871343
0 0.41163793103448276 0.17251461988304093 0.017241379310344827 0.03313840155945419
0 0.4401939655172414 0.17446393762183235 0.016163793103448277 0.029239766081871343
0 0.4547413793103448 0.2309941520467836 0.02586206896551724 0.03313840155945419
0 0.46551724137931033 0.17543859649122806 0.015086206896551725 0.02729044834307992
0 0.44073275862068967 0.14912280701754385 0.015086206896551725 0.029239766081871343
0 0.44450431034482757 0.13937621832358674 0.016163793103448277 0.025341130604288498
0 0.4735991379310345 0.1539961013645224 0.014008620689655173 0.031189083820662766
0 0.4682112068965517 0.14230019493177387 0.011853448275862068 0.02729044834307992
0 0.48060344827586204 0.14035087719298245 0.017241379310344827 0.023391812865497075
0 0.5010775862068966 0.13060428849902533 0.015086206896551725 0.023391812865497075
0 0.5264008620689655 0.12475633528265107 0.016163793103448277 0.023391812865497075
0 0.5377155172413793 0.14035087719298245 0.017241379310344827 0.031189083820662766
0 0.49084051724137934 0.1861598440545809 0.016163793103448277 0.04093567251461988
0 0.5010775862068966 0.1871345029239766 0.017241379310344827 0.03898635477582846
0 0.5474137931034483 0.1949317738791423 0.01939655172413793 0.03898635477582846
0 0.568426724137931 0.13352826510721247 0.016163793103448277 0.029239766081871343
0 0.5786637931034483 0.12475633528265107 0.015086206896551725 0.031189083820662766
0 0.5813577586206896 0.13742690058479531 0.016163793103448277 0.029239766081871343
0 0.5862068965517241 0.16471734892787523 0.01939655172413793 0.029239766081871343
0 0.5759698275862069 0.18226120857699804 0.018318965517241378 0.037037037037037035
0 0.6228448275862069 0.16764132553606237 0.01939655172413793 0.03508771929824561
0 0.5975215517241379 0.13352826510721247 0.018318965517241378 0.03313840155945419
0 0.6131465517241379 0.10331384015594541 0.01293103448275862 0.02729044834307992
0 0.6276939655172413 0.1189083820662768 0.014008620689655173 0.02729044834307992
0 0.650323275862069 0.1354775828460039 0.016163793103448277 0.03313840155945419
0 0.6848060344827587 0.14619883040935672 0.011853448275862068 0.023391812865497075
0 0.6885775862068966 0.1111111111111111 0.010775862068965518 0.02729044834307992
0 0.7074353448275862 0.11988304093567251 0.009698275862068966 0.029239766081871343
0 0.7252155172413793 0.13840155945419103 0.01293103448275862 0.031189083820662766
0 0.7413793103448276 0.1442495126705653 0.01293103448275862 0.02729044834307992
0 0.6982758620689655 0.17641325536062377 0.017241379310344827 0.037037037037037035
0 0.7192887931034483 0.1783625730994152 0.016163793103448277 0.04483430799220273
0 0.734375 0.1783625730994152 0.014008620689655173 0.037037037037037035
0 0.634698275862069 0.20857699805068225 0.021551724137931036 0.050682261208576995
0 0.5695043103448276 0.23391812865497075 0.02693965517241379 0.050682261208576995
0 0.6654094827586207 0.2222222222222222 0.020474137931034482 0.05458089668615984
0 0.6637931034482759 0.1968810916179337 0.021551724137931036 0.042884990253411304
0 0.7160560344827587 0.23586744639376217 0.020474137931034482 0.050682261208576995
0 0.7634698275862069 0.13157894736842105 0.011853448275862068 0.025341130604288498
0 0.7790948275862069 0.14814814814814814 0.015086206896551725 0.031189083820662766
0 0.8098060344827587 0.1539961013645224 0.014008620689655173 0.02729044834307992
0 0.822198275862069 0.13352826510721247 0.01293103448275862 0.025341130604288498
0 0.8232758620689655 0.16666666666666666 0.015086206896551725 0.03313840155945419
0 0.7742456896551724 0.1793372319688109 0.020474137931034482 0.03898635477582846
0 0.8087284482758621 0.1968810916179337 0.018318965517241378 0.03898635477582846
0 0.7914870689655172 0.16666666666666666 0.016163793103448277 0.03313840155945419
0 0.7904094827586207 0.23391812865497075 0.018318965517241378 0.04678362573099415
0 0.853448275862069 0.19298245614035087 0.015086206896551725 0.042884990253411304
0 0.8572198275862069 0.14230019493177387 0.011853448275862068 0.02729044834307992
0 0.8868534482758621 0.1627680311890838 0.010775862068965518 0.029239766081871343
0 0.90625 0.16666666666666666 0.01293103448275862 0.03313840155945419
0 0.9439655172413793 0.1695906432748538 0.015086206896551725 0.02729044834307992
0 0.9412715517241379 0.2046783625730994 0.011853448275862068 0.02729044834307992
0 0.9385775862068966 0.22807017543859648 0.017241379310344827 0.03508771929824561
0 0.8954741379310345 0.20272904483430798 0.01293103448275862 0.031189083820662766
0 0.8868534482758621 0.22807017543859648 0.017241379310344827 0.03898635477582846
0 0.9213362068965517 0.2631578947368421 0.01939655172413793 0.042884990253411304
0 0.8739224137931034 0.2680311890838207 0.021551724137931036 0.05263157894736842