0 0.25333333333333335 0.2391304347826087 0.015238095238095238 0.030100334448160536
0 0.2695238095238095 0.18227424749163879 0.017142857142857144 0.030100334448160536
0 0.31952380952380954 0.24832775919732442 0.018095238095238095 0.03177257525083612
0 0.32047619047619047 0.22157190635451504 0.01619047619047619 0.02508361204013378
0 0.3514285714285714 0.20652173913043478 0.01904761904761905 0.03177257525083612
0 0.35333333333333333 0.23244147157190637 0.01904761904761905 0.033444816053511704
0 0.3647619047619048 0.2633779264214047 0.02095238095238095 0.038461538461538464
0 0.3342857142857143 0.2709030100334448 0.017142857142857144 0.030100334448160536
0 0.39380952380952383 0.28846153846153844 0.02761904761904762 0.051839464882943144
0 0.4033333333333333 0.2165551839464883 0.018095238095238095 0.04180602006688963
0 0.3861904761904762 0.1931438127090301 0.01619047619047619 0.03177257525083612
0 0.37 0.18394648829431437 0.012380952380952381 0.030100334448160536
0 0.4204761904761905 0.20819397993311037 0.018095238095238095 0.028428093645484948
0 0.4338095238095238 0.18311036789297658 0.01619047619047619 0.03511705685618729
0 0.44952380952380955 0.18729096989966554 0.017142857142857144 0.033444816053511704
0 0.4680952380952381 0.23076923076923078 0.023809523809523808 0.06020066889632107
0 0.4866666666666667 0.13377926421404682 0.013333333333333334 0.023411371237458192
0 0.49857142857142855 0.15133779264214048 0.012380952380952381 0.028428093645484948
0 0.4838095238095238 0.19230769230769232 0.02095238095238095 0.033444816053511704
0 0.5147619047619048 0.18896321070234115 0.018095238095238095 0.03678929765886288
0 0.5338095238095238 0.20317725752508362 0.02 0.04180602006688963
0 0.5371428571428571 0.15217391304347827 0.015238095238095238 0.03678929765886288
0 0.5595238095238095 0.1588628762541806 0.01619047619047619 0.033444816053511704
0 0.59 0.16220735785953178 0.01619047619047619 0.033444816053511704
0 0.5719047619047619 0.12290969899665552 0.012380952380952381 0.028428093645484948
0 0.5814285714285714 0.061872909698996656 0.012380952380952381 0.020066889632107024
0 0.6019047619047619 0.14130434782608695 0.013333333333333334 0.028428093645484948
0 0.6176190476190476 0.1454849498327759 0.014285714285714285 0.026755852842809364
0 0.6485714285714286 0.13294314381270902 0.013333333333333334 0.02508361204013378
0 0.6223809523809524 0.12792642140468227 0.014285714285714285 0.02508361204013378
0 0.6580952380952381 0.11872909698996656 0.011428571428571429 0.030100334448160536
0 0.6895238095238095 0.11956521739130435 0.013333333333333334 0.028428093645484948
0 0.7147619047619047 0.06939799331103678 0.01619047619047619 0.038461538461538464
0 0.7209523809523809 0.15301003344481606 0.015238095238095238 0.03177257525083612
0 0.7428571428571429 0.1245819397993311 0.015238095238095238 0.03177257525083612
0 0.7128571428571429 0.18311036789297658 0.018095238095238095 0.03511705685618729
0 0.7028571428571428 0.15217391304347827 0.015238095238095238 0.030100334448160536
0 0.6761904761904762 0.205685618729097 0.02095238095238095 0.043478260869565216
0 0.6433333333333333 0.20903010033444816 0.021904761904761906 0.05016722408026756
0 0.5838095238095238 0.2826086956521739 0.030476190476190476 0.06020066889632107
0 0.4866666666666667 0.33444816053511706 0.030476190476190476 0.046822742474916385
0 0.6233333333333333 0.3294314381270903 0.03333333333333333 0.056856187290969896
0 0.6147619047619047 0.2842809364548495 0.021904761904761906 0.043478260869565216
0 0.6747619047619048 0.270066889632107 0.03142857142857143 0.06521739130434782
0 0.7309523809523809 0.29347826086956524 0.02761904761904762 0.05518394648829431
0 0.7252380952380952 0.2608695652173913 0.025714285714285714 0.043478260869565216
0 0.7571428571428571 0.1931438127090301 0.02095238095238095 0.04180602006688963
0 0.7804761904761904 0.21822742474916387 0.023809523809523808 0.0451505016722408
0 0.7547619047619047 0.16555183946488294 0.014285714285714285 0.030100334448160536
0 0.7752380952380953 0.13712374581939799 0.017142857142857144 0.033444816053511704
0 0.7933333333333333 0.15384615384615385 0.013333333333333334 0.026755852842809364
0 0.8104761904761905 0.1714046822742475 0.01904761904761905 0.038461538461538464
0 0.8447619047619047 0.1479933110367893 0.015238095238095238 0.028428093645484948
0 0.8514285714285714 0.17224080267558528 0.013333333333333334 0.030100334448160536
0 0.8461904761904762 0.2148829431438127 0.02 0.04180602006688963
0 0.8247619047619048 0.24665551839464883 0.02095238095238095 0.05518394648829431
0 0.770952380952381 0.3269230769230769 0.02761904761904762 0.048494983277591976
0 0.8571428571428571 0.30518394648829433 0.024761904761904763 0.06521739130434782
0 0.8566666666666667 0.26755852842809363 0.023809523809523808 0.043478260869565216
0 0.929047619047619 0.28929765886287623 0.021904761904761906 0.05016722408026756
0 0.920952380952381 0.229933110367893 0.022857142857142857 0.0451505016722408
0 0.9 0.1948160535117057 0.015238095238095238 0.038461538461538464
0 0.8952380952380953 0.16137123745819398 0.015238095238095238 0.03511705685618729