0 0.1641554321966693 0.4806094182825485 0.041237113402061855 0.07756232686980609
0 0.28628072957969863 0.2790858725761773 0.025376685170499604 0.05124653739612189
0 0.30412371134020616 0.23199445983379502 0.016653449643140365 0.03185595567867036
0 0.3330689928628073 0.22437673130193905 0.017446471054718478 0.038781163434903045
0 0.33227597145122917 0.27493074792243766 0.022204599524187154 0.045706371191135735
0 0.35170499603489297 0.2901662049861496 0.02458366375892149 0.04847645429362881
0 0.3921490880253767 0.29085872576177285 0.022997620935765267 0.04986149584487535
0 0.3584456780333069 0.22645429362880887 0.0190325138778747 0.04016620498614958
0 0.3719270420301348 0.23337950138504154 0.0190325138778747 0.03462603878116344
0 0.39254559873116573 0.24376731301939059 0.025376685170499604 0.04155124653739612
0 0.4076130055511499 0.1994459833795014 0.020618556701030927 0.036011080332409975
0 0.44409199048374304 0.2077562326869806 0.0190325138778747 0.038781163434903045
0 0.4690721649484536 0.2299168975069252 0.01823949246629659 0.04709141274238227
0 0.47581284694686754 0.19667590027700832 0.020618556701030927 0.036011080332409975
0 0.44607454401268837 0.1883656509695291 0.01823949246629659 0.0332409972299169
0 0.42981760507533706 0.1731301939058172 0.014274385408406027 0.030470914127423823
0 0.4452815226011102 0.16274238227146814 0.01823949246629659 0.029085872576177285
0 0.4682791435368755 0.15096952908587258 0.01506740681998414 0.027700831024930747
0 0.48929421094369546 0.15512465373961218 0.01586042823156225 0.024930747922437674
0 0.4896907216494845 0.13088642659279778 0.01506740681998414 0.03185595567867036
0 0.5035685963521015 0.13573407202216067 0.014274385408406027 0.0332409972299169
0 0.5178429817605076 0.16066481994459833 0.01586042823156225 0.036011080332409975
0 0.5368754956383822 0.16897506925207756 0.0190325138778747 0.036011080332409975
0 0.5265662172878668 0.13781163434903046 0.014274385408406027 0.03185595567867036
0 0.5479777954004759 0.14681440443213298 0.014274385408406027 0.030470914127423823
0 0.5606661379857256 0.16274238227146814 0.017446471054718478 0.04016620498614958
0 0.5693893735130848 0.14889196675900276 0.01586042823156225 0.03185595567867036
0 0.5543219666931007 0.1281163434903047 0.012688342585249802 0.02631578947368421
0 0.5618556701030928 0.11634349030470914 0.01506740681998414 0.024930747922437674
0 0.5789056304520223 0.12880886426592797 0.011102299762093577 0.027700831024930747
0 0.5804916732751785 0.09903047091412742 0.012688342585249802 0.02631578947368421
0 0.6066613798572561 0.1461218836565097 0.017446471054718478 0.037396121883656507
0 0.6165741475019826 0.12049861495844875 0.013481363996827915 0.024930747922437674
0 0.606264869151467 0.10664819944598337 0.011895321173671689 0.027700831024930747
0 0.6367961934972244 0.13434903047091412 0.01586042823156225 0.0332409972299169
0 0.6336241078509119 0.11980609418282548 0.012688342585249802 0.023545706371191136
0 0.6439333862014275 0.09279778393351801 0.014274385408406027 0.027700831024930747
0 0.6582077716098335 0.10595567867036011 0.01586042823156225 0.03185595567867036
0 0.6582077716098335 0.13019390581717452 0.01586042823156225 0.030470914127423823
0 0.6859635210150674 0.10872576177285319 0.012688342585249802 0.029085872576177285
0 0.5289452815226011 0.2943213296398892 0.03013481363996828 0.05955678670360111
0 0.5444091990483743 0.268005540166205 0.02775574940523394 0.04293628808864266
0 0.6038858049167327 0.26246537396121883 0.022997620935765267 0.054016620498614956
0 0.6145915939730373 0.20706371191135733 0.020618556701030927 0.04016620498614958
0 0.6514670896114195 0.21398891966759004 0.02141157811260904 0.04293628808864266
0 0.6582077716098335 0.2562326869806094 0.023790642347343377 0.055401662049861494
0 0.6066613798572561 0.32894736842105265 0.0380650277557494 0.06509695290858726
0 0.6883425852498017 0.22645429362880887 0.023790642347343377 0.054016620498614956
0 0.6776367961934973 0.18282548476454294 0.016653449643140365 0.036011080332409975
0 0.7153053132434576 0.13434903047091412 0.01586042823156225 0.030470914127423823
0 0.7236320380650277 0.19113573407202217 0.022997620935765267 0.038781163434903045
0 0.7438540840602696 0.25277008310249305 0.03330689928628073 0.05955678670360111
0 0.7692307692307693 0.2084487534626039 0.0190325138778747 0.04016620498614958
0 0.7561459159397304 0.18005540166204986 0.016653449643140365 0.0332409972299169
0 0.7529738302934179 0.1461218836565097 0.016653449643140365 0.037396121883656507
0 0.7418715305313244 0.12049861495844875 0.01506740681998414 0.027700831024930747
0 0.7791435368754956 0.14958448753462603 0.01506740681998414 0.036011080332409975
0 0.789056304520222 0.12049861495844875 0.012688342585249802 0.0332409972299169
0 0.8033306899286281 0.12326869806094183 0.01586042823156225 0.0332409972299169
0 0.8001586042823157 0.1682825484764543 0.01586042823156225 0.04016620498614958
0 0.8164155432196669 0.16066481994459833 0.013481363996827915 0.0332409972299169
0 0.8255352894528152 0.13850415512465375 0.012688342585249802 0.024930747922437674
0 0.8346550356859636 0.12742382271468145 0.013481363996827915 0.027700831024930747
0 0.8394131641554322 0.18698060941828254 0.016653449643140365 0.0332409972299169
0 0.8461538461538461 0.16274238227146814 0.01586042823156225 0.03462603878116344
0 0.8604282315622522 0.14681440443213298 0.01586042823156225 0.036011080332409975
0 0.8632038065027756 0.139196675900277 0.016653449643140365 0.03185595567867036
0 0.8215701823949246 0.2126038781163435 0.017446471054718478 0.03185595567867036
0 0.8140364789849326 0.2458448753462604 0.019825535289452814 0.04847645429362881
0 0.7632831086439333 0.30817174515235457 0.02775574940523394 0.05955678670360111
0 0.8005551149881047 0.3940443213296399 0.035685963521015066 0.07617728531855955
0 0.8477398889770024 0.4265927977839335 0.045995241871530534 0.07756232686980609
0 0.8275178429817605 0.31024930747922436 0.02775574940523394 0.06371191135734072
0 0.8616177636796194 0.24861495844875348 0.022997620935765267 0.05124653739612189
0 0.8739095955590801 0.21329639889196675 0.022204599524187154 0.0443213296398892
0 0.8842188739095955 0.18698060941828254 0.0190325138778747 0.038781163434903045
0 0.8965107057890563 0.13573407202216067 0.01506740681998414 0.030470914127423823
0 0.9250594766058684 0.15166204986149584 0.016653449643140365 0.037396121883656507
0 0.9032513877874703 0.22091412742382271 0.017446471054718478 0.04016620498614958
0 0.9203013481363996 0.21537396121883656 0.016653449643140365 0.04293628808864266
0 0.8992862807295797 0.34210526315789475 0.02696272799365583 0.0664819944598338
0 0.9183187946074544 0.29986149584487537 0.028548770816812053 0.05955678670360111