0 0.054437869822485205 0.2531779661016949 0.01893491124260355 0.036016949152542374
0 0.07692307692307693 0.23622881355932204 0.016568047337278107 0.02754237288135593
0 0.16153846153846155 0.3029661016949153 0.036686390532544376 0.08898305084745763
0 0.16568047337278108 0.4480932203389831 0.0378698224852071 0.08686440677966102
0 0.3319526627218935 0.15254237288135594 0.020118343195266272 0.029661016949152543
0 0.5272189349112426 0.149364406779661 0.022485207100591716 0.048728813559322036
0 0.46153846153846156 0.1716101694915254 0.021301775147928994 0.038135593220338986
0 0.6278106508875739 0.19915254237288135 0.02485207100591716 0.05508474576271186
0 0.563905325443787 0.057203389830508475 0.01301775147928994 0.025423728813559324
0 0.5911242603550296 0.05826271186440678 0.01301775147928994 0.02754237288135593
0 0.6118343195266273 0.0614406779661017 0.016568047337278107 0.025423728813559324
0 0.7408284023668639 0.07415254237288135 0.014201183431952662 0.03389830508474576
0 0.7970414201183432 0.09427966101694915 0.015384615384615385 0.036016949152542374
0 0.9059171597633137 0.1663135593220339 0.01301775147928994 0.03177966101694915
0 0.9372781065088758 0.1885593220338983 0.011834319526627219 0.029661016949152543
0 0.9266272189349113 0.23622881355932204 0.01893491124260355 0.036016949152542374
0 0.9289940828402367 0.1705508474576271 0.007100591715976331 0.023305084745762712