0 0.03221757322175732 0.4167862266857963 0.027615062761506277 0.05021520803443329
0 0.24309623430962343 0.34074605451936874 0.019246861924686193 0.04160688665710186
0 0.26820083682008367 0.3593974175035868 0.024267782426778243 0.05021520803443329
0 0.299581589958159 0.37087517934002867 0.021757322175732216 0.04447632711621234
0 0.29665271966527196 0.31420373027259685 0.022594142259414227 0.043041606886657105
0 0.3489539748953975 0.366571018651363 0.02510460251046025 0.05308464849354376
0 0.3916317991631799 0.35294117647058826 0.018410041841004185 0.03443328550932568
0 0.38493723849372385 0.32711621233859395 0.018410041841004185 0.028694404591104734
0 0.3677824267782427 0.2998565279770445 0.015899581589958158 0.028694404591104734
0 0.400836820083682 0.2618364418938307 0.013389121338912133 0.03012912482065997
0 0.4146443514644351 0.281922525107604 0.014225941422594143 0.027259684361549498
0 0.4217573221757322 0.3012912482065997 0.016736401673640166 0.03156384505021521
0 0.4213389121338912 0.3472022955523673 0.024267782426778243 0.040172166427546625
0 0.4682008368200837 0.3450502152080344 0.024267782426778243 0.04160688665710186
0 0.45523012552301256 0.3098995695839311 0.018410041841004185 0.03730272596843615
0 0.44225941422594145 0.28766140602582496 0.015899581589958158 0.03299856527977044
0 0.4376569037656904 0.26255380200860834 0.013389121338912133 0.02295552367288379
0 0.47280334728033474 0.24964131994261118 0.013389121338912133 0.028694404591104734
0 0.48326359832635984 0.23888091822094693 0.012552301255230125 0.027259684361549498
0 0.48535564853556484 0.3084648493543759 0.016736401673640166 0.028694404591104734
0 0.4866108786610879 0.27618364418938307 0.017573221757322177 0.03012912482065997
0 0.5150627615062762 0.2682926829268293 0.017573221757322177 0.03730272596843615
0 0.5288702928870292 0.28407460545193686 0.016736401673640166 0.040172166427546625
0 0.5313807531380753 0.25107604017216645 0.013389121338912133 0.03443328550932568
0 0.5510460251046025 0.2632711621233859 0.015899581589958158 0.03299856527977044
0 0.5778242677824268 0.29124820659971307 0.017573221757322177 0.03730272596843615
0 0.5815899581589958 0.27116212338593976 0.013389121338912133 0.028694404591104734
0 0.5874476987447699 0.2467718794835007 0.011715481171548118 0.02582496413199426
0 0.5665271966527197 0.23314203730272598 0.016736401673640166 0.035868005738880916
0 0.5866108786610879 0.2259684361549498 0.01506276150627615 0.03012912482065997
0 0.6200836820083682 0.2266857962697274 0.013389121338912133 0.028694404591104734
0 0.6280334728033473 0.20875179340028693 0.012552301255230125 0.027259684361549498
0 0.6225941422594142 0.25251076040172166 0.013389121338912133 0.028694404591104734
0 0.6439330543933054 0.22022955523672882 0.014225941422594143 0.027259684361549498
0 0.6564853556485356 0.23242467718794835 0.014225941422594143 0.03156384505021521
0 0.6610878661087866 0.24892395982783358 0.016736401673640166 0.03299856527977044
0 0.5322175732217573 0.32209469153515063 0.0200836820083682 0.03873744619799139
0 0.5163179916317991 0.40028694404591103 0.031799163179916316 0.06025824964131994
0 0.5573221757322175 0.37302725968436157 0.028451882845188285 0.05738880918220947
0 0.5615062761506276 0.4096126255380201 0.035146443514644354 0.05595408895265423
0 0.6125523012552301 0.3321377331420373 0.023430962343096235 0.047345767575322814
0 0.6292887029288703 0.3794835007173601 0.023430962343096235 0.047345767575322814
0 0.6276150627615062 0.43615494978479197 0.035146443514644354 0.05738880918220947
0 0.6866108786610878 0.45480631276901007 0.03430962343096234 0.06886657101865136
0 0.6774058577405858 0.37374461979913914 0.029288702928870293 0.058823529411764705
0 0.6648535564853556 0.34218077474892394 0.022594142259414227 0.047345767575322814
0 0.6518828451882845 0.30703012912482064 0.0200836820083682 0.04591104734576758
0 0.6912133891213389 0.2769010043041607 0.018410041841004185 0.03730272596843615
0 0.6711297071129707 0.242467718794835 0.01506276150627615 0.02582496413199426
0 0.6765690376569038 0.22453371592539456 0.010878661087866108 0.018651362984218076
0 0.6882845188284519 0.23242467718794835 0.012552301255230125 0.02582496413199426
0 0.703765690376569 0.23601147776183645 0.013389121338912133 0.027259684361549498
0 0.7225941422594142 0.25538020086083213 0.015899581589958158 0.028694404591104734
0 0.7410041841004185 0.29411764705882354 0.019246861924686193 0.03730272596843615
0 0.697907949790795 0.32926829268292684 0.021757322175732216 0.04447632711621234
0 0.7564853556485356 0.25107604017216645 0.011715481171548118 0.028694404591104734
0 0.7606694560669456 0.2266857962697274 0.01506276150627615 0.03156384505021521
0 0.7656903765690377 0.27403156384505023 0.016736401673640166 0.03156384505021521
0 0.7836820083682008 0.28622668579626975 0.017573221757322177 0.035868005738880916
0 0.801673640167364 0.23529411764705882 0.01506276150627615 0.028694404591104734
0 0.8309623430962343 0.251793400286944 0.016736401673640166 0.035868005738880916
0 0.7941422594142259 0.2697274031563845 0.01506276150627615 0.03156384505021521
0 0.7807531380753138 0.25609756097560976 0.01506276150627615 0.03012912482065997
0 0.7359832635983263 0.5121951219512195 0.042677824267782424 0.08321377331420372
0 0.7589958158995815 0.406025824964132 0.028451882845188285 0.05738880918220947
0 0.7083682008368201 0.3601147776183644 0.022594142259414227 0.04591104734576758
0 0.80836820083682 0.4067431850789096 0.0301255230125523 0.06169296987087518
0 0.8280334728033473 0.3787661406025825 0.022594142259414227 0.05164992826398852
0 0.8334728033472804 0.30631276901004306 0.018410041841004185 0.035868005738880916
0 0.8305439330543933 0.3464849354375897 0.02092050209205021 0.03873744619799139
0 0.8640167364016736 0.460545193687231 0.027615062761506277 0.06312769010043041
0 0.8569037656903765 0.5466284074605452 0.038493723849372385 0.07173601147776183
0 0.8774058577405858 0.4167862266857963 0.024267782426778243 0.047345767575322814
0 0.897489539748954 0.3601147776183644 0.02594142259414226 0.05164992826398852
0 0.8920502092050209 0.32281205164992827 0.021757322175732216 0.043041606886657105
0 0.8652719665271966 0.312051649928264 0.0200836820083682 0.035868005738880916
0 0.8765690376569037 0.29124820659971307 0.014225941422594143 0.03443328550932568
0 0.8799163179916318 0.26901004304160686 0.017573221757322177 0.03012912482065997
0 0.8631799163179916 0.2654232424677188 0.019246861924686193 0.040172166427546625
0 0.8903765690376569 0.251793400286944 0.016736401673640166 0.04447632711621234
0 0.9146443514644351 0.29483500717360117 0.016736401673640166 0.03873744619799139
0 0.9472803347280335 0.35796269727403157 0.0200836820083682 0.04160688665710186
0 0.9376569037656903 0.3988522238163558 0.022594142259414227 0.05164992826398852
0 0.9330543933054394 0.46269727403156385 0.031799163179916316 0.06743185078909612
0 0.9456066945606695 0.3242467718794835 0.0200836820083682 0.03443328550932568
0 0.9535564853556485 0.3127690100430416 0.017573221757322177 0.03730272596843615
0 0.9552301255230126 0.2855093256814921 0.019246861924686193 0.040172166427546625