0 0.125 0.5689368770764119 0.06060606060606061 0.11794019933554817
0 0.2727272727272727 0.2558139534883721 0.013257575757575758 0.029900332225913623
0 0.28551136363636365 0.24833887043189368 0.016098484848484848 0.02823920265780731
0 0.29450757575757575 0.2840531561461794 0.020833333333333332 0.03322259136212625
0 0.3778409090909091 0.27740863787375414 0.017045454545454544 0.03322259136212625
0 0.3631628787878788 0.2632890365448505 0.01231060606060606 0.018272425249169437
0 0.3489583333333333 0.23172757475083056 0.016098484848484848 0.02823920265780731
0 0.3740530303030303 0.23588039867109634 0.017045454545454544 0.026578073089700997
0 0.3835227272727273 0.18272425249169436 0.013257575757575758 0.026578073089700997
0 0.39678030303030304 0.19102990033222592 0.011363636363636364 0.026578073089700997
0 0.4228219696969697 0.17691029900332225 0.01231060606060606 0.02823920265780731
0 0.4228219696969697 0.1511627906976744 0.014204545454545454 0.026578073089700997
0 0.45359848484848486 0.1818936877076412 0.013257575757575758 0.024916943521594685
0 0.4493371212121212 0.15780730897009967 0.010416666666666666 0.019933554817275746
0 0.4696969696969697 0.18853820598006646 0.013257575757575758 0.03156146179401993
0 0.45928030303030304 0.23255813953488372 0.01893939393939394 0.036544850498338874
0 0.48200757575757575 0.22425249169435216 0.017045454545454544 0.03322259136212625
0 0.5004734848484849 0.19352159468438537 0.014204545454545454 0.03488372093023256
0 0.5293560606060606 0.20431893687707642 0.01893939393939394 0.03322259136212625
0 0.5146780303030303 0.17026578073089702 0.014204545454545454 0.024916943521594685
0 0.4796401515151515 0.15033222591362128 0.01231060606060606 0.02159468438538206
0 0.4753787878787879 0.13122923588039867 0.011363636363636364 0.019933554817275746
0 0.5123106060606061 0.1287375415282392 0.00946969696969697 0.02159468438538206
0 0.5298295454545454 0.1362126245847176 0.010416666666666666 0.023255813953488372
0 0.5487689393939394 0.11960132890365449 0.014204545454545454 0.026578073089700997
0 0.5591856060606061 0.10215946843853821 0.014204545454545454 0.024916943521594685
0 0.5800189393939394 0.15199335548172757 0.01231060606060606 0.024916943521594685
0 0.5591856060606061 0.17275747508305647 0.016098484848484848 0.023255813953488372
0 0.5653409090909091 0.1303986710963455 0.011363636363636364 0.024916943521594685
0 0.5890151515151515 0.1004983388704319 0.00946969696969697 0.018272425249169437
0 0.6055871212121212 0.10631229235880399 0.01231060606060606 0.019933554817275746
0 0.5951704545454546 0.17358803986710963 0.014204545454545454 0.02823920265780731
0 0.6178977272727273 0.15863787375415284 0.01231060606060606 0.024916943521594685
0 0.6278409090909091 0.12375415282392027 0.011363636363636364 0.024916943521594685
0 0.6235795454545454 0.09385382059800665 0.008522727272727272 0.018272425249169437
0 0.6548295454545454 0.13205980066445183 0.010416666666666666 0.024916943521594685
0 0.6605113636363636 0.11378737541528239 0.010416666666666666 0.014950166112956811
0 0.6605113636363636 0.09551495016611296 0.008522727272727272 0.018272425249169437
0 0.6832386363636364 0.09966777408637874 0.01231060606060606 0.023255813953488372
0 0.7069128787878788 0.11212624584717608 0.014204545454545454 0.02823920265780731
0 0.5004734848484849 0.2956810631229236 0.021780303030303032 0.046511627906976744
0 0.5478219696969697 0.3230897009966777 0.019886363636363636 0.04152823920265781
0 0.5809659090909091 0.24335548172757476 0.019886363636363636 0.03488372093023256
0 0.6302083333333334 0.2441860465116279 0.021780303030303032 0.04318936877076412
0 0.6396780303030303 0.19767441860465115 0.019886363636363636 0.036544850498338874
0 0.6600378787878788 0.1644518272425249 0.015151515151515152 0.029900332225913623
0 0.6747159090909091 0.2084717607973422 0.021780303030303032 0.03488372093023256
0 0.6387310606060606 0.31561461794019935 0.02556818181818182 0.04983388704318937
0 0.7045454545454546 0.3073089700996678 0.026515151515151516 0.053156146179401995
0 0.7514204545454546 0.3803986710963455 0.027462121212121212 0.06312292358803986
0 0.821969696969697 0.40946843853820597 0.030303030303030304 0.06478405315614617
0 0.9076704545454546 0.4127906976744186 0.03125 0.07142857142857142
0 0.9242424242424242 0.3064784053156146 0.02462121212121212 0.05149501661129568
0 0.8546401515151515 0.2931893687707641 0.023674242424242424 0.04817275747508306
0 0.8205492424242424 0.24086378737541528 0.019886363636363636 0.036544850498338874
0 0.7679924242424242 0.2549833887043189 0.02462121212121212 0.04817275747508306
0 0.7755681818181818 0.223421926910299 0.026515151515151516 0.03156146179401993
0 0.7836174242424242 0.18272425249169436 0.017992424242424244 0.029900332225913623
0 0.7381628787878788 0.25249169435215946 0.019886363636363636 0.053156146179401995
0 0.7111742424242424 0.24086378737541528 0.026515151515151516 0.03986710963455149
0 0.7073863636363636 0.1461794019933555 0.015151515151515152 0.029900332225913623
0 0.7182765151515151 0.18023255813953487 0.016098484848484848 0.03156146179401993
0 0.7419507575757576 0.19933554817275748 0.017992424242424244 0.036544850498338874
0 0.7357954545454546 0.16611295681063123 0.013257575757575758 0.026578073089700997
0 0.75 0.14285714285714285 0.015151515151515152 0.036544850498338874
0 0.7556818181818182 0.11129568106312292 0.013257575757575758 0.029900332225913623
0 0.7713068181818182 0.1303986710963455 0.014204545454545454 0.03488372093023256
0 0.7892992424242424 0.1303986710963455 0.014204545454545454 0.03156146179401993
0 0.8248106060606061 0.1403654485049834 0.015151515151515152 0.03820598006644518
0 0.8432765151515151 0.1345514950166113 0.010416666666666666 0.029900332225913623
0 0.8745265151515151 0.16196013289036545 0.014204545454545454 0.03156146179401993
0 0.8787878787878788 0.14451827242524917 0.011363636363636364 0.023255813953488372
0 0.8650568181818182 0.11794019933554817 0.01231060606060606 0.026578073089700997
0 0.8830492424242424 0.11378737541528239 0.01231060606060606 0.024916943521594685
0 0.8465909090909091 0.2084717607973422 0.017045454545454544 0.044850498338870434
0 0.8982007575757576 0.20182724252491693 0.016098484848484848 0.03488372093023256
0 0.8948863636363636 0.260797342192691 0.01893939393939394 0.04983388704318937
0 0.9270833333333334 0.2632890365448505 0.017045454545454544 0.03820598006644518
0 0.9460227272727273 0.2441860465116279 0.020833333333333332 0.04318936877076412
0 0.9379734848484849 0.2101328903654485 0.016098484848484848 0.03820598006644518
0 0.946969696969697 0.1536544850498339 0.011363636363636364 0.024916943521594685
0 0.9142992424242424 0.1303986710963455 0.01231060606060606 0.024916943521594685
0 0.9034090909090909 0.1669435215946844 0.017045454545454544 0.02823920265780731
0 0.9119318181818182 0.16362126245847175 0.011363636363636364 0.02823920265780731