0 0.3289920724801812 0.1454183266932271 0.021517553793884484 0.0398406374501992
0 0.3856172140430351 0.12151394422310757 0.01698754246885617 0.027888446215139442
0 0.41562853907134767 0.21713147410358566 0.01812004530011325 0.035856573705179286
0 0.4507361268403171 0.23207171314741035 0.020385050962627407 0.037848605577689244
0 0.5498301245753114 0.17231075697211157 0.01698754246885617 0.029880478087649404
0 0.5622876557191393 0.18426294820717132 0.01698754246885617 0.04183266932270916
0 0.6183465458663646 0.13645418326693226 0.013590033975084938 0.029880478087649404
0 0.6359003397508494 0.12350597609561753 0.01698754246885617 0.03187250996015936
0 0.6721404303510758 0.16832669322709162 0.014722536806342015 0.029880478087649404
0 0.6795016987542469 0.2241035856573705 0.020385050962627407 0.045816733067729085
0 0.630237825594564 0.21812749003984064 0.01925254813137033 0.04183266932270916
0 0.6234428086070215 0.2699203187250996 0.02378255945639864 0.049800796812749
0 0.6874292185730464 0.29780876494023906 0.027180067950169876 0.049800796812749
0 0.6296715741789355 0.3157370517928287 0.02944507361268403 0.05776892430278884
0 0.9377123442808607 0.23904382470119523 0.020385050962627407 0.04780876494023904