0 0.19415983606557377 0.235239852398524 0.0194672131147541 0.046125461254612546
0 0.4113729508196721 0.2158671586715867 0.02151639344262295 0.04059040590405904
0 0.6285860655737705 0.13468634686346864 0.015368852459016393 0.033210332103321034
0 0.6485655737704918 0.13745387453874539 0.01639344262295082 0.03136531365313653
0 0.6521516393442623 0.12177121771217712 0.01331967213114754 0.02952029520295203
0 0.7556352459016393 0.13745387453874539 0.01331967213114754 0.03505535055350553
0 0.7720286885245902 0.14575645756457564 0.015368852459016393 0.033210332103321034
0 0.8965163934426229 0.22140221402214022 0.01639344262295082 0.03690036900369004
0 0.8288934426229508 0.25092250922509224 0.02459016393442623 0.055350553505535055
0 0.8929303278688525 0.2481549815498155 0.0194672131147541 0.042435424354243544
0 0.9241803278688525 0.25092250922509224 0.020491803278688523 0.04797047970479705