0 0.07545164718384698 0.27281368821292773 0.023379383634431455 0.051330798479087454
0 0.27577045696068014 0.217680608365019 0.015940488841657812 0.03612167300380228
0 0.30924548352816156 0.21673003802281368 0.01700318809776833 0.034220532319391636
0 0.3257173219978746 0.17870722433460076 0.015940488841657812 0.03802281368821293
0 0.3283740701381509 0.22053231939163498 0.01700318809776833 0.034220532319391636
0 0.3485653560042508 0.18916349809885932 0.01700318809776833 0.028517110266159697
0 0.346971307120085 0.22053231939163498 0.018065887353878853 0.03802281368821293
0 0.3708820403825717 0.19011406844106463 0.01487778958554729 0.030418250950570342
0 0.3687566418703507 0.23288973384030418 0.019128586609989374 0.039923954372623575
0 0.3767268862911796 0.16254752851711027 0.01381509032943677 0.024714828897338403
0 0.39107332624867164 0.19296577946768062 0.01700318809776833 0.03612167300380228
0 0.39744952178533477 0.16254752851711027 0.01487778958554729 0.039923954372623575
0 0.41923485653560044 0.1482889733840304 0.01381509032943677 0.026615969581749048
0 0.43783209351753455 0.15684410646387834 0.012752391073326248 0.028517110266159697
0 0.4155154091392136 0.19106463878326996 0.01700318809776833 0.03231939163498099
0 0.40063761955366634 0.2300380228136882 0.019128586609989374 0.04182509505703422
0 0.43730074388947926 0.24334600760456274 0.020191285866099893 0.04182509505703422
0 0.44261424017003187 0.18726235741444866 0.015940488841657812 0.03231939163498099
0 0.45536663124335813 0.2005703422053232 0.018065887353878853 0.043726235741444866
0 0.47768331562167904 0.1435361216730038 0.011689691817215728 0.03231939163498099
0 0.48352816153028694 0.13022813688212928 0.012752391073326248 0.024714828897338403
0 0.4893730074388948 0.15019011406844107 0.011689691817215728 0.030418250950570342
0 0.49681190223166843 0.12357414448669202 0.011689691817215728 0.030418250950570342
0 0.5047821466524973 0.14258555133079848 0.01487778958554729 0.034220532319391636
0 0.4962805526036132 0.17395437262357413 0.01487778958554729 0.03612167300380228
0 0.5207226354941552 0.16920152091254753 0.01487778958554729 0.030418250950570342
0 0.5159404888416578 0.12547528517110265 0.01381509032943677 0.022813688212927757
0 0.5324123273113709 0.15019011406844107 0.01487778958554729 0.030418250950570342
0 0.5456960680127524 0.11311787072243346 0.01381509032943677 0.028517110266159697
0 0.5456960680127524 0.12927756653992395 0.01381509032943677 0.030418250950570342
0 0.5589798087141339 0.15019011406844107 0.01700318809776833 0.030418250950570342
0 0.5536663124335813 0.1806083650190114 0.01700318809776833 0.03802281368821293
0 0.5696068012752391 0.1311787072243346 0.01487778958554729 0.030418250950570342
0 0.5913921360255048 0.14543726235741444 0.01381509032943677 0.028517110266159697
0 0.6004250797024442 0.15304182509505704 0.012752391073326248 0.03231939163498099
0 0.5871413390010627 0.13022813688212928 0.015940488841657812 0.024714828897338403
0 0.6004250797024442 0.11596958174904944 0.008501594048884165 0.022813688212927757
0 0.6083953241232731 0.11977186311787072 0.01381509032943677 0.034220532319391636
0 0.6184909670563231 0.12357414448669202 0.012752391073326248 0.030418250950570342
0 0.6349628055260361 0.11026615969581749 0.011689691817215728 0.026615969581749048
0 0.6514346439957492 0.10266159695817491 0.008501594048884165 0.022813688212927757
0 0.6599362380446334 0.11406844106463879 0.012752391073326248 0.030418250950570342
0 0.6790648246546227 0.10361216730038023 0.012752391073326248 0.028517110266159697
0 0.7008501594048884 0.10551330798479087 0.01381509032943677 0.028517110266159697
0 0.675345377258236 0.12737642585551331 0.01381509032943677 0.030418250950570342
0 0.6365568544102019 0.1482889733840304 0.01487778958554729 0.030418250950570342
0 0.7550478214665249 0.12737642585551331 0.01381509032943677 0.034220532319391636
0 0.7763018065887354 0.12262357414448669 0.011689691817215728 0.017110266159695818
0 0.7821466524973433 0.13498098859315588 0.012752391073326248 0.022813688212927757
0 0.7986184909670563 0.1311787072243346 0.01381509032943677 0.022813688212927757
0 0.8188097768331563 0.1397338403041825 0.011689691817215728 0.028517110266159697
0 0.8342189160467588 0.15114068441064638 0.01487778958554729 0.028517110266159697
0 0.8490967056323061 0.1473384030418251 0.010626992561105207 0.024714828897338403
0 0.8687566418703507 0.16064638783269963 0.01381509032943677 0.03612167300380228
0 0.9054197662061636 0.14258555133079848 0.012752391073326248 0.034220532319391636
0 0.9410201912858661 0.18346007604562736 0.01381509032943677 0.024714828897338403
0 0.9420828905419766 0.23479087452471484 0.015940488841657812 0.03612167300380228
0 0.9176408076514346 0.25380228136882127 0.018065887353878853 0.039923954372623575
0 0.9086078639744952 0.3127376425855513 0.025504782146652496 0.06273764258555133
0 0.8825717321997875 0.22433460076045628 0.018065887353878853 0.045627376425855515
0 0.8931987247608927 0.19961977186311788 0.015940488841657812 0.04182509505703422
0 0.8251859723698194 0.1682509505703422 0.01381509032943677 0.03612167300380228
0 0.7895855472901169 0.16159695817490494 0.012752391073326248 0.026615969581749048
0 0.7290116896918172 0.14068441064638784 0.01487778958554729 0.030418250950570342
0 0.7316684378320936 0.16634980988593157 0.015940488841657812 0.03612167300380228
0 0.7125398512221042 0.18250950570342206 0.015940488841657812 0.04182509505703422
0 0.6599362380446334 0.17775665399239543 0.01487778958554729 0.03612167300380228
0 0.6174282678002125 0.2005703422053232 0.019128586609989374 0.043726235741444866
0 0.5871413390010627 0.22338403041825095 0.018065887353878853 0.039923954372623575
0 0.6354941551540914 0.24714828897338403 0.02763018065887354 0.049429657794676805
0 0.6769394261424017 0.217680608365019 0.01700318809776833 0.039923954372623575
0 0.6854410201912858 0.25380228136882127 0.021253985122210415 0.04752851711026616
0 0.6907545164718385 0.30798479087452474 0.031880977683315624 0.06463878326996197
0 0.7438894792773645 0.37927756653992395 0.031880977683315624 0.06273764258555133
0 0.7890541976620616 0.2870722433460076 0.022316684378320937 0.057034220532319393
0 0.7656748140276302 0.23954372623574144 0.020191285866099893 0.049429657794676805
0 0.7284803400637619 0.2300380228136882 0.020191285866099893 0.045627376425855515
0 0.7497343251859724 0.19106463878326996 0.015940488841657812 0.03612167300380228
0 0.793836344314559 0.19866920152091255 0.019128586609989374 0.03612167300380228
0 0.8161530286928799 0.1967680608365019 0.01700318809776833 0.028517110266159697
0 0.8358129649309245 0.21197718631178708 0.018065887353878853 0.039923954372623575
0 0.8496280552603613 0.21007604562737642 0.01381509032943677 0.03231939163498099
0 0.8618490967056323 0.17680608365019013 0.01487778958554729 0.03802281368821293
0 0.8230605738575983 0.2576045627376426 0.022316684378320937 0.051330798479087454