0 0.1628242074927954 0.4864406779661017 0.04899135446685879 0.1016949152542373
0 0.3573487031700288 0.20084745762711864 0.01921229586935639 0.03898305084745763
0 0.39817483189241115 0.2135593220338983 0.01825168107588857 0.03389830508474576
0 0.356388088376561 0.23220338983050848 0.01729106628242075 0.03389830508474576
0 0.3866474543707973 0.2711864406779661 0.024015369836695485 0.04067796610169491
0 0.4562920268972142 0.2245762711864407 0.021133525456292025 0.0423728813559322
0 0.41354466858789624 0.16101694915254236 0.020172910662824207 0.03389830508474576
0 0.4846301633045149 0.13983050847457626 0.01633045148895293 0.03559322033898305
0 0.5076849183477425 0.12796610169491526 0.01440922190201729 0.0288135593220339
0 0.5312199807877042 0.1228813559322034 0.013448607108549471 0.0288135593220339
0 0.5629202689721422 0.1288135593220339 0.013448607108549471 0.030508474576271188
0 0.5802113352545629 0.12203389830508475 0.011527377521613832 0.03389830508474576
0 0.5590778097982709 0.17966101694915254 0.01921229586935639 0.03389830508474576
0 0.47406340057636887 0.3389830508474576 0.03170028818443804 0.0576271186440678
0 0.5206532180595581 0.32457627118644067 0.024975984630163303 0.05254237288135593
0 0.6138328530259366 0.2483050847457627 0.026897214217098942 0.06610169491525424
0 0.6503362151777138 0.21864406779661016 0.023054755043227664 0.0576271186440678
0 0.6974063400576369 0.26101694915254237 0.03266090297790586 0.07457627118644068
0 0.6695485110470701 0.3593220338983051 0.0345821325648415 0.0711864406779661
0 0.7790585975024016 0.2711864406779661 0.03266090297790586 0.06779661016949153
0 0.8573487031700289 0.1288135593220339 0.01633045148895293 0.030508474576271188
0 0.8237271853986552 0.29915254237288136 0.03170028818443804 0.06610169491525424
0 0.8981748318924111 0.3008474576271186 0.02881844380403458 0.06271186440677966
0 0.8928914505283382 0.08305084745762711 0.01825168107588857 0.04067796610169491
0 0.9197886647454371 0.15423728813559323 0.012487992315081652 0.03389830508474576