0 0.21382488479262673 0.3517298187808896 0.0423963133640553 0.08401976935749589
0 0.27788018433179723 0.2644151565074135 0.01935483870967742 0.03459637561779242
0 0.328110599078341 0.2825370675453048 0.020276497695852536 0.03789126853377265
0 0.3387096774193548 0.25617792421746294 0.013824884792626729 0.03789126853377265
0 0.41935483870967744 0.2841845140032949 0.023963133640552997 0.03789126853377265
0 0.36036866359447006 0.21499176276771004 0.016589861751152075 0.03459637561779242
0 0.37557603686635943 0.22405271828665568 0.013824884792626729 0.032948929159802305
0 0.3792626728110599 0.200164744645799 0.01566820276497696 0.03130148270181219
0 0.41566820276497696 0.2215815485996705 0.014746543778801843 0.03130148270181219
0 0.43640552995391707 0.23064250411861614 0.017511520737327188 0.029654036243822075
0 0.45806451612903226 0.21911037891268534 0.011059907834101382 0.029654036243822075
0 0.46175115207373274 0.19439868204283361 0.018433179723502304 0.029654036243822075
0 0.43410138248847924 0.19110378912685339 0.014746543778801843 0.029654036243822075
0 0.41797235023041474 0.1812191103789127 0.01566820276497696 0.026359143327841845
0 0.4488479262672811 0.1672158154859967 0.012903225806451613 0.02800658978583196
0 0.43870967741935485 0.1630971993410214 0.011059907834101382 0.026359143327841845
0 0.4663594470046083 0.1655683690280066 0.014746543778801843 0.03130148270181219
0 0.48341013824884793 0.17380560131795716 0.013824884792626729 0.03130148270181219
0 0.4788018433179724 0.1326194398682043 0.010138248847926268 0.02471169686985173
0 0.504147465437788 0.1457990115321252 0.012903225806451613 0.02800658978583196
0 0.5235023041474655 0.20840197693574958 0.016589861751152075 0.02471169686985173
0 0.5364055299539171 0.1672158154859967 0.012903225806451613 0.02800658978583196
0 0.5612903225806452 0.16639209225700163 0.014746543778801843 0.032948929159802305
0 0.5258064516129032 0.13756177924217464 0.013824884792626729 0.02471169686985173
0 0.5497695852534562 0.12520593080724876 0.011981566820276499 0.026359143327841845
0 0.5824884792626728 0.11120263591433278 0.012903225806451613 0.0214168039538715
0 0.603225806451613 0.12108731466227347 0.013824884792626729 0.0214168039538715
0 0.6783410138248848 0.10626029654036244 0.012903225806451613 0.02800658978583196
0 0.47419354838709676 0.3261943986820428 0.02488479262672811 0.042833607907743
0 0.5419354838709678 0.31054365733113676 0.023963133640552997 0.051070840197693576
0 0.5608294930875576 0.2545304777594728 0.01935483870967742 0.04118616144975288
0 0.5995391705069124 0.2553542009884679 0.02119815668202765 0.039538714991762765
0 0.6101382488479262 0.21087314662273476 0.023963133640552997 0.042833607907743
0 0.6585253456221198 0.20510708401976935 0.017511520737327188 0.04118616144975288
0 0.6737327188940092 0.31960461285008235 0.027649769585253458 0.05930807248764415
0 0.5889400921658986 0.34514003294892914 0.023963133640552997 0.047775947281713346
0 0.7023041474654378 0.20922570016474465 0.018433179723502304 0.036243822075782535
0 0.7036866359447005 0.2825370675453048 0.02488479262672811 0.057660626029654036
0 0.6691244239631337 0.16474464579901152 0.016589861751152075 0.029654036243822075
0 0.6990783410138249 0.14662273476112025 0.017511520737327188 0.029654036243822075
0 0.6930875576036867 0.18533772652388797 0.014746543778801843 0.03459637561779242
0 0.7433179723502304 0.1927512355848435 0.017511520737327188 0.039538714991762765
0 0.7304147465437788 0.1655683690280066 0.011981566820276499 0.02471169686985173
0 0.7410138248847926 0.1515650741350906 0.011059907834101382 0.026359143327841845
0 0.7258064516129032 0.13097199341021418 0.010138248847926268 0.02471169686985173
0 0.7428571428571429 0.10626029654036244 0.012903225806451613 0.02800658978583196
0 0.7576036866359447 0.13344316309719934 0.012903225806451613 0.032948929159802305
0 0.7889400921658987 0.14085667215815487 0.014746543778801843 0.03130148270181219
0 0.8004608294930876 0.13179571663920922 0.011981566820276499 0.026359143327841845
0 0.7903225806451613 0.1886326194398682 0.017511520737327188 0.03789126853377265
0 0.7631336405529954 0.3163097199341021 0.025806451612903226 0.05271828665568369
0 0.8092165898617512 0.1655683690280066 0.012903225806451613 0.03130148270181219
0 0.8373271889400922 0.18369028006589785 0.013824884792626729 0.03130148270181219
0 0.8626728110599078 0.22817133443163098 0.022119815668202765 0.051070840197693576
0 0.9129032258064517 0.2784184514003295 0.02304147465437788 0.05930807248764415
0 0.9087557603686636 0.18533772652388797 0.016589861751152075 0.03459637561779242
0 0.8829493087557604 0.14909390444810544 0.012903225806451613 0.02800658978583196
0 0.8944700460829493 0.13509060955518945 0.013824884792626729 0.029654036243822075
0 0.8617511520737328 0.13591433278418452 0.011059907834101382 0.02471169686985173
0 0.8539170506912442 0.15238879736408567 0.013824884792626729 0.02471169686985173
0 0.8248847926267281 0.14250411861614498 0.012903225806451613 0.02800658978583196
0 0.8373271889400922 0.14827018121911037 0.013824884792626729 0.029654036243822075
0 0.8290322580645161 0.07990115321252059 0.011981566820276499 0.03130148270181219