0 0.06976744186046512 0.5571895424836601 0.05934242181234964 0.11437908496732026
0 0.2550120288692863 0.2369281045751634 0.024057738572574178 0.05555555555555555
0 0.5982357658380112 0.11519607843137254 0.019246190858059342 0.03758169934640523
0 0.5797914995990376 0.12336601307189543 0.01764234161988773 0.04084967320261438
0 0.557738572574178 0.12418300653594772 0.02165196471531676 0.0457516339869281
0 0.5533279871692061 0.1454248366013072 0.01603849238171612 0.03594771241830065
0 0.5308740978348035 0.1454248366013072 0.01603849238171612 0.0457516339869281
0 0.49478748997594224 0.13316993464052287 0.01764234161988773 0.05065359477124183
0 0.442261427425822 0.1527777777777778 0.016840417000801924 0.04084967320261438
0 0.4578989574979952 0.14624183006535948 0.019246190858059342 0.03758169934640523
0 0.4759422614274258 0.15849673202614378 0.015236567762630313 0.042483660130718956
0 0.6315156375300722 0.11356209150326797 0.015236567762630313 0.05065359477124183
0 0.6495589414595028 0.125 0.01764234161988773 0.03758169934640523
0 0.37329591018444264 0.17401960784313725 0.015236567762630313 0.04084967320261438
0 0.3143544506816359 0.19362745098039216 0.01764234161988773 0.04084967320261438
0 0.30593424218123494 0.22875816993464052 0.016840417000801924 0.05228758169934641
0 0.33480352846832395 0.2173202614379085 0.024859663191659984 0.0457516339869281
0 0.3528468323977546 0.20261437908496732 0.01603849238171612 0.049019607843137254
0 0.39294306335204493 0.17647058823529413 0.01764234161988773 0.03594771241830065
0 0.4314354450681636 0.17892156862745098 0.01603849238171612 0.03758169934640523
0 0.36848436246992783 0.2540849673202614 0.016840417000801924 0.04738562091503268
0 0.40056134723336007 0.22058823529411764 0.015236567762630313 0.03594771241830065
0 0.5012028869286287 0.1895424836601307 0.019246190858059342 0.042483660130718956
0 0.47634322373696875 0.2222222222222222 0.019246190858059342 0.049019607843137254
0 0.5505212510024058 0.19281045751633988 0.016840417000801924 0.03594771241830065
0 0.5697674418604651 0.1919934640522876 0.016840417000801924 0.04411764705882353
0 0.694065757818765 0.12254901960784313 0.015236567762630313 0.032679738562091505
0 0.6856455493183641 0.1388888888888889 0.020850040096230954 0.05228758169934641
0 0.7137129109863672 0.14624183006535948 0.014434643143544507 0.03758169934640523
0 0.4366479550922213 0.2949346405228758 0.028067361668003207 0.06045751633986928
0 0.5545308740978349 0.3227124183006536 0.018444266238973536 0.05065359477124183
0 0.6146752205292703 0.1854575163398693 0.018444266238973536 0.04738562091503268
0 0.656776263031275 0.16911764705882354 0.012830793905372895 0.027777777777777776
0 0.7802726543704892 0.1576797385620915 0.014434643143544507 0.04084967320261438
0 0.7489975942261428 0.17892156862745098 0.014434643143544507 0.03758169934640523
0 0.7129109863672815 0.20179738562091504 0.01764234161988773 0.04738562091503268
0 0.6595829991980754 0.24101307189542484 0.023255813953488372 0.05392156862745098
0 0.615878107457899 0.272875816993464 0.020850040096230954 0.05555555555555555
0 0.6082598235765838 0.3562091503267974 0.02165196471531676 0.05555555555555555
0 0.6595829991980754 0.3880718954248366 0.026463512429831595 0.05392156862745098
0 0.7225340817963112 0.3839869281045752 0.0272654370489174 0.06535947712418301
0 0.714514835605453 0.26633986928104575 0.0272654370489174 0.06209150326797386
0 0.8123496391339214 0.1781045751633987 0.01764234161988773 0.042483660130718956
0 0.781074578989575 0.20261437908496732 0.019246190858059342 0.03594771241830065
0 0.7445870088211708 0.22630718954248366 0.026463512429831595 0.04738562091503268
0 0.7361668003207699 0.19362745098039216 0.019246190858059342 0.04084967320261438
0 0.7646351242983159 0.27124183006535946 0.018444266238973536 0.042483660130718956
0 0.7882919005613472 0.2565359477124183 0.019246190858059342 0.0457516339869281
0 0.8283881315156375 0.20588235294117646 0.020850040096230954 0.0457516339869281
0 0.813953488372093 0.28022875816993464 0.019246190858059342 0.04738562091503268
0 0.8708901363271853 0.22058823529411764 0.012830793905372895 0.0392156862745098
0 0.9045709703287891 0.21650326797385622 0.012830793905372895 0.04411764705882353
0 0.8632718524458701 0.3243464052287582 0.020048115477145148 0.05718954248366013
0 0.9498797113071371 0.2246732026143791 0.012028869286287089 0.04084967320261438
0 0.9891740176423416 0.25 0.0136327185244587 0.042483660130718956
0 0.9218123496391339 0.30392156862745096 0.016840417000801924 0.058823529411764705
0 0.9550922213311949 0.352124183006536 0.020850040096230954 0.05065359477124183
0 0.9767441860465116 0.2826797385620915 0.01603849238171612 0.03594771241830065
0 0.9550922213311949 0.41911764705882354 0.01764234161988773 0.06045751633986928
0 0.8853247794707297 0.3758169934640523 0.024057738572574178 0.05555555555555555
0 0.8640737770649559 0.49754901960784315 0.02967121090617482 0.08660130718954248
0 0.7846832397754611 0.4223856209150327 0.028067361668003207 0.08006535947712418
0 0.900962309542903 0.2630718954248366 0.018444266238973536 0.0457516339869281
0 0.933841218925421 0.2565359477124183 0.018444266238973536 0.0457516339869281