0 0.2044790652385589 0.3258859784283513 0.042843232716650435 0.06933744221879815
0 0.2955209347614411 0.19491525423728814 0.012658227848101266 0.032357473035439135
0 0.31353456669912366 0.19953775038520802 0.01557935735150925 0.032357473035439135
0 0.3320350535540409 0.19645608628659475 0.01557935735150925 0.026194144838212634
0 0.35735150925024345 0.15716486902927582 0.011684518013631937 0.02157164869029276
0 0.35540408958130476 0.1810477657935285 0.017526777020447908 0.026194144838212634
0 0.3831548198636806 0.2041602465331279 0.016553067185978577 0.032357473035439135
0 0.38461538461538464 0.17565485362095531 0.01557935735150925 0.02773497688751926
0 0.4089581304771178 0.20724191063174113 0.017526777020447908 0.032357473035439135
0 0.4123661148977605 0.1694915254237288 0.016553067185978577 0.03389830508474576
0 0.42112950340798444 0.14791987673343607 0.014605647517039922 0.02773497688751926
0 0.4425511197663096 0.20184899845916796 0.02044790652385589 0.03697996918335902
0 0.43135345666991237 0.12172573189522343 0.011684518013631937 0.02773497688751926
0 0.45472249269717624 0.13174114021571648 0.011684518013631937 0.023112480739599383
0 0.48052580331061345 0.14637904468412943 0.014605647517039922 0.02773497688751926
0 0.4800389483933788 0.11325115562403698 0.009737098344693282 0.020030816640986132
0 0.4961051606621227 0.11864406779661017 0.010710808179162609 0.02157164869029276
0 0.501460564751704 0.1510015408320493 0.011684518013631937 0.02465331278890601
0 0.5107108081791626 0.1810477657935285 0.016553067185978577 0.032357473035439135
0 0.5258033106134372 0.11633281972265024 0.011684518013631937 0.023112480739599383
0 0.5321324245374879 0.15716486902927582 0.016553067185978577 0.030816640986132512
0 0.5516066212268744 0.10708782742681047 0.012658227848101266 0.023112480739599383
0 0.565238558909445 0.1332819722650231 0.016553067185978577 0.029275808936825885
0 0.5676728334956183 0.16101694915254236 0.017526777020447908 0.029275808936825885
0 0.5978578383641675 0.1386748844375963 0.01557935735150925 0.030816640986132512
0 0.5788704965920156 0.10708782742681047 0.010710808179162609 0.026194144838212634
0 0.5900681596884129 0.0970724191063174 0.009737098344693282 0.01848998459167951
0 0.6051606621226875 0.11248073959938366 0.012658227848101266 0.02465331278890601
0 0.621713729308666 0.09938366718027734 0.010710808179162609 0.026194144838212634
0 0.634858812074002 0.11093990755007704 0.013631937682570594 0.02465331278890601
0 0.7035053554040895 0.08859784283513097 0.010710808179162609 0.020030816640986132
0 0.6942551119766309 0.10785824345146379 0.011684518013631937 0.02773497688751926
0 0.7195715676728335 0.0901386748844376 0.009737098344693282 0.020030816640986132
0 0.49756572541382665 0.24268104776579352 0.023369036027263874 0.053929121725731895
0 0.5486854917234664 0.24961479198767333 0.024342745861733205 0.05546995377503852
0 0.5701071080817917 0.21494607087827428 0.02044790652385589 0.04468412942989214
0 0.6090555014605648 0.22573189522342066 0.024342745861733205 0.053929121725731895
0 0.6085686465433301 0.30431432973805855 0.02531645569620253 0.053929121725731895
0 0.6426484907497566 0.1926040061633282 0.017526777020447908 0.040061633281972264
0 0.6738072054527751 0.16563944530046226 0.017526777020447908 0.03543913713405239
0 0.6932814021421616 0.211864406779661 0.023369036027263874 0.04468412942989214
0 0.6893865628042843 0.26810477657935283 0.027263875365141188 0.04930662557781202
0 0.7195715676728335 0.20107858243451462 0.023369036027263874 0.03852080123266564
0 0.7400194741966893 0.2526964560862866 0.019474196689386564 0.04314329738058552
0 0.7229795520934762 0.15716486902927582 0.018500486854917234 0.03697996918335902
0 0.7487828627069133 0.14252696456086286 0.017526777020447908 0.029275808936825885
0 0.7648490749756572 0.12018489984591679 0.012658227848101266 0.02773497688751926
0 0.7818889970788705 0.13020030816640987 0.013631937682570594 0.023112480739599383
0 0.8047711781888998 0.13174114021571648 0.014605647517039922 0.03543913713405239
0 0.7658227848101266 0.20801232665639446 0.018500486854917234 0.04314329738058552
0 0.7979552093476144 0.19029275808936827 0.02044790652385589 0.03543913713405239
0 0.7901655306718598 0.26194144838212635 0.022395326192794548 0.05546995377503852
0 0.7585199610516066 0.3235747303543914 0.033106134371957155 0.05855161787365177
0 0.8242453748782863 0.2288135593220339 0.022395326192794548 0.04468412942989214
0 0.8427458617332035 0.26810477657935283 0.028237585199610515 0.046224961479198766
0 0.8403115871470301 0.3151001540832049 0.033106134371957155 0.05701078582434515
0 0.8763388510223953 0.2349768875192604 0.021421616358325218 0.04468412942989214
0 0.8948393378773125 0.19953775038520802 0.017526777020447908 0.03852080123266564
0 0.9430379746835443 0.20030816640986132 0.018500486854917234 0.03697996918335902
0 0.9328140214216164 0.24884437596302003 0.021421616358325218 0.04160246533127889
0 0.9294060370009737 0.29198767334360554 0.02629016553067186 0.04776579352850539
0 0.9123661148977604 0.3736517719568567 0.035053554040895815 0.0724191063174114
0 0.7395326192794547 0.12326656394453005 0.012658227848101266 0.02773497688751926
0 0.6689386562804285 0.1263482280431433 0.01557935735150925 0.02773497688751926
0 0.6655306718597858 0.09244992295839753 0.010710808179162609 0.02465331278890601
0 0.6616358325219085 0.10400616332819723 0.010710808179162609 0.023112480739599383
0 0.627555988315482 0.13482280431432975 0.014605647517039922 0.029275808936825885
0 0.4488802336903603 0.17180277349768874 0.01557935735150925 0.032357473035439135
0 0.4561830574488802 0.19029275808936827 0.014605647517039922 0.03543913713405239
0 0.508763388510224 0.13020030816640987 0.012658227848101266 0.023112480739599383
0 0.5102239532619279 0.10554699537750385 0.011684518013631937 0.023112480739599383
0 0.5326192794547225 0.10785824345146379 0.009737098344693282 0.02157164869029276