0 0.42765567765567764 0.20032310177705978 0.018315018315018316 0.045234248788368334
0 0.461996336996337 0.2035541195476575 0.022893772893772892 0.048465266558966075
0 0.6117216117216118 0.10904684975767366 0.02197802197802198 0.030694668820678513
0 0.6506410256410257 0.12358642972536349 0.013736263736263736 0.030694668820678513
0 0.7518315018315018 0.14620355411954766 0.014652014652014652 0.03715670436187399
0 0.7701465201465202 0.14781906300484654 0.018315018315018316 0.033925686591276254
0 0.825091575091575 0.25848142164781907 0.018315018315018316 0.061389337641357025
0 0.891941391941392 0.2520193861066236 0.02564102564102564 0.045234248788368334
0 0.8708791208791209 0.18659127625201938 0.016483516483516484 0.04038772213247173
0 0.8910256410256411 0.2197092084006462 0.016483516483516484 0.048465266558966075
0 0.9413919413919414 0.18982229402261713 0.014652014652014652 0.033925686591276254
0 0.9198717948717948 0.25363489499192243 0.019230769230769232 0.051696284329563816
0 0.6245421245421245 0.14378029079159935 0.016483516483516484 0.03231017770597738