0 0.21509824198552224 0.3161764705882353 0.03722854188210962 0.09926470588235294
0 0.4384694932781799 0.22058823529411764 0.016546018614270942 0.04044117647058824
0 0.4824198552223371 0.21783088235294118 0.017580144777662874 0.04595588235294118
0 0.546535677352637 0.18106617647058823 0.017580144777662874 0.03860294117647059
0 0.6116856256463289 0.18566176470588236 0.01964839710444674 0.04779411764705882
0 0.6194415718717684 0.22334558823529413 0.022750775594622543 0.04595588235294118
0 0.6752843846949328 0.20220588235294118 0.01861427094105481 0.04411764705882353
0 0.6680455015511892 0.25275735294117646 0.020682523267838676 0.05330882352941176
0 0.6799379524301965 0.17463235294117646 0.015511892450879007 0.04044117647058824
0 0.7213029989658738 0.1957720588235294 0.015511892450879007 0.03860294117647059
0 0.7528438469493278 0.2766544117647059 0.028955532574974147 0.07169117647058823
0 0.7223371251292657 0.3005514705882353 0.023784901758014478 0.05330882352941176
0 0.8376421923474664 0.2555147058823529 0.020682523267838676 0.04411764705882353
0 0.8738366080661841 0.25735294117647056 0.020682523267838676 0.051470588235294115