0 0.23700305810397554 0.4408014571948998 0.060142711518858305 0.11657559198542805
0 0.3440366972477064 0.27231329690346084 0.019367991845056064 0.04189435336976321
0 0.41131498470948014 0.2522768670309654 0.021406727828746176 0.04918032786885246
0 0.4337410805300714 0.2604735883424408 0.023445463812436288 0.051001821493624776
0 0.3766564729867482 0.2058287795992714 0.017329255861365953 0.04371584699453552
0 0.42507645259938837 0.20947176684881602 0.0163098878695209 0.03278688524590164
0 0.4444444444444444 0.20947176684881602 0.0163098878695209 0.04007285974499089
0 0.4740061162079511 0.24408014571949 0.022426095820591234 0.051001821493624776
0 0.40978593272171254 0.1830601092896175 0.0163098878695209 0.03825136612021858
0 0.41896024464831805 0.17486338797814208 0.010193679918450561 0.025500910746812388
0 0.436289500509684 0.1848816029143898 0.0163098878695209 0.03825136612021858
0 0.45718654434250766 0.18214936247723132 0.01529051987767584 0.04007285974499089
0 0.4709480122324159 0.2167577413479053 0.0163098878695209 0.03642987249544627
0 0.47757390417940876 0.19489981785063754 0.017329255861365953 0.03278688524590164
0 0.4780835881753313 0.1703096539162113 0.0163098878695209 0.0273224043715847
0 0.4750254841997961 0.14754098360655737 0.0163098878695209 0.025500910746812388
0 0.5107033639143731 0.20309653916211293 0.020387359836901122 0.03825136612021858
0 0.545361875637105 0.20309653916211293 0.01834862385321101 0.04189435336976321
0 0.5045871559633027 0.1448087431693989 0.014271151885830785 0.023679417122040074
0 0.5050968399592253 0.12659380692167577 0.011213047910295617 0.0273224043715847
0 0.5382262996941896 0.14663023679417123 0.014271151885830785 0.03460837887067395
0 0.5489296636085627 0.1429872495446266 0.011213047910295617 0.023679417122040074
0 0.5586136595310908 0.17304189435336975 0.014271151885830785 0.03642987249544627
0 0.5805300713557594 0.14571948998178508 0.01529051987767584 0.03278688524590164
0 0.5932721712538226 0.1721311475409836 0.014271151885830785 0.030965391621129327
0 0.5825688073394495 0.12112932604735883 0.013251783893985729 0.023679417122040074
0 0.6095820591233435 0.13296903460837886 0.012232415902140673 0.025500910746812388
0 0.6192660550458715 0.11020036429872496 0.011213047910295617 0.0273224043715847
0 0.6416921508664628 0.1366120218579235 0.013251783893985729 0.03278688524590164
0 0.6671763506625892 0.11748633879781421 0.01529051987767584 0.030965391621129327
0 0.6681957186544343 0.14571948998178508 0.01529051987767584 0.03642987249544627
0 0.6896024464831805 0.1366120218579235 0.01529051987767584 0.03278688524590164
0 0.7120285423037717 0.12112932604735883 0.013251783893985729 0.030965391621129327
0 0.571355759429154 0.27049180327868855 0.0254841997961264 0.04918032786885246
0 0.6187563710499491 0.2604735883424408 0.024464831804281346 0.061930783242258654
0 0.5346585117227319 0.18032786885245902 0.01529051987767584 0.029143897996357013
0 0.6472986748216106 0.24316939890710382 0.020387359836901122 0.04189435336976321
0 0.6320081549439348 0.3005464480874317 0.02854230377166157 0.06557377049180328
0 0.6860346585117227 0.3561020036429873 0.03058103975535168 0.06375227686703097
0 0.7293577981651376 0.30510018214936246 0.0254841997961264 0.060109289617486336
0 0.7665647298674821 0.24499089253187614 0.020387359836901122 0.056466302367941715
0 0.8047910295616718 0.27231329690346084 0.027522935779816515 0.060109289617486336
0 0.6799184505606524 0.20218579234972678 0.020387359836901122 0.04735883424408015
0 0.7059123343527013 0.18032786885245902 0.01529051987767584 0.03642987249544627
0 0.718144750254842 0.19489981785063754 0.017329255861365953 0.04371584699453552
0 0.7339449541284404 0.1621129326047359 0.014271151885830785 0.03642987249544627
0 0.7415902140672783 0.1848816029143898 0.01529051987767584 0.04189435336976321
0 0.7579001019367991 0.2122040072859745 0.019367991845056064 0.04918032786885246
0 0.755861365953109 0.14571948998178508 0.013251783893985729 0.03278688524590164
0 0.764525993883792 0.1621129326047359 0.0163098878695209 0.03278688524590164
0 0.7981651376146789 0.1384335154826958 0.012232415902140673 0.03278688524590164
0 0.8007135575942915 0.1657559198542805 0.013251783893985729 0.03278688524590164
0 0.7884811416921509 0.20036429872495445 0.013251783893985729 0.04007285974499089
0 0.8037716615698267 0.21948998178506376 0.017329255861365953 0.04189435336976321
0 0.8348623853211009 0.18670309653916212 0.014271151885830785 0.03825136612021858
0 0.8470948012232415 0.16848816029143898 0.014271151885830785 0.03825136612021858
0 0.8496432212028542 0.23132969034608378 0.01529051987767584 0.04735883424408015
0 0.8695208970438328 0.20218579234972678 0.014271151885830785 0.03278688524590164
0 0.8858307849133538 0.18579234972677597 0.012232415902140673 0.03642987249544627
0 0.8980632008154944 0.2222222222222222 0.0163098878695209 0.04735883424408015
0 0.8888888888888888 0.2540983606557377 0.01834862385321101 0.04918032786885246
0 0.900611620795107 0.29690346083788705 0.019367991845056064 0.061930783242258654
0 0.9322120285423038 0.3123861566484517 0.019367991845056064 0.056466302367941715
0 0.8628950050968399 0.3151183970856102 0.0254841997961264 0.061930783242258654
0 0.916921508664628 0.19216757741347906 0.01529051987767584 0.04553734061930783
0 0.9495412844036697 0.17577413479052822 0.011213047910295617 0.030965391621129327
0 0.9607543323139653 0.21129326047358835 0.01529051987767584 0.03642987249544627
0 0.9403669724770642 0.24134790528233152 0.01529051987767584 0.04189435336976321
0 0.9525993883792049 0.19763205828779598 0.011213047910295617 0.030965391621129327