0 0.08273667462211615 0.32472067039106145 0.015910898965791568 0.03212290502793296
0 0.12967382657120127 0.2995810055865922 0.020684168655529037 0.04888268156424581
0 0.2239459029435163 0.2709497206703911 0.0294351630867144 0.05865921787709497
0 0.1869530628480509 0.48812849162011174 0.04455051710421639 0.08519553072625698
0 0.29912490055688146 0.2639664804469274 0.02545743834526651 0.05307262569832402
0 0.3305489260143198 0.2534916201117318 0.021479713603818614 0.04888268156424581
0 0.36833731105807477 0.2562849162011173 0.02545743834526651 0.046089385474860335
0 0.4295942720763723 0.2122905027932961 0.017501988862370723 0.036312849162011177
0 0.4518695306284805 0.22905027932960895 0.01909307875894988 0.04189944134078212
0 0.4303898170246619 0.27164804469273746 0.02545743834526651 0.05446927374301676
0 0.4888623707239459 0.30935754189944137 0.0294351630867144 0.05726256983240224
0 0.543357199681782 0.35195530726256985 0.028639618138424822 0.0446927374301676
0 0.7171837708830548 0.1403631284916201 0.01988862370723946 0.04329608938547486
0 0.7505966587112172 0.14874301675977653 0.016706443914081145 0.040502793296089384
0 0.8858392999204455 0.21438547486033518 0.021479713603818614 0.046089385474860335