0 0.013438735177865613 0.5256410256410257 0.022134387351778657 0.08034188034188035
0 0.23043478260869565 0.2726495726495726 0.01818181818181818 0.05299145299145299
0 0.2517786561264822 0.2692307692307692 0.016600790513833993 0.046153846153846156
0 0.2699604743083004 0.25384615384615383 0.019762845849802372 0.042735042735042736
0 0.3221343873517787 0.23931623931623933 0.013438735177865613 0.037606837606837605
0 0.3513833992094862 0.24102564102564103 0.013438735177865613 0.037606837606837605
0 0.3857707509881423 0.25811965811965815 0.017391304347826087 0.05811965811965812
0 0.4422924901185771 0.32564102564102565 0.021343873517786563 0.046153846153846156
0 0.3652173913043478 0.21623931623931625 0.015810276679841896 0.039316239316239315
0 0.3782608695652174 0.19658119658119658 0.010276679841897233 0.03076923076923077
0 0.41027667984189725 0.25384615384615383 0.017391304347826087 0.03247863247863248
0 0.4209486166007905 0.18547008547008548 0.015019762845849802 0.042735042735042736
0 0.44308300395256917 0.20170940170940171 0.016600790513833993 0.041025641025641026
0 0.48774703557312254 0.252991452991453 0.020553359683794466 0.044444444444444446
0 0.5110671936758894 0.21367521367521367 0.01818181818181818 0.041025641025641026
0 0.4857707509881423 0.16923076923076924 0.010276679841897233 0.044444444444444446
0 0.5023715415019763 0.15384615384615385 0.015019762845849802 0.041025641025641026
0 0.5272727272727272 0.1752136752136752 0.018972332015810278 0.042735042735042736
0 0.5446640316205533 0.1675213675213675 0.014229249011857707 0.041025641025641026
0 0.5604743083003952 0.1581196581196581 0.012648221343873518 0.039316239316239315
0 0.5640316205533596 0.22905982905982905 0.01818181818181818 0.05128205128205128
0 0.5865612648221344 0.20341880341880342 0.012648221343873518 0.02735042735042735
0 0.6071146245059289 0.20170940170940171 0.017391304347826087 0.03418803418803419
0 0.6213438735177865 0.1811965811965812 0.011067193675889328 0.037606837606837605
0 0.5909090909090909 0.13760683760683762 0.015019762845849802 0.035897435897435895
0 0.6098814229249012 0.12136752136752137 0.016600790513833993 0.037606837606837605
0 0.6391304347826087 0.1282051282051282 0.01818181818181818 0.041025641025641026
0 0.6636363636363637 0.1547008547008547 0.010276679841897233 0.03247863247863248
0 0.6675889328063241 0.18888888888888888 0.015019762845849802 0.022222222222222223
0 0.6683794466403162 0.24017094017094018 0.02450592885375494 0.042735042735042736
0 0.5806324110671937 0.3367521367521368 0.015019762845849802 0.041025641025641026
0 0.6063241106719368 0.3786324786324786 0.017391304347826087 0.06324786324786325
0 0.6644268774703558 0.40512820512820513 0.02292490118577075 0.0547008547008547
0 0.7241106719367589 0.4222222222222222 0.023715415019762844 0.06495726495726496
0 0.8023715415019763 0.46923076923076923 0.025296442687747035 0.08034188034188035
0 0.8644268774703557 0.5094017094017094 0.02292490118577075 0.08205128205128205
0 0.8794466403162056 0.42136752136752137 0.02292490118577075 0.05982905982905983
0 0.9525691699604744 0.452991452991453 0.028458498023715414 0.07179487179487179
0 0.950197628458498 0.37948717948717947 0.015810276679841896 0.05128205128205128
0 0.9308300395256917 0.35555555555555557 0.02450592885375494 0.041025641025641026
0 0.8703557312252964 0.3401709401709402 0.026877470355731226 0.05811965811965812
0 0.8201581027667985 0.3111111111111111 0.019762845849802372 0.05128205128205128
0 0.7735177865612648 0.28717948717948716 0.01818181818181818 0.044444444444444446
0 0.8003952569169961 0.26324786324786326 0.013438735177865613 0.044444444444444446
0 0.8280632411067194 0.23076923076923078 0.019762845849802372 0.037606837606837605
0 0.750197628458498 0.23504273504273504 0.015810276679841896 0.046153846153846156
0 0.7252964426877471 0.27692307692307694 0.021343873517786563 0.05811965811965812
0 0.7015810276679841 0.21623931623931625 0.01818181818181818 0.05299145299145299
0 0.6960474308300395 0.1641025641025641 0.015019762845849802 0.041025641025641026
0 0.7237154150197629 0.1547008547008547 0.008695652173913044 0.042735042735042736
0 0.700790513833992 0.13247863247863248 0.011857707509881422 0.022222222222222223
0 0.7679841897233202 0.20085470085470086 0.015019762845849802 0.039316239316239315
0 0.7865612648221344 0.20341880341880342 0.015810276679841896 0.037606837606837605
0 0.8047430830039526 0.19145299145299147 0.011067193675889328 0.05128205128205128
0 0.8197628458498024 0.19572649572649573 0.009486166007905139 0.04957264957264957
0 0.8770750988142293 0.24273504273504273 0.015019762845849802 0.037606837606837605
0 0.9098814229249012 0.23504273504273504 0.014229249011857707 0.018803418803418803
0 0.9075098814229249 0.2623931623931624 0.014229249011857707 0.03247863247863248
0 0.8956521739130435 0.28376068376068375 0.015810276679841896 0.03418803418803419
0 0.9355731225296443 0.2709401709401709 0.016600790513833993 0.035897435897435895
0 0.9509881422924901 0.24358974358974358 0.011067193675889328 0.035897435897435895
0 0.9920948616600791 0.27350427350427353 0.012648221343873518 0.03418803418803419
0 0.9727272727272728 0.3213675213675214 0.019762845849802372 0.037606837606837605
0 0.9849802371541502 0.3735042735042735 0.020553359683794466 0.04957264957264957
0 0.6130434782608696 0.30427350427350425 0.021343873517786563 0.05128205128205128