0 0.1994459833795014 0.4037828947368421 0.0443213296398892 0.07072368421052631
0 0.27977839335180055 0.25493421052631576 0.01662049861495845 0.023026315789473683
0 0.28901200369344415 0.2886513157894737 0.018467220683287166 0.027960526315789474
0 0.3518005540166205 0.2779605263157895 0.01662049861495845 0.03289473684210526
0 0.37257617728531855 0.2870065789473684 0.01569713758079409 0.03782894736842105
0 0.37534626038781166 0.23684210526315788 0.01569713758079409 0.029605263157894735
0 0.3804247460757156 0.18832236842105263 0.0110803324099723 0.024671052631578948
0 0.40627885503231764 0.19407894736842105 0.0110803324099723 0.023026315789473683
0 0.4224376731301939 0.18667763157894737 0.012003693444136657 0.024671052631578948
0 0.4118190212373038 0.17516447368421054 0.0110803324099723 0.02138157894736842
0 0.44829178208679593 0.16447368421052633 0.012003693444136657 0.019736842105263157
0 0.44598337950138506 0.1924342105263158 0.012927054478301015 0.029605263157894735
0 0.43998153277931673 0.23684210526315788 0.01569713758079409 0.03618421052631579
0 0.46398891966759004 0.23026315789473684 0.017543859649122806 0.03618421052631579
0 0.35041551246537395 0.2450657894736842 0.013850415512465374 0.02631578947368421
0 0.5189289012003694 0.20559210526315788 0.01662049861495845 0.03618421052631579
0 0.4884579870729455 0.2080592105263158 0.01662049861495845 0.03453947368421053
0 0.4792243767313019 0.18503289473684212 0.01662049861495845 0.027960526315789474
0 0.47045244690674054 0.15871710526315788 0.013850415512465374 0.024671052631578948
0 0.4621421975992613 0.14638157894736842 0.012003693444136657 0.023026315789473683
0 0.5041551246537396 0.13404605263157895 0.007386888273314866 0.018092105263157895
0 0.5083102493074793 0.17434210526315788 0.017543859649122806 0.03289473684210526
0 0.5143120960295475 0.15296052631578946 0.012927054478301015 0.02631578947368421
0 0.5373961218836565 0.15460526315789475 0.01662049861495845 0.02631578947368421
0 0.5443213296398892 0.19078947368421054 0.012003693444136657 0.02631578947368421
0 0.5761772853185596 0.17845394736842105 0.012927054478301015 0.024671052631578948
0 0.5835641735918744 0.15213815789473684 0.0110803324099723 0.024671052631578948
0 0.5563250230840259 0.13733552631578946 0.010156971375807941 0.018092105263157895
0 0.554016620498615 0.11759868421052631 0.009233610341643583 0.014802631578947368
0 0.5863342566943675 0.125 0.0110803324099723 0.023026315789473683
0 0.590027700831025 0.11266447368421052 0.009233610341643583 0.02138157894736842
0 0.6126500461680517 0.11348684210526316 0.012003693444136657 0.019736842105263157
0 0.6098799630655586 0.15378289473684212 0.012003693444136657 0.024671052631578948
0 0.641735918744229 0.14309210526315788 0.0110803324099723 0.023026315789473683
0 0.6463527239150508 0.12746710526315788 0.009233610341643583 0.018092105263157895
0 0.6569713758079408 0.1225328947368421 0.010156971375807941 0.02138157894736842
0 0.6403508771929824 0.10526315789473684 0.008310249307479225 0.019736842105263157
0 0.6929824561403509 0.11595394736842106 0.010156971375807941 0.02138157894736842
0 0.49630655586334255 0.2845394736842105 0.019390581717451522 0.03618421052631579
0 0.5364727608494921 0.32648026315789475 0.01662049861495845 0.03453947368421053
0 0.6274238227146814 0.31085526315789475 0.02123730378578024 0.049342105263157895
0 0.5650969529085873 0.26151315789473684 0.01662049861495845 0.03618421052631579
0 0.6191135734072022 0.2582236842105263 0.01569713758079409 0.04276315789473684
0 0.6320406278855032 0.22203947368421054 0.01569713758079409 0.029605263157894735
0 0.6481994459833795 0.17763157894736842 0.01662049861495845 0.03289473684210526
0 0.6629732225300092 0.21957236842105263 0.018467220683287166 0.03453947368421053
0 0.6786703601108033 0.33881578947368424 0.0221606648199446 0.049342105263157895
0 0.6860572483841182 0.16282894736842105 0.009233610341643583 0.019736842105263157
0 0.6971375807940905 0.1768092105263158 0.012927054478301015 0.03125
0 0.7206832871652816 0.171875 0.012003693444136657 0.02138157894736842
0 0.7446906740535549 0.15213815789473684 0.01569713758079409 0.024671052631578948
0 0.7414589104339797 0.12171052631578948 0.009233610341643583 0.019736842105263157
0 0.7576177285318559 0.1356907894736842 0.012003693444136657 0.024671052631578948
0 0.7779316712834718 0.16940789473684212 0.012003693444136657 0.02631578947368421
0 0.7460757156048015 0.23190789473684212 0.01662049861495845 0.03618421052631579
0 0.7266851338873499 0.20559210526315788 0.014773776546629732 0.03618421052631579
0 0.7123730378578024 0.2746710526315789 0.019390581717451522 0.04276315789473684
0 0.6920590951061866 0.23848684210526316 0.012003693444136657 0.029605263157894735
0 0.7530009233610342 0.3536184210526316 0.024930747922437674 0.05921052631578947
0 0.7645429362880887 0.30180921052631576 0.020313942751615882 0.047697368421052634
0 0.8070175438596491 0.25 0.014773776546629732 0.03618421052631579
0 0.7714681440443213 0.21134868421052633 0.017543859649122806 0.03782894736842105
0 0.8139427516158818 0.15213815789473684 0.010156971375807941 0.027960526315789474
0 0.8227146814404432 0.140625 0.0110803324099723 0.02138157894736842
0 0.8287165281625115 0.12417763157894737 0.010156971375807941 0.024671052631578948
0 0.8028624192059095 0.41036184210526316 0.024930747922437674 0.05756578947368421
0 0.8305632502308402 0.3190789473684211 0.019390581717451522 0.04276315789473684
0 0.8887349953831948 0.37088815789473684 0.02677746999076639 0.06085526315789474
0 0.9039704524469068 0.3199013157894737 0.020313942751615882 0.04111842105263158
0 0.8688827331486612 0.2680921052631579 0.014773776546629732 0.039473684210526314
0 0.9039704524469068 0.2680921052631579 0.014773776546629732 0.03289473684210526
0 0.8240997229916898 0.21299342105263158 0.01569713758079409 0.044407894736842105
0 0.8785780240073869 0.20641447368421054 0.012003693444136657 0.03125
0 0.9150507848568791 0.22615131578947367 0.0110803324099723 0.027960526315789474
0 0.8887349953831948 0.17516447368421054 0.008310249307479225 0.018092105263157895
0 0.8938134810710988 0.14144736842105263 0.009233610341643583 0.019736842105263157
0 0.8471837488457987 0.17269736842105263 0.010156971375807941 0.02631578947368421
0 0.8541089566020313 0.1513157894736842 0.009233610341643583 0.023026315789473683
0 0.863342566943675 0.13486842105263158 0.009233610341643583 0.019736842105263157