0 0.0992879746835443 0.5946843853820598 0.04509493670886076 0.11960132890365449
0 0.23378164556962025 0.260797342192691 0.01819620253164557 0.046511627906976744
0 0.24169303797468356 0.2616279069767442 0.01819620253164557 0.044850498338870434
0 0.2848101265822785 0.2350498338870432 0.01740506329113924 0.04152823920265781
0 0.31685126582278483 0.2101328903654485 0.01819620253164557 0.044850498338870434
0 0.3136867088607595 0.23421926910299004 0.015031645569620253 0.03986710963455149
0 0.33979430379746833 0.22591362126245848 0.01819620253164557 0.03986710963455149
0 0.35443037974683544 0.20348837209302326 0.014240506329113924 0.04152823920265781
0 0.36985759493670883 0.19684385382059802 0.015031645569620253 0.03156146179401993
0 0.4208860759493671 0.1744186046511628 0.012658227848101266 0.03322259136212625
0 0.4252373417721519 0.16611295681063123 0.01661392405063291 0.03986710963455149
0 0.403876582278481 0.23588039867109634 0.01819620253164557 0.046511627906976744
0 0.37460443037974683 0.2616279069767442 0.01819620253164557 0.05149501661129568
0 0.43908227848101267 0.19269102990033224 0.014240506329113924 0.03986710963455149
0 0.4454113924050633 0.29485049833887045 0.022151898734177215 0.054817275747508304
0 0.4798259493670886 0.23338870431893688 0.021360759493670885 0.04817275747508306
0 0.473496835443038 0.13870431893687707 0.013449367088607595 0.03156146179401993
0 0.48299050632911394 0.16611295681063123 0.01661392405063291 0.04318936877076412
0 0.49841772151898733 0.14950166112956811 0.012658227848101266 0.036544850498338874
0 0.5292721518987342 0.1611295681063123 0.015822784810126583 0.036544850498338874
0 0.5170094936708861 0.16362126245847175 0.01819620253164557 0.04152823920265781
0 0.5043512658227848 0.20764119601328904 0.01819620253164557 0.03986710963455149
0 0.5589398734177216 0.1345514950166113 0.015031645569620253 0.03986710963455149
0 0.5688291139240507 0.1569767441860465 0.015822784810126583 0.03820598006644518
0 0.5814873417721519 0.1362126245847176 0.012658227848101266 0.04318936877076412
0 0.6004746835443038 0.12624584717607973 0.014240506329113924 0.03322259136212625
0 0.6107594936708861 0.14950166112956811 0.014240506329113924 0.029900332225913623
0 0.6392405063291139 0.12790697674418605 0.014240506329113924 0.03322259136212625
0 0.6669303797468354 0.12541528239202657 0.0189873417721519 0.03488372093023256
0 0.6542721518987342 0.1478405315614618 0.012658227848101266 0.03986710963455149
0 0.6621835443037974 0.17857142857142858 0.014240506329113924 0.03488372093023256
0 0.6942246835443038 0.13372093023255813 0.01819620253164557 0.03156146179401993
0 0.6942246835443038 0.1553156146179402 0.015031645569620253 0.04152823920265781
0 0.7191455696202531 0.1511627906976744 0.014240506329113924 0.03322259136212625
0 0.6091772151898734 0.20764119601328904 0.015822784810126583 0.03986710963455149
0 0.6166930379746836 0.27906976744186046 0.022943037974683545 0.04983388704318937
0 0.5791139240506329 0.3313953488372093 0.01740506329113924 0.044850498338870434
0 0.6661392405063291 0.23089700996677742 0.0189873417721519 0.046511627906976744
0 0.6894778481012658 0.21345514950166114 0.01661392405063291 0.04152823920265781
0 0.6115506329113924 0.36627906976744184 0.02689873417721519 0.05149501661129568
0 0.663370253164557 0.3978405315614618 0.022943037974683545 0.06478405315614617
0 0.7203322784810127 0.27408637873754155 0.01977848101265823 0.04318936877076412
0 0.7420886075949367 0.22674418604651161 0.0189873417721519 0.044850498338870434
0 0.754746835443038 0.19352159468438537 0.014240506329113924 0.03488372093023256
0 0.776503164556962 0.18106312292358803 0.015031645569620253 0.036544850498338874
0 0.8109177215189873 0.19435215946843853 0.0189873417721519 0.053156146179401995
0 0.7943037974683544 0.24501661129568106 0.0189873417721519 0.054817275747508304
0 0.8188291139240507 0.21760797342192692 0.014240506329113924 0.03322259136212625
0 0.8287183544303798 0.2084717607973422 0.01661392405063291 0.04152823920265781
0 0.7531645569620253 0.2898671096345515 0.0189873417721519 0.05149501661129568
0 0.721123417721519 0.4011627906976744 0.02610759493670886 0.061461794019933555
0 0.7958860759493671 0.4568106312292359 0.02531645569620253 0.08305647840531562
0 0.8010284810126582 0.303156146179402 0.021360759493670885 0.05149501661129568
0 0.8619462025316456 0.23255813953488372 0.01661392405063291 0.04318936877076412
0 0.901503164556962 0.22009966777408638 0.011867088607594937 0.03820598006644518
0 0.9022943037974683 0.2558139534883721 0.013449367088607595 0.03322259136212625
0 0.8651107594936709 0.34136212624584716 0.021360759493670885 0.054817275747508304
0 0.8908227848101266 0.29069767441860467 0.01740506329113924 0.03986710963455149
0 0.8876582278481012 0.3978405315614618 0.022151898734177215 0.04817275747508306
0 0.8666930379746836 0.5058139534883721 0.029272151898734177 0.08803986710963455
0 0.9509493670886076 0.43438538205980065 0.02531645569620253 0.07142857142857142
0 0.928006329113924 0.2666112956810631 0.014240506329113924 0.04817275747508306
0 0.946993670886076 0.24086378737541528 0.012658227848101266 0.046511627906976744
0 0.9802215189873418 0.2574750830564784 0.012658227848101266 0.04318936877076412
0 0.9272151898734177 0.31727574750830567 0.01740506329113924 0.046511627906976744
0 0.9731012658227848 0.3089700996677741 0.020569620253164556 0.04983388704318937
0 0.9529272151898734 0.3687707641196013 0.01977848101265823 0.059800664451827246
0 0.9715189873417721 0.3554817275747508 0.015822784810126583 0.053156146179401995
0 0.5905854430379747 0.19767441860465115 0.013449367088607595 0.03322259136212625
0 0.5304588607594937 0.22425249169435216 0.01977848101265823 0.04318936877076412
0 0.6174841772151899 0.1744186046511628 0.01661392405063291 0.04318936877076412