0 0.31338582677165355 0.22260748959778087 0.014173228346456693 0.03467406380027739
0 0.2826771653543307 0.2524271844660194 0.015748031496062992 0.030513176144244106
0 0.2933070866141732 0.2461858529819695 0.011811023622047244 0.02912621359223301
0 0.3043307086614173 0.2565880721220527 0.014960629921259842 0.036061026352288486
0 0.3311023622047244 0.27323162274618584 0.01968503937007874 0.038834951456310676
0 0.3303149606299213 0.21705963938973646 0.014960629921259842 0.03467406380027739
0 0.41141732283464566 0.2635228848821082 0.01968503937007874 0.04160887656033287
0 0.40551181102362205 0.2552011095700416 0.01889763779527559 0.04160887656033287
0 0.40551181102362205 0.22191400832177532 0.01732283464566929 0.030513176144244106
0 0.43503937007874016 0.23717059639389737 0.01653543307086614 0.036061026352288486
0 0.4763779527559055 0.22815533980582525 0.01732283464566929 0.04299583911234397
0 0.41692913385826774 0.1927877947295423 0.01653543307086614 0.030513176144244106
0 0.40551181102362205 0.1900138696255201 0.011023622047244094 0.022191400832177532
0 0.40551181102362205 0.16920943134535368 0.012598425196850394 0.024965325936199722
0 0.42362204724409447 0.16435506241331485 0.012598425196850394 0.0319001386962552
0 0.47874015748031495 0.18793342579750347 0.014173228346456693 0.03467406380027739
0 0.4515748031496063 0.14424410540915394 0.011811023622047244 0.027739251040221916
0 0.4688976377952756 0.15464632454923716 0.011811023622047244 0.03467406380027739
0 0.484251968503937 0.13800277392510402 0.012598425196850394 0.02912621359223301
0 0.49763779527559054 0.1289875173370319 0.011023622047244094 0.024965325936199722
0 0.5236220472440944 0.1927877947295423 0.01732283464566929 0.033287101248266296
0 0.5177165354330708 0.1463245492371706 0.014960629921259842 0.02912621359223301
0 0.5216535433070866 0.13453536754507628 0.013385826771653543 0.027739251040221916
0 0.544488188976378 0.16019417475728157 0.01653543307086614 0.0319001386962552
0 0.494488188976378 0.29750346740638 0.02204724409448819 0.04854368932038835
0 0.5374015748031497 0.30513176144244103 0.024409448818897637 0.047156726768377254
0 0.5763779527559055 0.23092926490984744 0.015748031496062992 0.04022191400832178
0 0.6066929133858268 0.23578363384188628 0.01968503937007874 0.04160887656033287
0 0.562992125984252 0.13869625520110956 0.012598425196850394 0.033287101248266296
0 0.5889763779527559 0.11026352288488211 0.011023622047244094 0.026352288488210817
0 0.5783464566929134 0.11373092926490985 0.011811023622047244 0.027739251040221916
0 0.5889763779527559 0.14424410540915394 0.014173228346456693 0.027739251040221916
0 0.5956692913385827 0.1608876560332871 0.010236220472440945 0.024965325936199722
0 0.6106299212598425 0.19902912621359223 0.01653543307086614 0.04299583911234397
0 0.6153543307086614 0.14147018030513175 0.013385826771653543 0.033287101248266296
0 0.6216535433070867 0.12829403606102635 0.011811023622047244 0.023578363384188627
0 0.6484251968503937 0.1144244105409154 0.011811023622047244 0.02912621359223301
0 0.6696850393700787 0.11234396671289876 0.013385826771653543 0.033287101248266296
0 0.6905511811023622 0.15325936199722606 0.012598425196850394 0.0319001386962552
0 0.6578740157480315 0.2073509015256588 0.01968503937007874 0.04022191400832178
0 0.65 0.17337031900138697 0.013385826771653543 0.027739251040221916
0 0.6633858267716536 0.3079056865464632 0.024409448818897637 0.06657420249653259
0 0.6503937007874016 0.2510402219140083 0.02047244094488189 0.047156726768377254
0 0.7110236220472441 0.28363384188626906 0.025196850393700787 0.05409153952843273
0 0.74251968503937 0.361997226074896 0.025196850393700787 0.06657420249653259
0 0.7807086614173229 0.2635228848821082 0.01968503937007874 0.052704576976421634
0 0.8559055118110236 0.289875173370319 0.02047244094488189 0.047156726768377254
0 0.7039370078740157 0.21914008321775313 0.02204724409448819 0.04160887656033287
0 0.7137795275590552 0.18169209431345354 0.01653543307086614 0.033287101248266296
0 0.7338582677165354 0.1914008321775312 0.01732283464566929 0.038834951456310676
0 0.7539370078740157 0.21983356449375868 0.014960629921259842 0.03744798890429958
0 0.7263779527559056 0.1553398058252427 0.011811023622047244 0.030513176144244106
0 0.7519685039370079 0.14771151178918168 0.012598425196850394 0.026352288488210817
0 0.7704724409448819 0.12205270457697642 0.011811023622047244 0.024965325936199722
0 0.7594488188976378 0.17128987517337033 0.013385826771653543 0.03467406380027739
0 0.7830708661417323 0.15117891816920942 0.011811023622047244 0.030513176144244106
0 0.7956692913385827 0.14147018030513175 0.011811023622047244 0.030513176144244106
0 0.7846456692913386 0.12482662968099861 0.011811023622047244 0.022191400832177532
0 0.7822834645669291 0.19209431345353675 0.014960629921259842 0.04576976421636616
0 0.8062992125984252 0.17059639389736478 0.014173228346456693 0.036061026352288486
0 0.8212598425196851 0.15603328710124825 0.012598425196850394 0.0319001386962552
0 0.8295275590551181 0.13106796116504854 0.013385826771653543 0.026352288488210817
0 0.8625984251968504 0.14147018030513175 0.013385826771653543 0.033287101248266296
0 0.8125984251968504 0.22260748959778087 0.01732283464566929 0.04299583911234397
0 0.8377952755905512 0.20110957004160887 0.015748031496062992 0.038834951456310676
0 0.8393700787401575 0.1664355062413315 0.012598425196850394 0.033287101248266296
0 0.8665354330708661 0.21497919556171982 0.01811023622047244 0.052704576976421634
0 0.8944881889763779 0.24410540915395285 0.02047244094488189 0.047156726768377254
0 0.8795275590551181 0.18793342579750347 0.014173228346456693 0.0319001386962552
0 0.42913385826771655 0.3210818307905687 0.03464566929133858 0.07628294036061026