0 0.09029435163086715 0.5707070707070707 0.04375497215592681 0.10101010101010101
0 0.2239459029435163 0.29124579124579125 0.01988862370723946 0.04713804713804714
0 0.20883054892601433 0.2769360269360269 0.015115354017501989 0.04882154882154882
0 0.2764518695306285 0.26430976430976433 0.016706443914081145 0.03367003367003367
0 0.27048528241845665 0.23905723905723905 0.015910898965791568 0.037037037037037035
0 0.301909307875895 0.21885521885521886 0.015115354017501989 0.04377104377104377
0 0.3261734287987271 0.23316498316498316 0.015910898965791568 0.04882154882154882
0 0.3444709626093874 0.22138047138047137 0.014319809069212411 0.05218855218855219
0 0.3635640413683373 0.26430976430976433 0.015910898965791568 0.037037037037037035
0 0.38703261734287986 0.255050505050505 0.015115354017501989 0.03872053872053872
0 0.4343675417661098 0.3063973063973064 0.020684168655529037 0.050505050505050504
0 0.4626093874303898 0.25336700336700335 0.018297533810660304 0.04208754208754209
0 0.35799522673031026 0.2053872053872054 0.014319809069212411 0.04040404040404041
0 0.3814638027048528 0.1994949494949495 0.016706443914081145 0.03872053872053872
0 0.4228321400159109 0.1978114478114478 0.015115354017501989 0.03872053872053872
0 0.42720763723150357 0.16666666666666666 0.014319809069212411 0.03367003367003367
0 0.44669848846459825 0.16582491582491582 0.011933174224343675 0.02861952861952862
0 0.4705648369132856 0.17676767676767677 0.015115354017501989 0.037037037037037035
0 0.48766905330151156 0.20875420875420875 0.017501988862370723 0.04040404040404041
0 0.48448687350835323 0.15404040404040403 0.014319809069212411 0.03535353535353535
0 0.5111376292760541 0.17845117845117844 0.015115354017501989 0.037037037037037035
0 0.5167064439140812 0.15824915824915825 0.016706443914081145 0.037037037037037035
0 0.5393794749403341 0.23653198653198654 0.015910898965791568 0.03872053872053872
0 0.5592680986475735 0.2138047138047138 0.015910898965791568 0.037037037037037035
0 0.5501193317422435 0.16498316498316498 0.015115354017501989 0.03367003367003367
0 0.54733492442323 0.13720538720538722 0.012728719172633254 0.03198653198653199
0 0.5692124105011933 0.13973063973063973 0.013524264120922832 0.04040404040404041
0 0.5891010342084327 0.1271043771043771 0.011933174224343675 0.03535353535353535
0 0.5978520286396182 0.1574074074074074 0.015115354017501989 0.03198653198653199
0 0.60381861575179 0.18013468013468015 0.012728719172633254 0.037037037037037035
0 0.6101829753381066 0.2053872053872054 0.014319809069212411 0.03367003367003367
0 0.45823389021479716 0.17845117845117844 0.011137629276054098 0.037037037037037035
0 0.6201272871917264 0.12962962962962962 0.013524264120922832 0.04040404040404041
0 0.637629276054097 0.14814814814814814 0.015115354017501989 0.03367003367003367
0 0.6559268098647574 0.13215488215488216 0.013524264120922832 0.03872053872053872
0 0.6825775656324582 0.1414141414141414 0.012728719172633254 0.03367003367003367
0 0.7032617342879872 0.15824915824915825 0.012728719172633254 0.037037037037037035
0 0.6463802704852825 0.18686868686868688 0.013524264120922832 0.037037037037037035
0 0.6778042959427207 0.17003367003367004 0.012728719172633254 0.037037037037037035
0 0.5723945902943516 0.1776094276094276 0.016706443914081145 0.03198653198653199
0 0.5640413683373111 0.3451178451178451 0.01909307875894988 0.050505050505050504
0 0.5994431185361973 0.38215488215488214 0.024661893396976928 0.05723905723905724
0 0.6062052505966588 0.3047138047138047 0.02545743834526651 0.05723905723905724
0 0.6511535401750199 0.255050505050505 0.018297533810660304 0.04882154882154882
0 0.6877486077963405 0.22306397306397308 0.016706443914081145 0.03872053872053872
0 0.6495624502784407 0.40824915824915825 0.024661893396976928 0.058922558922558925
0 0.7088305489260143 0.41835016835016836 0.02545743834526651 0.06228956228956229
0 0.7852028639618138 0.4503367003367003 0.027048528241845664 0.0723905723905724
0 0.8595863166268894 0.4882154882154882 0.02784407319013524 0.07407407407407407
0 0.8719172633253779 0.4116161616161616 0.020684168655529037 0.06565656565656566
0 0.9443118536197295 0.4494949494949495 0.02545743834526651 0.06397306397306397
0 0.7124105011933174 0.2668350168350168 0.021479713603818614 0.04882154882154882
0 0.7322991249005569 0.234006734006734 0.016706443914081145 0.04377104377104377
0 0.7354813046937152 0.19107744107744107 0.015115354017501989 0.03535353535353535
0 0.7597454256165473 0.18602693602693604 0.012728719172633254 0.03535353535353535
0 0.7673031026252983 0.2138047138047138 0.011933174224343675 0.030303030303030304
0 0.7856006364359587 0.25252525252525254 0.015115354017501989 0.04377104377104377
0 0.741447891805887 0.2962962962962963 0.020684168655529037 0.04713804713804714
0 0.8046937151949085 0.30723905723905726 0.018297533810660304 0.05218855218855219
0 0.8082736674622116 0.23063973063973064 0.015910898965791568 0.037037037037037035
0 0.7975338106603023 0.1936026936026936 0.013524264120922832 0.037037037037037035
0 0.830151153540175 0.21717171717171718 0.011933174224343675 0.037037037037037035
0 0.8611774065234685 0.23737373737373738 0.013524264120922832 0.037037037037037035
0 0.8695306284805091 0.22474747474747475 0.012728719172633254 0.03872053872053872
0 0.8870326173428799 0.25673400673400676 0.012728719172633254 0.04208754208754209
0 0.89618138424821 0.2415824915824916 0.011933174224343675 0.03535353535353535
0 0.8782816229116945 0.2988215488215488 0.015910898965791568 0.045454545454545456
0 0.8552108194112967 0.31565656565656564 0.01909307875894988 0.03872053872053872
0 0.8520286396181385 0.36784511784511786 0.015910898965791568 0.05555555555555555
0 0.9144789180588703 0.3367003367003367 0.015115354017501989 0.050505050505050504
0 0.9164677804295943 0.27441077441077444 0.014319809069212411 0.04040404040404041
0 0.9415274463007159 0.25757575757575757 0.013524264120922832 0.037037037037037035
0 0.9697692919649961 0.25336700336700335 0.012728719172633254 0.03198653198653199
0 0.960222752585521 0.37626262626262624 0.017501988862370723 0.04882154882154882
0 0.9614160700079555 0.3409090909090909 0.015115354017501989 0.03535353535353535
0 0.9606205250596659 0.30723905723905726 0.011933174224343675 0.03872053872053872