0 0.3510223953261928 0.21202003338898165 0.016553067185978577 0.0333889816360601
0 0.4206426484907498 0.23205342237061768 0.019474196689386564 0.0333889816360601
0 0.436222005842259 0.21869782971619364 0.011684518013631937 0.0333889816360601
0 0.4542356377799416 0.22454090150250416 0.016553067185978577 0.048414023372287146
0 0.4892891918208374 0.2337228714524207 0.02629016553067186 0.04006677796327212
0 0.5185004868549172 0.19031719532554256 0.014605647517039922 0.04006677796327212
0 0.5525803310613437 0.19532554257095158 0.018500486854917234 0.03672787979966611
0 0.6046738072054528 0.18030050083472454 0.017526777020447908 0.03005008347245409
0 0.6402142161635832 0.14941569282136896 0.010710808179162609 0.028380634390651086
0 0.6835443037974683 0.19699499165275458 0.027263875365141188 0.03672787979966611
0 0.7336903602726388 0.19031719532554256 0.016553067185978577 0.03672787979966611
0 0.6587147030185004 0.2612687813021703 0.02629016553067186 0.041736227045075125
0 0.7224926971762414 0.3121869782971619 0.023369036027263874 0.05676126878130217
0 0.7848101265822784 0.25375626043405675 0.019474196689386564 0.04006677796327212
0 0.857838364167478 0.24207011686143573 0.023369036027263874 0.0333889816360601
0 0.8661148977604674 0.20868113522537562 0.010710808179162609 0.0333889816360601
0 0.9148003894839338 0.2303839732888147 0.018500486854917234 0.03005008347245409
0 0.9532619279454723 0.22120200333889817 0.013631937682570594 0.035058430717863104
0 0.8919182083739046 0.29465776293823037 0.019474196689386564 0.038397328881469114
0 0.8704965920155794 0.3380634390651085 0.021421616358325218 0.05843071786310518
0 0.4678675754625122 0.09098497495826377 0.016553067185978577 0.021702838063439065