0 0.1659815005138746 0.2667910447761194 0.019527235354573486 0.04477611940298507
0 0.18961973278520042 0.23880597014925373 0.019527235354573486 0.033582089552238806
0 0.2965056526207605 0.22761194029850745 0.013360739979445015 0.033582089552238806
0 0.3108941418293936 0.22574626865671643 0.017471736896197326 0.03731343283582089
0 0.36279547790339156 0.20149253731343283 0.014388489208633094 0.03731343283582089
0 0.37410071942446044 0.21548507462686567 0.012332990750256937 0.03544776119402985
0 0.3854059609455293 0.208955223880597 0.01644398766700925 0.029850746268656716
0 0.40030832476875644 0.23414179104477612 0.019527235354573486 0.04664179104477612
0 0.43833504624871533 0.23694029850746268 0.017471736896197326 0.048507462686567165
0 0.4763617677286742 0.23041044776119404 0.023638232271325797 0.05783582089552239
0 0.4522096608427544 0.16417910447761194 0.018499486125385406 0.029850746268656716
0 0.4845837615621788 0.20988805970149255 0.023638232271325797 0.05037313432835821
0 0.45940390544707094 0.13432835820895522 0.014388489208633094 0.033582089552238806
0 0.49177800616649536 0.12033582089552239 0.015416238437821172 0.03544776119402985
0 0.4712230215827338 0.12686567164179105 0.011305241521068859 0.022388059701492536
0 0.5107913669064749 0.1417910447761194 0.010277492291880781 0.026119402985074626
0 0.5241521068859198 0.13805970149253732 0.010277492291880781 0.026119402985074626
0 0.5246659815005139 0.16977611940298507 0.015416238437821172 0.026119402985074626
0 0.5519013360739979 0.18190298507462688 0.01644398766700925 0.03544776119402985
0 0.5483042137718397 0.14085820895522388 0.011305241521068859 0.024253731343283583
0 0.5483042137718397 0.09328358208955224 0.013360739979445015 0.026119402985074626
0 0.5714285714285714 0.1287313432835821 0.014388489208633094 0.033582089552238806
0 0.5847893114080165 0.11380597014925373 0.010277492291880781 0.029850746268656716
0 0.6109969167523125 0.1259328358208955 0.013360739979445015 0.024253731343283583
0 0.5889003083247688 0.16511194029850745 0.012332990750256937 0.027985074626865673
0 0.6094552929085303 0.10820895522388059 0.012332990750256937 0.022388059701492536
0 0.6289825282631039 0.1287313432835821 0.012332990750256937 0.033582089552238806
0 0.6279547790339157 0.10354477611940298 0.010277492291880781 0.024253731343283583
0 0.6428571428571429 0.10167910447761194 0.017471736896197326 0.03917910447761194
0 0.6598150051387461 0.12406716417910447 0.012332990750256937 0.03171641791044776
0 0.6942446043165468 0.10261194029850747 0.015416238437821172 0.03731343283582089
0 0.5092497430626927 0.21548507462686567 0.019527235354573486 0.03544776119402985
0 0.6264131551901336 0.21641791044776118 0.02158273381294964 0.04477611940298507
0 0.6161356628982528 0.28078358208955223 0.023638232271325797 0.05037313432835821
0 0.6767728674203495 0.36100746268656714 0.02774922918807811 0.06902985074626866
0 0.7014388489208633 0.20522388059701493 0.017471736896197326 0.041044776119402986
0 0.7163412127440905 0.23973880597014927 0.024665981500513873 0.05037313432835821
0 0.7291880781089414 0.30597014925373134 0.023638232271325797 0.05223880597014925
0 0.7738951695786228 0.23227611940298507 0.020554984583761562 0.03917910447761194
0 0.7507708119218911 0.21175373134328357 0.019527235354573486 0.03917910447761194
0 0.7353545734840699 0.1501865671641791 0.015416238437821172 0.03171641791044776
0 0.7646454265159301 0.15111940298507462 0.012332990750256937 0.033582089552238806
0 0.7872559095580678 0.13992537313432835 0.012332990750256937 0.029850746268656716
0 0.8093525179856115 0.15951492537313433 0.015416238437821172 0.03544776119402985
0 0.8016443987667009 0.22574626865671643 0.014388489208633094 0.03731343283582089
0 0.8144912641315519 0.269589552238806 0.019527235354573486 0.04291044776119403
0 0.7790339157245632 0.4123134328358209 0.02877697841726619 0.055970149253731345
0 0.8150051387461459 0.39552238805970147 0.02672147995889003 0.05970149253731343
0 0.8329907502569374 0.43470149253731344 0.025693730729701953 0.0708955223880597
0 0.8329907502569374 0.3358208955223881 0.02158273381294964 0.055970149253731345
0 0.8674203494347379 0.2835820895522388 0.018499486125385406 0.048507462686567165
0 0.881808838643371 0.2416044776119403 0.01644398766700925 0.04291044776119403
0 0.9193216855087358 0.3087686567164179 0.019527235354573486 0.04664179104477612
0 0.9409044193216856 0.23134328358208955 0.015416238437821172 0.03731343283582089
0 0.4182939362795478 0.16417910447761194 0.014388489208633094 0.026119402985074626