0 0.11823104693140794 0.25487012987012986 0.01444043321299639 0.02922077922077922
0 0.263086642599278 0.40584415584415584 0.04963898916967509 0.11363636363636363
0 0.28655234657039713 0.23376623376623376 0.013537906137184115 0.02922077922077922
0 0.29783393501805056 0.24025974025974026 0.016245487364620937 0.02922077922077922
0 0.365072202166065 0.16071428571428573 0.017148014440433214 0.03896103896103896
0 0.3795126353790614 0.18993506493506493 0.013537906137184115 0.02922077922077922
0 0.41335740072202165 0.2086038961038961 0.01263537906137184 0.037337662337662336
0 0.40342960288808666 0.2077922077922078 0.01444043321299639 0.03896103896103896
0 0.4756317689530686 0.14204545454545456 0.019855595667870037 0.040584415584415584
0 0.6331227436823105 0.1387987012987013 0.015342960288808664 0.021103896103896104
0 0.64485559566787 0.11282467532467533 0.011732851985559567 0.027597402597402596
0 0.6466606498194946 0.14204545454545456 0.013537906137184115 0.027597402597402596
0 0.7260830324909747 0.060876623376623376 0.013537906137184115 0.03409090909090909
0 0.7486462093862816 0.12905844155844157 0.011732851985559567 0.027597402597402596
0 0.7635379061371841 0.137987012987013 0.01444043321299639 0.02922077922077922
0 0.8185920577617328 0.25811688311688313 0.019855595667870037 0.05194805194805195
0 0.8610108303249098 0.1858766233766234 0.01444043321299639 0.03409090909090909
0 0.8831227436823105 0.25487012987012986 0.02075812274368231 0.045454545454545456
0 0.9120036101083032 0.2556818181818182 0.02075812274368231 0.04383116883116883
0 0.9314079422382672 0.1810064935064935 0.01263537906137184 0.03409090909090909