0 0.07072905331882481 0.2916666666666667 0.01958650707290533 0.03787878787878788
0 0.3177366702937976 0.22916666666666666 0.01958650707290533 0.041666666666666664
0 0.34929270946681173 0.19981060606060605 0.017410228509249184 0.03598484848484849
0 0.4249183895538629 0.26515151515151514 0.022850924918389554 0.04924242424242424
0 0.4167573449401523 0.20833333333333334 0.01958650707290533 0.03787878787878788
0 0.426550598476605 0.1543560606060606 0.017410228509249184 0.03977272727272727
0 0.4548422198041349 0.17897727272727273 0.023939064200217627 0.03598484848484849
0 0.44940152339499456 0.22916666666666666 0.01958650707290533 0.041666666666666664
0 0.49020674646354734 0.2206439393939394 0.018498367791077257 0.03977272727272727
0 0.48585418933623503 0.17234848484848486 0.025027203482045703 0.041666666666666664
0 0.47279651795429817 0.13352272727272727 0.014145810663764961 0.028409090909090908
0 0.4923830250272035 0.13636363636363635 0.014145810663764961 0.026515151515151516
0 0.5190424374319913 0.13446969696969696 0.017410228509249184 0.030303030303030304
0 0.5397170837867247 0.13068181818181818 0.015233949945593036 0.030303030303030304
0 0.5467899891186072 0.1893939393939394 0.018498367791077257 0.03787878787878788
0 0.5522306855277476 0.16287878787878787 0.01632208922742111 0.030303030303030304
0 0.5707290533188248 0.14109848484848486 0.014145810663764961 0.028409090909090908
0 0.6017410228509249 0.14015151515151514 0.017410228509249184 0.030303030303030304
0 0.6360174102285092 0.11931818181818182 0.011969532100108813 0.026515151515151516
0 0.5995647442872688 0.27178030303030304 0.023939064200217627 0.04734848484848485
0 0.6338411316648531 0.21212121212121213 0.020674646354733407 0.041666666666666664
0 0.6724700761697497 0.22443181818181818 0.023939064200217627 0.043560606060606064
0 0.6724700761697497 0.1846590909090909 0.01958650707290533 0.043560606060606064
0 0.6381936887921654 0.3020833333333333 0.029379760609358 0.07386363636363637
0 0.6828073993471164 0.36553030303030304 0.035908596300326445 0.07575757575757576
0 0.676822633297062 0.29261363636363635 0.023939064200217627 0.058712121212121215
0 0.7388465723612623 0.23106060606060605 0.023939064200217627 0.04924242424242424
0 0.7475516866158868 0.17424242424242425 0.01958650707290533 0.03787878787878788
0 0.7089227421109902 0.17045454545454544 0.020674646354733407 0.041666666666666664
0 0.809031556039173 0.24431818181818182 0.025027203482045703 0.04924242424242424
0 0.8199129488574538 0.2897727272727273 0.025027203482045703 0.06060606060606061
0 0.8509249183895539 0.3087121212121212 0.028291621327529923 0.07196969696969698
0 0.8775843307943417 0.2869318181818182 0.025027203482045703 0.05113636363636364
0 0.9162132752992383 0.35984848484848486 0.03264417845484222 0.06818181818181818
0 0.9134929270946681 0.4327651515151515 0.042437431991294884 0.08522727272727272
0 0.9330794341675734 0.22821969696969696 0.018498367791077257 0.043560606060606064