0 0.19782813975448538 0.45454545454545453 0.04060434372049103 0.08417508417508418
0 0.49008498583569404 0.18181818181818182 0.0169971671388102 0.03367003367003367
0 0.5070821529745042 0.19023569023569023 0.018885741265344664 0.037037037037037035
0 0.5457979225684608 0.13973063973063973 0.015108593012275733 0.026936026936026935
0 0.6973559962228517 0.1776094276094276 0.014164305949008499 0.03535353535353535
0 0.7563739376770539 0.17255892255892255 0.015108593012275733 0.03198653198653199
0 0.7837582625118036 0.19023569023569023 0.013220018885741265 0.026936026936026935
0 0.7908404154863078 0.1776094276094276 0.012275731822474031 0.03198653198653199
0 0.8295561850802644 0.18518518518518517 0.016052880075542966 0.037037037037037035
0 0.8682719546742209 0.2878787878787879 0.019830028328611898 0.05387205387205387
0 0.9301227573182247 0.24663299663299662 0.013220018885741265 0.03535353535353535
0 0.9763928234183191 0.1414141414141414 0.013220018885741265 0.03367003367003367