0 0.03333333333333333 0.5298507462686567 0.0380952380952381 0.11194029850746269
0 0.21706349206349207 0.30597014925373134 0.01984126984126984 0.055970149253731345
0 0.24523809523809523 0.29384328358208955 0.025396825396825397 0.05783582089552239
0 0.2698412698412698 0.2574626865671642 0.01904761904761905 0.05970149253731343
0 0.3146825396825397 0.24253731343283583 0.01984126984126984 0.05223880597014925
0 0.3257936507936508 0.20708955223880596 0.01984126984126984 0.055970149253731345
0 0.3503968253968254 0.228544776119403 0.023015873015873017 0.05783582089552239
0 0.3630952380952381 0.21361940298507462 0.016666666666666666 0.054104477611940295
0 0.3904761904761905 0.2658582089552239 0.015873015873015872 0.04664179104477612
0 0.41388888888888886 0.2555970149253731 0.018253968253968255 0.05970149253731343
0 0.37976190476190474 0.19776119402985073 0.018253968253968255 0.048507462686567165
0 0.4031746031746032 0.19309701492537312 0.01746031746031746 0.04664179104477612
0 0.44761904761904764 0.32742537313432835 0.025396825396825397 0.061567164179104475
0 0.44603174603174606 0.1875 0.01746031746031746 0.04291044776119403
0 0.4492063492063492 0.16417910447761194 0.01904761904761905 0.041044776119402986
0 0.46746031746031746 0.16417910447761194 0.015873015873015872 0.048507462686567165
0 0.4793650793650794 0.18563432835820895 0.01746031746031746 0.04291044776119403
0 0.5103174603174603 0.2042910447761194 0.020634920634920634 0.054104477611940295
0 0.48214285714285715 0.2537313432835821 0.023015873015873017 0.06343283582089553
0 0.5623015873015873 0.22294776119402984 0.018253968253968255 0.05037313432835821
0 0.5317460317460317 0.16511194029850745 0.020634920634920634 0.05037313432835821
0 0.5083333333333333 0.146455223880597 0.016666666666666666 0.04291044776119403
0 0.5634920634920635 0.12686567164179105 0.01746031746031746 0.041044776119402986
0 0.5904761904761905 0.12406716417910447 0.01746031746031746 0.03917910447761194
0 0.5718253968253968 0.15858208955223882 0.01984126984126984 0.048507462686567165
0 0.5861111111111111 0.208955223880597 0.016666666666666666 0.05223880597014925
0 0.594047619047619 0.16884328358208955 0.018253968253968255 0.04664179104477612
0 0.6166666666666667 0.1875 0.01746031746031746 0.04291044776119403
0 0.6182539682539683 0.1501865671641791 0.01746031746031746 0.04291044776119403
0 0.6107142857142858 0.11380597014925373 0.016666666666666666 0.041044776119402986
0 0.6349206349206349 0.1958955223880597 0.015873015873015872 0.055970149253731345
0 0.6420634920634921 0.11753731343283583 0.015873015873015872 0.04477611940298507
0 0.6634920634920635 0.13246268656716417 0.015873015873015872 0.048507462686567165
0 0.6694444444444444 0.17537313432835822 0.01507936507936508 0.041044776119402986
0 0.6777777777777778 0.13712686567164178 0.014285714285714285 0.03917910447761194
0 0.6976190476190476 0.12779850746268656 0.014285714285714285 0.03544776119402985
0 0.6984126984126984 0.15391791044776118 0.015873015873015872 0.04664179104477612
0 0.7365079365079366 0.15485074626865672 0.015873015873015872 0.041044776119402986
0 0.7202380952380952 0.20988805970149255 0.018253968253968255 0.054104477611940295
0 0.6730158730158731 0.2593283582089552 0.023809523809523808 0.0708955223880597
0 0.6166666666666667 0.2966417910447761 0.03015873015873016 0.07462686567164178
0 0.573015873015873 0.36007462686567165 0.03015873015873016 0.07462686567164178
0 0.6031746031746031 0.4197761194029851 0.02857142857142857 0.0708955223880597
0 0.669047619047619 0.4505597014925373 0.03015873015873016 0.07649253731343283
0 0.7444444444444445 0.43656716417910446 0.026984126984126985 0.09328358208955224
0 0.7329365079365079 0.28171641791044777 0.023015873015873017 0.06343283582089553
0 0.7638888888888888 0.3069029850746269 0.02142857142857143 0.06902985074626866
0 0.7523809523809524 0.2294776119402985 0.01904761904761905 0.05970149253731343
0 0.7702380952380953 0.18936567164179105 0.013492063492063493 0.04291044776119403
0 0.7880952380952381 0.20615671641791045 0.014285714285714285 0.04291044776119403
0 0.8055555555555556 0.25093283582089554 0.015873015873015872 0.054104477611940295
0 0.8246031746031746 0.3069029850746269 0.022222222222222223 0.07649253731343283
0 0.8305555555555556 0.22574626865671643 0.016666666666666666 0.04477611940298507
0 0.8194444444444444 0.1884328358208955 0.01507936507936508 0.041044776119402986
0 0.8424603174603175 0.21735074626865672 0.013492063492063493 0.04664179104477612
0 0.8746031746031746 0.2332089552238806 0.014285714285714285 0.041044776119402986
0 0.8658730158730159 0.3572761194029851 0.020634920634920634 0.06902985074626866
0 0.8988095238095238 0.417910447761194 0.02619047619047619 0.0708955223880597
0 0.8666666666666667 0.5158582089552238 0.02857142857142857 0.0914179104477612
0 0.8 0.47574626865671643 0.03492063492063492 0.09701492537313433
0 0.878968253968254 0.3218283582089552 0.018253968253968255 0.061567164179104475
0 0.8956349206349207 0.28451492537313433 0.016666666666666666 0.054104477611940295
0 0.905952380952381 0.2593283582089552 0.013492063492063493 0.04477611940298507
0 0.9146825396825397 0.23600746268656717 0.01507936507936508 0.04291044776119403
0 0.9357142857142857 0.3498134328358209 0.01746031746031746 0.061567164179104475
0 0.9392857142857143 0.2798507462686567 0.018253968253968255 0.048507462686567165
0 0.9523809523809523 0.2416044776119403 0.015873015873015872 0.04291044776119403
0 0.9682539682539683 0.48973880597014924 0.023809523809523808 0.08768656716417911
0 0.9702380952380952 0.41511194029850745 0.023015873015873017 0.07276119402985075
0 0.9789682539682539 0.38152985074626866 0.01984126984126984 0.05783582089552239
0 0.9829365079365079 0.3302238805970149 0.016666666666666666 0.055970149253731345
0 0.9884920634920635 0.26399253731343286 0.01507936507936508 0.05037313432835821