0 0.09011328527291453 0.2467889908256881 0.015447991761071062 0.04220183486238532
0 0.11380020597322348 0.24311926605504589 0.013388259526261586 0.027522935779816515
0 0.16683831101956745 0.25596330275229356 0.02265705458290422 0.045871559633027525
0 0.21524201853759012 0.22568807339449543 0.02059732234809475 0.044036697247706424
0 0.2785787847579815 0.20550458715596331 0.017507723995880537 0.03669724770642202
0 0.26055612770339853 0.38623853211009174 0.03913491246138002 0.09357798165137615
0 0.3465499485066941 0.23577981651376148 0.03604531410916581 0.06422018348623854
0 0.40216271884654997 0.10275229357798166 0.013388259526261586 0.029357798165137616
0 0.4340885684860968 0.0944954128440367 0.007209062821833162 0.02018348623853211
0 0.4454170957775489 0.1706422018348624 0.015447991761071062 0.03302752293577982
0 0.46189495365602473 0.17339449541284405 0.02368692070030896 0.060550458715596334
0 0.5092687950566427 0.0889908256880734 0.01132852729145211 0.03486238532110092
0 0.5200823892893924 0.06972477064220184 0.008238928939237899 0.022018348623853212
0 0.548918640576725 0.06880733944954129 0.010298661174047374 0.023853211009174313
0 0.5751802265705458 0.08256880733944955 0.01132852729145211 0.025688073394495414
0 0.586508753861998 0.06972477064220184 0.009268795056642637 0.022018348623853212
0 0.6472708547888775 0.06697247706422019 0.01132852729145211 0.023853211009174313
0 0.6246138002059732 0.2018348623853211 0.025746652935118436 0.044036697247706424
0 0.6616889804325438 0.15871559633027524 0.01956745623069001 0.045871559633027525
0 0.6864057672502575 0.14862385321100918 0.021627188465499485 0.05137614678899083
0 0.688465499485067 0.07889908256880734 0.01132852729145211 0.022018348623853212
0 0.7672502574665293 0.14128440366972478 0.018537590113285273 0.04036697247706422
0 0.7857878475798146 0.12293577981651377 0.012358393408856848 0.03669724770642202
0 0.8074150360453141 0.0944954128440367 0.012358393408856848 0.027522935779816515
0 0.8455200823892894 0.14954128440366973 0.014418125643666324 0.04220183486238532
0 0.868692070030896 0.14770642201834863 0.013388259526261586 0.03853211009174312
0 0.9062821833161689 0.18073394495412845 0.012358393408856848 0.031192660550458717
0 0.9047373841400618 0.21100917431192662 0.01956745623069001 0.044036697247706424
0 0.9309989701338826 0.16788990825688074 0.010298661174047374 0.027522935779816515
0 0.9366632337796087 0.18256880733944955 0.01132852729145211 0.03486238532110092
0 0.7090628218331617 0.0908256880733945 0.01132852729145211 0.027522935779816515
0 0.7337796086508754 0.07155963302752294 0.01132852729145211 0.029357798165137616
0 0.6436663233779608 0.07614678899082569 0.010298661174047374 0.02018348623853211
0 0.6101956745623069 0.1018348623853211 0.009268795056642637 0.02018348623853211