0 0.1776765375854214 0.454 0.05922551252847381 0.112
0 0.21981776765375854 0.369 0.05011389521640091 0.102
0 0.2630979498861048 0.209 0.02050113895216401 0.046
0 0.32915717539863326 0.279 0.025056947608200455 0.05
0 0.34339407744874717 0.261 0.0193621867881549 0.042
0 0.42312072892938496 0.275 0.023917995444191344 0.042
0 0.41173120728929385 0.221 0.02164009111617312 0.042
0 0.4054669703872437 0.191 0.018223234624145785 0.03
0 0.4367881548974943 0.226 0.02619589977220957 0.044
0 0.44874715261959 0.184 0.015945330296127564 0.044
0 0.4498861047835991 0.156 0.018223234624145785 0.032
0 0.4646924829157175 0.156 0.015945330296127564 0.036
0 0.4675398633257403 0.197 0.02164009111617312 0.038
0 0.47892938496583143 0.134 0.012528473804100227 0.028
0 0.5028473804100227 0.178 0.02164009111617312 0.044
0 0.5330296127562643 0.207 0.02733485193621868 0.054
0 0.5239179954441914 0.139 0.018223234624145785 0.034
0 0.5523917995444191 0.149 0.018223234624145785 0.034
0 0.5569476082004556 0.115 0.015945330296127564 0.034
0 0.5876993166287016 0.125 0.02050113895216401 0.042
0 0.6548974943052391 0.082 0.015945330296127564 0.036
0 0.6953302961275627 0.07 0.0193621867881549 0.032
0 0.6879271070615034 0.1 0.01366742596810934 0.032
0 0.6788154897494305 0.159 0.022779043280182234 0.05
0 0.6144646924829157 0.234 0.02847380410022779 0.048
0 0.6503416856492027 0.249 0.025056947608200455 0.05
0 0.4772209567198178 0.326 0.0387243735763098 0.08
0 0.7095671981776766 0.28 0.02733485193621868 0.056
0 0.7670842824601367 0.267 0.02847380410022779 0.058
0 0.7203872437357631 0.163 0.0193621867881549 0.042
0 0.7061503416856492 0.146 0.02050113895216401 0.036
0 0.7363325740318907 0.149 0.017084282460136675 0.042
0 0.7454441913439636 0.11 0.014806378132118452 0.036
0 0.7477220956719818 0.173 0.0193621867881549 0.038
0 0.7892938496583144 0.188 0.018223234624145785 0.04
0 0.8029612756264237 0.132 0.015945330296127564 0.028
0 0.8496583143507973 0.182 0.018223234624145785 0.036
0 0.8621867881548975 0.224 0.018223234624145785 0.048