0 0.17577197149643706 0.46513249651324967 0.047505938242280284 0.09344490934449093
0 0.2300079176563737 0.33263598326359833 0.015043547110055424 0.03207810320781032
0 0.25771971496437057 0.3403068340306834 0.01979414093428345 0.04184100418410042
0 0.28661916072842436 0.300557880055788 0.01741884402216944 0.03765690376569038
0 0.27988915281076804 0.3688981868898187 0.021377672209026127 0.043235704323570434
0 0.331353919239905 0.35495118549511856 0.01979414093428345 0.04602510460251046
0 0.3503562945368171 0.31520223152022314 0.0166270783847981 0.03347280334728033
0 0.34837688044338877 0.28870292887029286 0.01741884402216944 0.030683403068340307
0 0.38677751385589865 0.3172942817294282 0.013460015835312747 0.03486750348675035
0 0.40221694378463974 0.32705718270571826 0.02058590657165479 0.03765690376569038
0 0.4018210609659541 0.29358437935843795 0.0166270783847981 0.03486750348675035
0 0.39825811559778307 0.2712691771269177 0.01583531274742676 0.026499302649930265
0 0.38915281076801267 0.25383542538354253 0.015043547110055424 0.030683403068340307
0 0.4307205067300079 0.29916317991631797 0.02058590657165479 0.043235704323570434
0 0.42003167062549485 0.2601115760111576 0.015043547110055424 0.029288702928870293
0 0.43547110055423593 0.2615062761506276 0.01583531274742676 0.03486750348675035
0 0.4639746634996041 0.29428172942817293 0.01583531274742676 0.02789400278940028
0 0.4615993665874901 0.25732217573221755 0.01583531274742676 0.03207810320781032
0 0.4505146476642914 0.24337517433751743 0.014251781472684086 0.026499302649930265
0 0.4588281868566904 0.23291492329149233 0.013460015835312747 0.02510460251046025
0 0.49049881235154397 0.3124128312412831 0.01979414093428345 0.03905160390516039
0 0.48653998416468724 0.2649930264993027 0.0166270783847981 0.03347280334728033
0 0.49643705463182897 0.2510460251046025 0.012668250197941409 0.02510460251046025
0 0.5067300079176563 0.27475592747559274 0.01583531274742676 0.03347280334728033
0 0.5083135391923991 0.2398884239888424 0.012668250197941409 0.030683403068340307
0 0.5209817893903405 0.24337517433751743 0.01583531274742676 0.03765690376569038
0 0.5542359461599367 0.2175732217573222 0.012668250197941409 0.02510460251046025
0 0.5605700712589073 0.23500697350069735 0.014251781472684086 0.026499302649930265
0 0.5661124307205068 0.25453277545327757 0.012668250197941409 0.03207810320781032
0 0.5894695170229612 0.2377963737796374 0.011876484560570071 0.029288702928870293
0 0.5878859857482185 0.21827057182705717 0.011876484560570071 0.023709902370990237
0 0.5989707046714172 0.20292887029288703 0.013460015835312747 0.026499302649930265
0 0.611243072050673 0.21478382147838215 0.012668250197941409 0.02510460251046025
0 0.6239113222486145 0.24546722454672246 0.014251781472684086 0.030683403068340307
0 0.6504354711005542 0.20920502092050208 0.015043547110055424 0.030683403068340307
0 0.6563737133808393 0.22594142259414227 0.012668250197941409 0.02789400278940028
0 0.667458432304038 0.22384937238493724 0.012668250197941409 0.029288702928870293
0 0.5237529691211401 0.35355648535564854 0.026128266033254157 0.05718270571827057
0 0.4948535233570863 0.37447698744769875 0.026920031670625493 0.06276150627615062
0 0.5360253365003959 0.39539748953974896 0.030087094220110848 0.05160390516039052
0 0.5779889152810768 0.3786610878661088 0.028503562945368172 0.05439330543933055
0 0.5819477434679335 0.32426778242677823 0.02058590657165479 0.04602510460251046
0 0.5415676959619953 0.2754532775453278 0.01583531274742676 0.03207810320781032
0 0.5989707046714172 0.4198047419804742 0.026128266033254157 0.061366806136680614
0 0.6243072050673001 0.4511854951185495 0.03721298495645289 0.07391910739191074
0 0.6504354711005542 0.3633193863319386 0.026128266033254157 0.04881450488145049
0 0.6302454473475851 0.33403068340306835 0.023752969121140142 0.04602510460251046
0 0.617181314330958 0.300557880055788 0.01979414093428345 0.043235704323570434
0 0.6524148851939826 0.2754532775453278 0.019002375296912115 0.03765690376569038
0 0.6765637371338084 0.3472803347280335 0.021377672209026127 0.058577405857740586
0 0.6884402216943785 0.5055788005578801 0.040380047505938245 0.08228730822873083
0 0.7054631828978623 0.39609483960948394 0.030087094220110848 0.05578800557880056
0 0.7652414885193982 0.41841004184100417 0.02929532858273951 0.05578800557880056
0 0.779889152810768 0.4895397489539749 0.03483768804433888 0.06694560669456066
0 0.8234362628661916 0.4330543933054393 0.025336500395882817 0.06276150627615062
0 0.8365003958828187 0.3688981868898187 0.02454473475851148 0.05160390516039052
0 0.7925574030087095 0.3563458856345886 0.023752969121140142 0.04881450488145049
0 0.8950910530482977 0.4602510460251046 0.03246239113222486 0.06415620641562064
0 0.8883610451306413 0.3905160390516039 0.026920031670625493 0.05299860529986053
0 0.9010292953285828 0.3493723849372385 0.019002375296912115 0.040446304044630406
0 0.8749010292953285 0.32426778242677823 0.022169437846397466 0.04602510460251046
0 0.8436262866191607 0.3312412831241283 0.01979414093428345 0.043235704323570434
0 0.8155186064924782 0.30264993026499304 0.022169437846397466 0.044630404463040445
0 0.7909738717339667 0.297768479776848 0.019002375296912115 0.03765690376569038
0 0.7953285827395091 0.2719665271966527 0.018210609659540775 0.03626220362622036
0 0.7897862232779097 0.24476987447698745 0.0166270783847981 0.03207810320781032
0 0.7624703087885986 0.2601115760111576 0.01583531274742676 0.03207810320781032
0 0.7589073634204275 0.23500697350069735 0.015043547110055424 0.029288702928870293
0 0.7387173396674585 0.28172942817294283 0.01741884402216944 0.03905160390516039
0 0.7300079176563737 0.2615062761506276 0.012668250197941409 0.029288702928870293
0 0.7450514647664291 0.2594142259414226 0.012668250197941409 0.030683403068340307
0 0.7292161520190024 0.2308228730822873 0.014251781472684086 0.03207810320781032
0 0.7094220110847189 0.2482566248256625 0.01583531274742676 0.03347280334728033
0 0.6931908155186065 0.300557880055788 0.01979414093428345 0.03765690376569038
0 0.6864608076009501 0.2482566248256625 0.01583531274742676 0.03347280334728033
0 0.8182897862232779 0.25592747559274753 0.015043547110055424 0.03486750348675035
0 0.8297703879651623 0.2691771269177127 0.014251781472684086 0.03626220362622036
0 0.8483768804433888 0.25453277545327757 0.013460015835312747 0.03765690376569038
0 0.8669833729216152 0.27266387726638774 0.01741884402216944 0.03765690376569038
0 0.9045922406967538 0.30404463040446306 0.015043547110055424 0.02789400278940028
0 0.9085510688836105 0.27824267782426776 0.013460015835312747 0.023709902370990237