0 0.2508269018743109 0.208498023715415 0.027563395810363836 0.045454545454545456
0 0.28831312017640576 0.18181818181818182 0.023153252480705624 0.04743083003952569
0 0.4597574421168688 0.17885375494071146 0.026460859977949284 0.05731225296442688
0 0.49503858875413453 0.18379446640316205 0.026460859977949284 0.05533596837944664
0 0.5441014332965821 0.1492094861660079 0.025358324145534728 0.05731225296442688
0 0.5689084895259096 0.11758893280632411 0.019845644983461964 0.045454545454545456
0 0.6008820286659317 0.11956521739130435 0.026460859977949284 0.04940711462450593
0 0.6306504961411246 0.17885375494071146 0.026460859977949284 0.05731225296442688
0 0.6582138919514884 0.14723320158102768 0.022050716648291068 0.0533596837944664
0 0.6885336273428887 0.2707509881422925 0.03197353914002205 0.05138339920948617
0 0.7254685777287762 0.2756916996047431 0.02866593164277839 0.06126482213438735
0 0.814773980154355 0.17885375494071146 0.026460859977949284 0.0691699604743083
0 0.954244762954796 0.22430830039525693 0.027563395810363836 0.05731225296442688