0 0.19238095238095237 0.4923469387755102 0.05142857142857143 0.09693877551020408
0 0.3385714285714286 0.25595238095238093 0.02 0.04251700680272109
0 0.36666666666666664 0.2593537414965986 0.02095238095238095 0.04591836734693878
0 0.43333333333333335 0.2789115646258503 0.024761904761904763 0.05442176870748299
0 0.42428571428571427 0.22108843537414966 0.02 0.04081632653061224
0 0.4504761904761905 0.2304421768707483 0.02095238095238095 0.04251700680272109
0 0.44904761904761903 0.18537414965986396 0.018095238095238095 0.034013605442176874
0 0.4742857142857143 0.19387755102040816 0.02095238095238095 0.03741496598639456
0 0.4633333333333333 0.14795918367346939 0.012380952380952381 0.023809523809523808
0 0.4880952380952381 0.141156462585034 0.014285714285714285 0.027210884353741496
0 0.5314285714285715 0.21598639455782312 0.02095238095238095 0.03741496598639456
0 0.5285714285714286 0.14030612244897958 0.015238095238095238 0.02891156462585034
0 0.5561904761904762 0.14795918367346939 0.01904761904761905 0.030612244897959183
0 0.5780952380952381 0.15731292517006804 0.017142857142857144 0.03571428571428571
0 0.6638095238095238 0.25510204081632654 0.024761904761904763 0.05102040816326531
0 0.7219047619047619 0.27380952380952384 0.024761904761904763 0.05442176870748299
0 0.6966666666666667 0.14625850340136054 0.018095238095238095 0.047619047619047616
0 0.7095238095238096 0.14200680272108843 0.017142857142857144 0.03231292517006803
0 0.7238095238095238 0.1564625850340136 0.02095238095238095 0.034013605442176874
0 0.7466666666666667 0.12585034013605442 0.013333333333333334 0.034013605442176874
0 0.7628571428571429 0.11819727891156463 0.017142857142857144 0.03571428571428571
0 0.8142857142857143 0.17431972789115646 0.02095238095238095 0.0391156462585034
0 0.8114285714285714 0.1292517006802721 0.015238095238095238 0.03741496598639456
0 0.8823809523809524 0.22023809523809523 0.021904761904761906 0.04591836734693878
0 0.789047619047619 0.27380952380952384 0.03142857142857143 0.05782312925170068
0 0.9676190476190476 0.43197278911564624 0.03619047619047619 0.11224489795918367