0 0.32338308457711445 0.19550173010380623 0.01791044776119403 0.03460207612456748
0 0.34875621890547265 0.15311418685121106 0.020895522388059702 0.03633217993079585
0 0.4900497512437811 0.1972318339100346 0.026865671641791045 0.05536332179930796
0 0.5616915422885572 0.19550173010380623 0.020895522388059702 0.04152249134948097
0 0.6049751243781094 0.24480968858131488 0.025870646766169153 0.04671280276816609
0 0.6094527363184079 0.19550173010380623 0.020895522388059702 0.04152249134948097
0 0.6532338308457711 0.17301038062283736 0.028855721393034824 0.0657439446366782
0 0.6776119402985075 0.21193771626297578 0.023880597014925373 0.050173010380622836
0 0.7422885572139304 0.27249134948096887 0.029850746268656716 0.05363321799307959
0 0.7771144278606965 0.2897923875432526 0.03781094527363184 0.07439446366782007
0 0.7935323383084577 0.2560553633217993 0.024875621890547265 0.05190311418685121
0 0.8139303482587065 0.2171280276816609 0.023880597014925373 0.05363321799307959
0 0.8303482587064677 0.2586505190311419 0.020895522388059702 0.050173010380622836
0 0.9009950248756219 0.2768166089965398 0.028855721393034824 0.058823529411764705
0 0.9134328358208955 0.3226643598615917 0.03582089552238806 0.07439446366782007