0 0.013819095477386936 0.41494082840236685 0.024288107202680067 0.051775147928994084
0 0.22906197654941374 0.33210059171597633 0.01423785594639866 0.034023668639053255
0 0.28852596314907875 0.2988165680473373 0.01256281407035176 0.03254437869822485
0 0.25753768844221103 0.37056213017751477 0.019262981574539362 0.03994082840236687
0 0.2943886097152429 0.36168639053254437 0.019262981574539362 0.04881656804733728
0 0.3371021775544389 0.3557692307692308 0.02763819095477387 0.04585798816568047
0 0.3555276381909548 0.28328402366863903 0.01423785594639866 0.03106508875739645
0 0.36180904522613067 0.32840236686390534 0.020100502512562814 0.038461538461538464
0 0.38567839195979897 0.32322485207100593 0.020938023450586266 0.03994082840236687
0 0.3936348408710218 0.25443786982248523 0.01340033500837521 0.026627218934911243
0 0.4091289782244556 0.25961538461538464 0.01423785594639866 0.03106508875739645
0 0.4103852596314908 0.29363905325443784 0.01507537688442211 0.02514792899408284
0 0.4120603015075377 0.33357988165680474 0.023450586264656615 0.03994082840236687
0 0.440536013400335 0.2988165680473373 0.020100502512562814 0.038461538461538464
0 0.42922948073701844 0.2507396449704142 0.01423785594639866 0.03106508875739645
0 0.45058626465661644 0.25961538461538464 0.01507537688442211 0.03698224852071006
0 0.47278056951423786 0.22633136094674555 0.024288107202680067 0.029585798816568046
0 0.4765494137353434 0.2603550295857988 0.01340033500837521 0.03550295857988166
0 0.47361809045226133 0.2988165680473373 0.017587939698492462 0.029585798816568046
0 0.4510050251256281 0.3343195266272189 0.019262981574539362 0.029585798816568046
0 0.5054438860971524 0.3173076923076923 0.017587939698492462 0.03994082840236687
0 0.5129815745393634 0.2551775147928994 0.01256281407035176 0.03698224852071006
0 0.5251256281407035 0.27071005917159763 0.021775544388609715 0.047337278106508875
0 0.5309882747068677 0.24186390532544377 0.023450586264656615 0.03106508875739645
0 0.5284757118927973 0.3136094674556213 0.01675041876046901 0.03254437869822485
0 0.5389447236180904 0.35133136094674555 0.022613065326633167 0.042899408284023666
0 0.46901172529313234 0.40088757396449703 0.02680067001675042 0.05621301775147929
0 0.5611390284757118 0.27071005917159763 0.018425460636515914 0.038461538461538464
0 0.5515075376884422 0.24260355029585798 0.010887772194304857 0.03254437869822485
0 0.5640703517587939 0.21597633136094674 0.01256281407035176 0.020710059171597635
0 0.588358458961474 0.2507396449704142 0.01423785594639866 0.028106508875739646
0 0.5816582914572864 0.21449704142011836 0.019262981574539362 0.026627218934911243
0 0.6063651591289783 0.21153846153846154 0.01675041876046901 0.029585798816568046
0 0.6164154103852596 0.19674556213017752 0.01507537688442211 0.029585798816568046
0 0.6088777219430486 0.2448224852071006 0.01675041876046901 0.03698224852071006
0 0.6415410385259631 0.24334319526627218 0.020100502512562814 0.03106508875739645
0 0.6340033500837521 0.20784023668639054 0.011725293132328308 0.019230769230769232
0 0.6469849246231156 0.21227810650887574 0.017587939698492462 0.019230769230769232
0 0.6017587939698492 0.3291420118343195 0.020938023450586266 0.042899408284023666
0 0.6649916247906198 0.20192307692307693 0.010050251256281407 0.028106508875739646
0 0.7081239530988275 0.20857988165680474 0.020938023450586266 0.03254437869822485
0 0.6855108877721943 0.23150887573964496 0.020938023450586266 0.03106508875739645
0 0.6880234505862647 0.26627218934911245 0.020938023450586266 0.029585798816568046
0 0.7110552763819096 0.24186390532544377 0.020100502512562814 0.034023668639053255
0 0.6427973199329984 0.2921597633136095 0.019262981574539362 0.03994082840236687
0 0.6239530988274706 0.34023668639053256 0.021775544388609715 0.03550295857988166
0 0.5330820770519263 0.4223372781065089 0.02931323283082077 0.05473372781065089
0 0.6055276381909548 0.46079881656804733 0.031825795644891124 0.08431952662721894
0 0.6608040201005025 0.36168639053254437 0.02847571189279732 0.04585798816568047
0 0.6486599664991625 0.46671597633136097 0.03768844221105527 0.060650887573964495
0 0.6972361809045227 0.34985207100591714 0.01423785594639866 0.034023668639053255
0 0.6959798994974874 0.3069526627218935 0.020100502512562814 0.03994082840236687
0 0.7349246231155779 0.2781065088757396 0.01423785594639866 0.03254437869822485
0 0.7546063651591289 0.23446745562130178 0.01340033500837521 0.034023668639053255
0 0.7194304857621441 0.47781065088757396 0.04020100502512563 0.08284023668639054
0 0.7495812395309883 0.4119822485207101 0.02847571189279732 0.05473372781065089
0 0.7730318257956449 0.23150887573964496 0.01507537688442211 0.034023668639053255
0 0.7826633165829145 0.2781065088757396 0.015912897822445562 0.038461538461538464
0 0.7889447236180904 0.23964497041420119 0.01340033500837521 0.03254437869822485
0 0.7977386934673367 0.24186390532544377 0.007537688442211055 0.034023668639053255
0 0.7948073701842546 0.4208579881656805 0.02680067001675042 0.06360946745562131
0 0.8500837520938024 0.5384615384615384 0.03015075376884422 0.07988165680473373
0 0.8567839195979899 0.46745562130177515 0.03350083752093802 0.0621301775147929
0 0.821608040201005 0.35650887573964496 0.02512562814070352 0.05621301775147929
0 0.8287269681742043 0.2958579881656805 0.015912897822445562 0.029585798816568046
0 0.8329145728643216 0.2588757396449704 0.01423785594639866 0.029585798816568046
0 0.8530150753768844 0.2470414201183432 0.01256281407035176 0.029585798816568046
0 0.8835845896147404 0.2403846153846154 0.011725293132328308 0.02514792899408284
0 0.8697654941373534 0.257396449704142 0.019262981574539362 0.03254437869822485
0 0.8517587939698492 0.3047337278106509 0.018425460636515914 0.03550295857988166
0 0.8559463986599665 0.3328402366863905 0.020100502512562814 0.038461538461538464
0 0.8706030150753769 0.3661242603550296 0.020938023450586266 0.051775147928994084
0 0.8860971524288107 0.33357988165680474 0.023450586264656615 0.042899408284023666
0 0.907035175879397 0.2818047337278107 0.01675041876046901 0.03994082840236687
0 0.9254606365159129 0.4822485207100592 0.02680067001675042 0.0621301775147929
0 0.9505862646566164 0.3572485207100592 0.021775544388609715 0.042899408284023666
0 0.9296482412060302 0.3106508875739645 0.01507537688442211 0.04437869822485207
0 0.9468174204355109 0.3010355029585799 0.02763819095477387 0.04585798816568047
0 0.9505862646566164 0.27588757396449703 0.01340033500837521 0.02514792899408284
0 0.8659966499162479 0.27958579881656803 0.01507537688442211 0.038461538461538464