0 0.2012987012987013 0.4554367201426025 0.04295704295704296 0.09090909090909091
0 0.2942057942057942 0.21301247771836007 0.016983016983016984 0.0338680926916221
0 0.3131868131868132 0.21568627450980393 0.016983016983016984 0.035650623885918005
0 0.3256743256743257 0.24064171122994651 0.017982017982017984 0.0427807486631016
0 0.3761238761238761 0.232620320855615 0.022977022977022976 0.044563279857397504
0 0.3991008991008991 0.23618538324420676 0.01898101898101898 0.0481283422459893
0 0.4145854145854146 0.25935828877005346 0.027972027972027972 0.044563279857397504
0 0.4045954045954046 0.21568627450980393 0.01998001998001998 0.035650623885918005
0 0.3711288711288711 0.18805704099821746 0.014985014985014986 0.0338680926916221
0 0.37962037962037964 0.17023172905525846 0.015984015984015984 0.030303030303030304
0 0.4230769230769231 0.15151515151515152 0.012987012987012988 0.0285204991087344
0 0.45754245754245754 0.14527629233511585 0.011988011988011988 0.023172905525846704
0 0.46703296703296704 0.15151515151515152 0.012987012987012988 0.0213903743315508
0 0.47152847152847155 0.1711229946524064 0.015984015984015984 0.03208556149732621
0 0.4695304695304695 0.1925133689839572 0.01998001998001998 0.03208556149732621
0 0.46153846153846156 0.21836007130124777 0.02197802197802198 0.044563279857397504
0 0.47352647352647353 0.1354723707664884 0.00999000999000999 0.024955436720142603
0 0.48801198801198803 0.13725490196078433 0.014985014985014986 0.024955436720142603
0 0.499000999000999 0.12032085561497326 0.008991008991008992 0.023172905525846704
0 0.49100899100899104 0.16131907308377896 0.016983016983016984 0.026737967914438502
0 0.515984015984016 0.16488413547237077 0.014985014985014986 0.0374331550802139
0 0.5369630369630369 0.15418894830659535 0.016983016983016984 0.0338680926916221
0 0.5399600399600399 0.14349376114081996 0.012987012987012988 0.030303030303030304
0 0.5194805194805194 0.13368983957219252 0.013986013986013986 0.024955436720142603
0 0.561938061938062 0.15062388591800357 0.014985014985014986 0.026737967914438502
0 0.5629370629370629 0.1836007130124777 0.02097902097902098 0.0392156862745098
0 0.5834165834165834 0.1586452762923351 0.017982017982017984 0.035650623885918005
0 0.5989010989010989 0.14884135472370766 0.016983016983016984 0.030303030303030304
0 0.5849150849150849 0.11853832442067737 0.012987012987012988 0.023172905525846704
0 0.6078921078921079 0.10427807486631016 0.012987012987012988 0.0196078431372549
0 0.6118881118881119 0.13636363636363635 0.012987012987012988 0.030303030303030304
0 0.6328671328671329 0.1586452762923351 0.01898101898101898 0.0285204991087344
0 0.6293706293706294 0.11229946524064172 0.011988011988011988 0.0285204991087344
0 0.6453546453546454 0.11853832442067737 0.017982017982017984 0.0338680926916221
0 0.6783216783216783 0.11051693404634581 0.013986013986013986 0.0285204991087344
0 0.7302697302697303 0.0677361853832442 0.013986013986013986 0.0285204991087344
0 0.5564435564435565 0.23618538324420676 0.02197802197802198 0.044563279857397504
0 0.6158841158841158 0.2522281639928699 0.026973026973026972 0.05525846702317291
0 0.6183816183816184 0.21479500891265596 0.02197802197802198 0.040998217468805706
0 0.6673326673326674 0.22281639928698752 0.02197802197802198 0.0427807486631016
0 0.7102897102897103 0.19162210338680927 0.01998001998001998 0.0481283422459893
0 0.7352647352647352 0.17825311942959002 0.01998001998001998 0.0392156862745098
0 0.7382617382617382 0.23618538324420676 0.017982017982017984 0.044563279857397504
0 0.7682317682317682 0.24955436720142601 0.02197802197802198 0.049910873440285206
0 0.7752247752247752 0.3146167557932264 0.029970029970029972 0.062388591800356503
0 0.7667332667332667 0.19964349376114082 0.02097902097902098 0.04634581105169341
0 0.7307692307692307 0.1408199643493761 0.01898101898101898 0.03208556149732621
0 0.7597402597402597 0.12834224598930483 0.014985014985014986 0.035650623885918005
0 0.7832167832167832 0.13992869875222816 0.013986013986013986 0.030303030303030304
0 0.7927072927072927 0.16755793226381463 0.016983016983016984 0.03208556149732621
0 0.7922077922077922 0.21122994652406418 0.023976023976023976 0.044563279857397504
0 0.8071928071928072 0.1265597147950089 0.011988011988011988 0.0285204991087344
0 0.8231768231768232 0.13725490196078433 0.00999000999000999 0.024955436720142603
0 0.8286713286713286 0.16934046345811052 0.014985014985014986 0.03208556149732621
0 0.8391608391608392 0.14705882352941177 0.013986013986013986 0.030303030303030304
0 0.8521478521478522 0.14527629233511585 0.011988011988011988 0.030303030303030304
0 0.8666333666333667 0.17379679144385027 0.016983016983016984 0.0338680926916221
0 0.8561438561438561 0.21212121212121213 0.02197802197802198 0.04634581105169341
0 0.8431568431568431 0.23975044563279857 0.015984015984015984 0.0481283422459893
0 0.8841158841158842 0.23351158645276293 0.015984015984015984 0.0392156862745098
0 0.8886113886113887 0.20231729055258468 0.014985014985014986 0.0374331550802139
0 0.8821178821178821 0.16310160427807488 0.013986013986013986 0.0338680926916221
0 0.8961038961038961 0.18092691622103388 0.011988011988011988 0.026737967914438502
0 0.9080919080919081 0.14527629233511585 0.015984015984015984 0.0338680926916221
0 0.9035964035964036 0.35472370766488415 0.028971028971028972 0.06417112299465241
0 0.9155844155844156 0.2557932263814617 0.022977022977022976 0.05525846702317291
0 0.9410589410589411 0.20320855614973263 0.017982017982017984 0.0427807486631016
0 0.935064935064935 0.17379679144385027 0.015984015984015984 0.030303030303030304
0 0.9530469530469531 0.17914438502673796 0.011988011988011988 0.0338680926916221