0 0.206296992481203 0.43456375838926176 0.05545112781954887 0.1174496644295302
0 0.25093984962406013 0.39093959731543626 0.046992481203007516 0.09060402684563758
0 0.2805451127819549 0.18959731543624161 0.02537593984962406 0.050335570469798654
0 0.3449248120300752 0.24664429530201343 0.022556390977443608 0.053691275167785234
0 0.362312030075188 0.2625838926174497 0.021616541353383457 0.04865771812080537
0 0.39708646616541354 0.18288590604026847 0.023496240601503758 0.040268456375838924
0 0.4205827067669173 0.2156040268456376 0.021616541353383457 0.05201342281879195
0 0.4398496240601504 0.23406040268456377 0.020676691729323307 0.04194630872483222
0 0.44548872180451127 0.18120805369127516 0.020676691729323307 0.040268456375838924
0 0.4281015037593985 0.28187919463087246 0.02537593984962406 0.04697986577181208
0 0.4680451127819549 0.1929530201342282 0.018796992481203006 0.0436241610738255
0 0.46381578947368424 0.14848993288590603 0.021616541353383457 0.031879194630872486
0 0.4793233082706767 0.12919463087248323 0.015037593984962405 0.030201342281879196
0 0.5258458646616542 0.13674496644295303 0.017857142857142856 0.04530201342281879
0 0.5075187969924813 0.1686241610738255 0.020676691729323307 0.04530201342281879
0 0.5310150375939849 0.200503355704698 0.02443609022556391 0.04530201342281879
0 0.5502819548872181 0.1493288590604027 0.017857142857142856 0.03691275167785235
0 0.555921052631579 0.10738255033557047 0.012218045112781954 0.026845637583892617
0 0.5737781954887218 0.15436241610738255 0.017857142857142856 0.030201342281879196
0 0.6362781954887218 0.05704697986577181 0.015037593984962405 0.03691275167785235
0 0.4807330827067669 0.31208053691275167 0.03101503759398496 0.06375838926174497
0 0.6146616541353384 0.23909395973154363 0.03195488721804511 0.04530201342281879
0 0.6696428571428571 0.24412751677852348 0.02725563909774436 0.0587248322147651
0 0.6738721804511278 0.1593959731543624 0.015037593984962405 0.04697986577181208
0 0.7053571428571429 0.14429530201342283 0.017857142857142856 0.03691275167785235
0 0.7288533834586466 0.15268456375838926 0.019736842105263157 0.040268456375838924
0 0.7354323308270677 0.13758389261744966 0.019736842105263157 0.03691275167785235
0 0.75 0.09563758389261745 0.015037593984962405 0.03691275167785235
0 0.7443609022556391 0.16778523489932887 0.018796992481203006 0.03691275167785235
0 0.7119360902255639 0.27432885906040266 0.02537593984962406 0.0587248322147651
0 0.7608082706766918 0.2835570469798658 0.02725563909774436 0.06040268456375839
0 0.7918233082706767 0.18036912751677853 0.019736842105263157 0.04194630872483222
0 0.8054511278195489 0.11828859060402684 0.016917293233082706 0.03523489932885906
0 0.8397556390977443 0.17197986577181207 0.019736842105263157 0.04865771812080537
0 0.8637218045112782 0.2197986577181208 0.018796992481203006 0.053691275167785234