0 0.262720156555773 0.4401041666666667 0.04403131115459882 0.09895833333333333
0 0.28033268101761255 0.2552083333333333 0.016634050880626222 0.03125
0 0.3150684931506849 0.265625 0.021526418786692758 0.034722222222222224
0 0.34148727984344424 0.21614583333333334 0.01761252446183953 0.03993055555555555
0 0.36252446183953035 0.24739583333333334 0.016634050880626222 0.03993055555555555
0 0.4006849315068493 0.2421875 0.016634050880626222 0.036458333333333336
0 0.38747553816046965 0.2126736111111111 0.015655577299412915 0.036458333333333336
0 0.4080234833659491 0.21614583333333334 0.01761252446183953 0.029513888888888888
0 0.44080234833659493 0.2152777777777778 0.016634050880626222 0.03125
0 0.4178082191780822 0.15625 0.009784735812133072 0.024305555555555556
0 0.4569471624266145 0.140625 0.011741682974559686 0.027777777777777776
0 0.4657534246575342 0.1597222222222222 0.011741682974559686 0.024305555555555556
0 0.46771037181996084 0.19444444444444445 0.015655577299412915 0.03125
0 0.4897260273972603 0.1675347222222222 0.012720156555772993 0.029513888888888888
0 0.4828767123287671 0.1449652777777778 0.014677103718199608 0.029513888888888888
0 0.5572407045009785 0.1875 0.018590998043052837 0.03819444444444445
0 0.5484344422700587 0.06163194444444445 0.010763209393346379 0.029513888888888888
0 0.5792563600782779 0.1189236111111111 0.011741682974559686 0.026041666666666668
0 0.6193737769080235 0.11284722222222222 0.011741682974559686 0.020833333333333332
0 0.6453033268101761 0.12152777777777778 0.012720156555772993 0.027777777777777776
0 0.6086105675146771 0.2604166666666667 0.023483365949119372 0.052083333333333336
0 0.6614481409001957 0.2387152777777778 0.015655577299412915 0.043402777777777776
0 0.7250489236790607 0.2326388888888889 0.01761252446183953 0.041666666666666664
0 0.7093933463796478 0.17100694444444445 0.0136986301369863 0.03298611111111111
0 0.7323874755381604 0.1753472222222222 0.016634050880626222 0.034722222222222224
0 0.7318982387475538 0.1501736111111111 0.01761252446183953 0.03298611111111111
0 0.8409980430528375 0.18489583333333334 0.016634050880626222 0.043402777777777776
0 0.7886497064579256 0.3229166666666667 0.023483365949119372 0.059027777777777776
0 0.9060665362035225 0.3515625 0.021526418786692758 0.0642361111111111
0 0.9217221135029354 0.2942708333333333 0.01761252446183953 0.046875
0 0.9178082191780822 0.24739583333333334 0.019569471624266144 0.046875
0 0.9261252446183953 0.21788194444444445 0.016634050880626222 0.03993055555555555
0 0.9373776908023483 0.2152777777777778 0.011741682974559686 0.034722222222222224
0 0.9486301369863014 0.19791666666666666 0.014677103718199608 0.027777777777777776
0 0.8909001956947162 0.20833333333333334 0.014677103718199608 0.034722222222222224
0 0.8972602739726028 0.18489583333333334 0.011741682974559686 0.029513888888888888
0 0.8708414872798435 0.171875 0.011741682974559686 0.03125
0 0.6159491193737769 0.13541666666666666 0.010763209393346379 0.024305555555555556
0 0.8874755381604696 0.2465277777777778 0.015655577299412915 0.052083333333333336