0 0.21110056925996204 0.4301164725457571 0.05977229601518026 0.09484193011647254
0 0.2656546489563567 0.2628951747088186 0.022770398481973434 0.04991680532445923
0 0.2922201138519924 0.2670549084858569 0.020872865275142316 0.04159733777038269
0 0.3206831119544592 0.21880199667221298 0.017077798861480076 0.028286189683860232
0 0.325426944971537 0.24708818635607321 0.020872865275142316 0.03826955074875208
0 0.3553130929791271 0.25540765391014975 0.021821631878557873 0.05490848585690516
0 0.36527514231499053 0.2096505823627288 0.015180265654648957 0.03993344425956739
0 0.38851992409867175 0.18469217970049917 0.016129032258064516 0.029950083194675542
0 0.396584440227704 0.2995008319467554 0.026565464895635674 0.03993344425956739
0 0.4060721062618596 0.22129783693843594 0.018975332068311195 0.036605657237936774
0 0.4198292220113852 0.18552412645590682 0.018026565464895637 0.028286189683860232
0 0.45635673624288425 0.1497504159733777 0.018975332068311195 0.033277870216306155
0 0.4468690702087287 0.20881863560732114 0.022770398481973434 0.028286189683860232
0 0.49383301707779886 0.13976705490848584 0.016129032258064516 0.033277870216306155
0 0.48007590132827327 0.19633943427620631 0.015180265654648957 0.036605657237936774
0 0.5018975332068312 0.1589018302828619 0.015180265654648957 0.03826955074875208
0 0.5199240986717267 0.14891846921797006 0.017077798861480076 0.03161397670549085
0 0.47580645161290325 0.23876871880199668 0.027514231499051234 0.03826955074875208
0 0.3951612903225806 0.2703826955074875 0.027514231499051234 0.03494176372712146
0 0.5360531309297912 0.21630615640599002 0.022770398481973434 0.03993344425956739
0 0.5583491461100569 0.1638935108153078 0.019924098671726755 0.03826955074875208
0 0.5384250474383302 0.16888519134775373 0.018026565464895637 0.024958402662229616
0 0.5716318785578748 0.12146422628951747 0.019924098671726755 0.036605657237936774
0 0.5782732447817837 0.16971713810316139 0.016129032258064516 0.033277870216306155
0 0.594876660341556 0.16722129783693843 0.020872865275142316 0.03826955074875208
0 0.6110056925996205 0.13227953410981697 0.018975332068311195 0.03161397670549085
0 0.5123339658444023 0.3086522462562396 0.03984819734345351 0.05490848585690516
0 0.5891840607210627 0.2221297836938436 0.024667931688804556 0.06156405990016639
0 0.6541745730550285 0.12229617304492513 0.021821631878557873 0.03161397670549085
0 0.6546489563567363 0.14559068219633944 0.024667931688804556 0.03161397670549085
0 0.622865275142315 0.2096505823627288 0.023719165085388995 0.04658901830282862
0 0.5934535104364327 0.29700499168053246 0.025616698292220113 0.048252911813643926
0 0.6385199240986718 0.3211314475873544 0.026565464895635674 0.05324459234608985
0 0.6674573055028463 0.2703826955074875 0.023719165085388995 0.051580698835274545
0 0.6627134724857685 0.18885191347753744 0.019924098671726755 0.03826955074875208
0 0.6797912713472486 0.2129783693843594 0.019924098671726755 0.04991680532445923
0 0.7148956356736242 0.19384359400998336 0.023719165085388995 0.04492512479201331
0 0.7129981024667932 0.14891846921797006 0.018026565464895637 0.03494176372712146
0 0.7229601518026565 0.1464226289517471 0.018975332068311195 0.036605657237936774
0 0.7447817836812144 0.11980033277870217 0.015180265654648957 0.03993344425956739
0 0.7438330170777988 0.17304492512479203 0.015180265654648957 0.036605657237936774
0 0.7561669829222012 0.20049916805324458 0.020872865275142316 0.03826955074875208
0 0.7286527514231499 0.2961730449251248 0.028462998102466792 0.04991680532445923
0 0.7642314990512334 0.3011647254575707 0.03510436432637571 0.04658901830282862
0 0.7722960151802657 0.23793677204658903 0.024667931688804556 0.04658901830282862
0 0.7746679316888045 0.1447587354409318 0.018026565464895637 0.04326123128119801
0 0.788899430740038 0.21381031613976706 0.023719165085388995 0.04492512479201331
0 0.8135673624288425 0.1930116472545757 0.021821631878557873 0.029950083194675542
0 0.8235294117647058 0.129783693843594 0.017077798861480076 0.036605657237936774
0 0.860056925996205 0.13976705490848584 0.023719165085388995 0.04991680532445923
0 0.8510436432637571 0.16472545757071547 0.020872865275142316 0.033277870216306155
0 0.8486717267552182 0.2079866888519135 0.031309297912713474 0.04991680532445923
0 0.8496204933586338 0.30615640599001664 0.031309297912713474 0.05324459234608985
0 0.8567362428842504 0.27287853577371046 0.030360531309297913 0.06988352745424292
0 0.8885199240986718 0.20049916805324458 0.018026565464895637 0.04159733777038269
0 0.8956356736242884 0.18136439267886856 0.015180265654648957 0.036605657237936774
0 0.9055977229601518 0.1605657237936772 0.023719165085388995 0.04159733777038269
0 0.9316888045540797 0.21713810316139767 0.026565464895635674 0.04492512479201331
0 0.9255218216318786 0.26788685524126454 0.025616698292220113 0.059900166389351084
0 0.687381404174573 0.13810316139767054 0.021821631878557873 0.04658901830282862
0 0.6992409867172675 0.2504159733777038 0.024667931688804556 0.04492512479201331