0 0.06568471337579618 0.471671388101983 0.03901273885350318 0.07365439093484419
0 0.22531847133757962 0.3293201133144476 0.022292993630573247 0.04107648725212465
0 0.27388535031847133 0.3052407932011331 0.020700636942675158 0.04107648725212465
0 0.24800955414012738 0.35694050991501414 0.026273885350318472 0.0453257790368272
0 0.2818471337579618 0.35339943342776203 0.01910828025477707 0.04107648725212465
0 0.3375796178343949 0.29320113314447593 0.01910828025477707 0.039660056657223795
0 0.3236464968152866 0.34206798866855526 0.018312101910828025 0.04107648725212465
0 0.375 0.2584985835694051 0.01592356687898089 0.03824362606232295
0 0.39171974522292996 0.2747875354107649 0.022292993630573247 0.039660056657223795
0 0.3682324840764331 0.3293201133144476 0.021496815286624203 0.03541076487252125
0 0.39570063694267515 0.334985835694051 0.01751592356687898 0.03824362606232295
0 0.4104299363057325 0.2535410764872521 0.015127388535031847 0.031161473087818695
0 0.43351910828025475 0.254957507082153 0.01194267515923567 0.031161473087818695
0 0.4450636942675159 0.2471671388101983 0.01751592356687898 0.04107648725212465
0 0.45581210191082805 0.23158640226628896 0.019904458598726114 0.03824362606232295
0 0.49562101910828027 0.24008498583569404 0.01194267515923567 0.024079320113314446
0 0.4872611464968153 0.25920679886685555 0.01592356687898089 0.028328611898016998
0 0.49960191082802546 0.26416430594900847 0.015127388535031847 0.032577903682719546
0 0.508359872611465 0.24362606232294617 0.010350318471337579 0.019830028328611898
0 0.5286624203821656 0.23937677053824363 0.012738853503184714 0.0226628895184136
0 0.5394108280254777 0.21813031161473087 0.010350318471337579 0.0226628895184136
0 0.5529458598726115 0.2046742209631728 0.01194267515923567 0.024079320113314446
0 0.4323248407643312 0.3356940509915014 0.020700636942675158 0.036827195467422094
0 0.4510350318471338 0.31444759206798867 0.019904458598726114 0.031161473087818695
0 0.4872611464968153 0.3130311614730878 0.01910828025477707 0.036827195467422094
0 0.5545382165605095 0.27124645892351273 0.013535031847133758 0.029745042492917848
0 0.5648885350318471 0.24858356940509915 0.02308917197452229 0.029745042492917848
0 0.5839968152866242 0.25 0.024681528662420384 0.029745042492917848
0 0.5816082802547771 0.21954674220963172 0.018312101910828025 0.039660056657223795
0 0.5895700636942676 0.1990084985835694 0.016719745222929936 0.029745042492917848
0 0.6039012738853503 0.21458923512747877 0.016719745222929936 0.029745042492917848
0 0.6174363057324841 0.21600566572237961 0.015127388535031847 0.029745042492917848
0 0.446656050955414 0.40368271954674223 0.02388535031847134 0.053824362606232294
0 0.5103503184713376 0.3626062322946176 0.020700636942675158 0.05099150141643059
0 0.5214968152866242 0.39943342776203966 0.02388535031847134 0.053824362606232294
0 0.5748407643312102 0.3293201133144476 0.020700636942675158 0.043909348441926344
0 0.5704617834394905 0.3895184135977337 0.035828025477707005 0.05099150141643059
0 0.5680732484076433 0.443342776203966 0.03105095541401274 0.06515580736543909
0 0.6397292993630573 0.21175637393767704 0.018312101910828025 0.029745042492917848
0 0.6508757961783439 0.21600566572237961 0.016719745222929936 0.029745042492917848
0 0.6174363057324841 0.2535410764872521 0.019904458598726114 0.039660056657223795
0 0.6457006369426752 0.26841359773371104 0.01751592356687898 0.04107648725212465
0 0.615843949044586 0.3009915014164306 0.026273885350318472 0.03824362606232295
0 0.6226114649681529 0.3434844192634561 0.01910828025477707 0.046742209631728045
0 0.6325636942675159 0.3661473087818697 0.024681528662420384 0.05524079320113314
0 0.6743630573248408 0.21246458923512748 0.01751592356687898 0.025495750708215296
0 0.677547770700637 0.24362606232294617 0.01751592356687898 0.0339943342776204
0 0.6667993630573248 0.2953257790368272 0.02308917197452229 0.03824362606232295
0 0.6640127388535032 0.35694050991501414 0.020700636942675158 0.053824362606232294
0 0.6178343949044586 0.471671388101983 0.03980891719745223 0.06515580736543909
0 0.6982484076433121 0.40155807365439095 0.030254777070063694 0.05524079320113314
0 0.6882961783439491 0.5063739376770539 0.035828025477707005 0.07790368271954674
0 0.6986464968152867 0.2776203966005666 0.013535031847133758 0.0339943342776204
0 0.7105891719745223 0.24504249291784702 0.016719745222929936 0.031161473087818695
0 0.7189490445859873 0.24858356940509915 0.01910828025477707 0.04107648725212465
0 0.7372611464968153 0.22875354107648727 0.01592356687898089 0.026912181303116147
0 0.7380573248407644 0.25991501416430596 0.012738853503184714 0.026912181303116147
0 0.7488057324840764 0.2776203966005666 0.01194267515923567 0.028328611898016998
0 0.7555732484076433 0.23725212464589235 0.012738853503184714 0.021246458923512748
0 0.7722929936305732 0.2386685552407932 0.014331210191082803 0.026912181303116147
0 0.7810509554140127 0.25991501416430596 0.01751592356687898 0.043909348441926344
0 0.7890127388535032 0.2953257790368272 0.01592356687898089 0.03541076487252125
0 0.7846337579617835 0.35339943342776203 0.019904458598726114 0.046742209631728045
0 0.7372611464968153 0.42209631728045327 0.03184713375796178 0.056657223796033995
0 0.7989649681528662 0.5021246458923513 0.024681528662420384 0.06657223796033994
0 0.8228503184713376 0.46175637393767704 0.026273885350318472 0.06515580736543909
0 0.8144904458598726 0.24858356940509915 0.014331210191082803 0.029745042492917848
0 0.8029458598726115 0.32223796033994334 0.016719745222929936 0.03541076487252125
0 0.8097133757961783 0.3031161473087819 0.01592356687898089 0.036827195467422094
0 0.8328025477707006 0.26203966005665724 0.014331210191082803 0.025495750708215296
0 0.8455414012738853 0.2521246458923513 0.011146496815286623 0.025495750708215296
0 0.8646496815286624 0.27124645892351273 0.012738853503184714 0.026912181303116147
0 0.8479299363057324 0.3413597733711048 0.020700636942675158 0.05099150141643059
0 0.8320063694267515 0.3590651558073654 0.020700636942675158 0.05240793201133145
0 0.8809713375796179 0.4511331444759207 0.02945859872611465 0.05807365439093484
0 0.8777866242038217 0.3151558073654391 0.015127388535031847 0.03541076487252125
0 0.8968949044585988 0.301699716713881 0.018312101910828025 0.0453257790368272
0 0.9052547770700637 0.2726628895184136 0.009554140127388535 0.024079320113314446
0 0.9060509554140127 0.35410764872521244 0.01751592356687898 0.05099150141643059
0 0.8232484076433121 0.2719546742209632 0.011146496815286623 0.036827195467422094
0 0.8594745222929936 0.306657223796034 0.018312101910828025 0.049575070821529746
0 0.39012738853503187 0.2988668555240793 0.01751592356687898 0.036827195467422094
0 0.34156050955414013 0.31586402266288954 0.01592356687898089 0.031161473087818695