0 0.24926686217008798 0.22569444444444445 0.019550342130987292 0.04513888888888889
0 0.31573802541544477 0.17447916666666666 0.02346041055718475 0.050347222222222224
0 0.3895405669599218 0.2300347222222222 0.024437927663734114 0.046875
0 0.38269794721407624 0.1909722222222222 0.01857282502443793 0.034722222222222224
0 0.40615835777126097 0.19010416666666666 0.016617790811339198 0.03298611111111111
0 0.4232649071358749 0.203125 0.015640273704789834 0.041666666666666664
0 0.4423264907135875 0.2534722222222222 0.024437927663734114 0.04513888888888889
0 0.45943304007820135 0.2074652777777778 0.019550342130987292 0.03993055555555555
0 0.3841642228739003 0.12586805555555555 0.017595307917888565 0.03298611111111111
0 0.3866080156402737 0.0876736111111111 0.022482893450635387 0.03298611111111111
0 0.4120234604105572 0.1310763888888889 0.016617790811339198 0.029513888888888888
0 0.42130987292277616 0.10677083333333333 0.015640273704789834 0.029513888888888888
0 0.47458455522971654 0.22916666666666666 0.020527859237536656 0.041666666666666664
0 0.45112414467253176 0.11024305555555555 0.020527859237536656 0.036458333333333336
0 0.4613880742913001 0.1328125 0.021505376344086023 0.036458333333333336
0 0.48191593352883677 0.08246527777777778 0.015640273704789834 0.029513888888888888
0 0.4814271749755621 0.1189236111111111 0.01466275659824047 0.026041666666666668
0 0.5048875855327468 0.17274305555555555 0.01857282502443793 0.03993055555555555
0 0.4833822091886608 0.203125 0.01857282502443793 0.034722222222222224
0 0.5244379276637341 0.1501736111111111 0.016617790811339198 0.029513888888888888
0 0.5263929618768328 0.0954861111111111 0.01270772238514174 0.027777777777777776
0 0.5478983382209188 0.12152777777777778 0.01466275659824047 0.024305555555555556
0 0.5635386119257088 0.09635416666666667 0.016617790811339198 0.03298611111111111
0 0.5860215053763441 0.10243055555555555 0.016617790811339198 0.03125
0 0.5992179863147605 0.1232638888888889 0.015640273704789834 0.03125
0 0.603128054740958 0.0998263888888889 0.011730205278592375 0.022569444444444444
0 0.5664711632453568 0.1284722222222222 0.01270772238514174 0.024305555555555556
0 0.6309872922776149 0.13194444444444445 0.01466275659824047 0.027777777777777776
0 0.6515151515151515 0.14149305555555555 0.01270772238514174 0.029513888888888888
0 0.6593352883675464 0.1032986111111111 0.01466275659824047 0.029513888888888888
0 0.6857282502443792 0.11371527777777778 0.01857282502443793 0.029513888888888888
0 0.6788856304985337 0.06597222222222222 0.010752688172043012 0.020833333333333332
0 0.7067448680351907 0.1111111111111111 0.013685239491691105 0.020833333333333332
0 0.5493646138807429 0.1935763888888889 0.02346041055718475 0.043402777777777776
0 0.5581622678396871 0.2734375 0.02541544477028348 0.05381944444444445
0 0.6060606060606061 0.2543402777777778 0.02541544477028348 0.05381944444444445
0 0.6143695014662757 0.2170138888888889 0.01857282502443793 0.034722222222222224
0 0.644672531769306 0.1996527777777778 0.022482893450635387 0.041666666666666664
0 0.5630498533724341 0.16666666666666666 0.017595307917888565 0.034722222222222224
0 0.6749755620723362 0.18663194444444445 0.020527859237536656 0.03993055555555555
0 0.70772238514174 0.18489583333333334 0.021505376344086023 0.03993055555555555
0 0.7438905180840665 0.1970486111111111 0.02737047898338221 0.057291666666666664
0 0.7262952101661779 0.14149305555555555 0.013685239491691105 0.03298611111111111
0 0.615347018572825 0.3289930555555556 0.026392961876832845 0.057291666666666664
0 0.7873900293255132 0.2204861111111111 0.01857282502443793 0.04513888888888889
0 0.8010752688172043 0.2630208333333333 0.026392961876832845 0.05381944444444445
0 0.7438905180840665 0.10503472222222222 0.015640273704789834 0.029513888888888888
0 0.7678396871945259 0.1154513888888889 0.016617790811339198 0.036458333333333336
0 0.8274682306940372 0.1640625 0.016617790811339198 0.03298611111111111
0 0.823069403714565 0.10503472222222222 0.019550342130987292 0.043402777777777776
0 0.7903225806451613 0.16493055555555555 0.016617790811339198 0.03125
0 0.8636363636363636 0.10069444444444445 0.016617790811339198 0.034722222222222224
0 0.9110459433040078 0.1449652777777778 0.017595307917888565 0.03993055555555555
0 0.8880742913000977 0.1909722222222222 0.026392961876832845 0.05555555555555555
0 0.8577712609970675 0.17881944444444445 0.020527859237536656 0.03819444444444445
0 0.8426197458455523 0.2230902777777778 0.017595307917888565 0.043402777777777776
0 0.9672531769305963 0.2942708333333333 0.03225806451612903 0.078125
0 0.9648093841642229 0.3871527777777778 0.039100684261974585 0.08680555555555555
0 0.9369501466275659 0.19791666666666666 0.028347996089931573 0.06597222222222222
0 0.9486803519061584 0.17100694444444445 0.020527859237536656 0.050347222222222224
0 0.9765395894428153 0.1484375 0.015640273704789834 0.036458333333333336
0 0.966275659824047 0.12760416666666666 0.01466275659824047 0.036458333333333336