0 0.6334125098970704 0.0976123595505618 0.00791765637371338 0.026685393258426966
0 0.663895486935867 0.11235955056179775 0.011876484560570071 0.028089887640449437
0 0.6916072842438639 0.11025280898876405 0.013460015835312747 0.02949438202247191
0 0.7414885193982581 0.12078651685393259 0.015043547110055424 0.033707865168539325
0 0.78701504354711 0.11797752808988764 0.012668250197941409 0.019662921348314606
0 0.8072050673000791 0.11938202247191011 0.013460015835312747 0.028089887640449437
0 0.8250197941409343 0.12289325842696629 0.011084718923198733 0.026685393258426966
0 0.5577988915281077 0.11376404494382023 0.018210609659540775 0.025280898876404494
0 0.8685669041963578 0.1348314606741573 0.014251781472684086 0.033707865168539325
0 0.9081551860649247 0.1404494382022472 0.012668250197941409 0.03089887640449438
0 0.8942992874109263 0.15730337078651685 0.013460015835312747 0.03651685393258427
0 0.9180522565320665 0.15379213483146068 0.011876484560570071 0.032303370786516857
0 0.4477434679334917 0.15308988764044945 0.0166270783847981 0.03089887640449438
0 0.47862232779097386 0.14325842696629212 0.011876484560570071 0.025280898876404494
0 0.5051464766429137 0.136938202247191 0.012668250197941409 0.026685393258426966
0 0.5285035629453682 0.14396067415730338 0.0166270783847981 0.02949438202247191
0 0.31314330958036424 0.22823033707865167 0.0166270783847981 0.026685393258426966
0 0.33729216152019004 0.2169943820224719 0.01583531274742676 0.037921348314606744
0 0.3515439429928741 0.22682584269662923 0.01741884402216944 0.037921348314606744
0 0.4231987331749802 0.1853932584269663 0.018210609659540775 0.033707865168539325
0 0.4081551860649248 0.19803370786516855 0.018210609659540775 0.03651685393258427
0 0.37767220902612825 0.23876404494382023 0.02058590657165479 0.0449438202247191
0 0.39429928741092635 0.2808988764044944 0.019002375296912115 0.0449438202247191
0 0.45328582739509105 0.21629213483146068 0.018210609659540775 0.03932584269662921
0 0.4825811559778306 0.19873595505617977 0.02454473475851148 0.04915730337078652
0 0.501187648456057 0.21980337078651685 0.019002375296912115 0.04915730337078652
0 0.5340459224069676 0.17485955056179775 0.021377672209026127 0.04073033707865169
0 0.557403008709422 0.14747191011235955 0.022169437846397466 0.033707865168539325
0 0.5756136183689627 0.15660112359550563 0.014251781472684086 0.037921348314606744
0 0.5799683293745052 0.11867977528089887 0.0166270783847981 0.037921348314606744
0 0.5910530482977039 0.1151685393258427 0.0166270783847981 0.03651685393258427
0 0.6068883610451307 0.13412921348314608 0.01979414093428345 0.04073033707865169
0 0.6167854315122724 0.11938202247191011 0.019002375296912115 0.03651685393258427
0 0.6377672209026128 0.1348314606741573 0.015043547110055424 0.028089887640449437
0 0.6813143309580364 0.16573033707865167 0.015043547110055424 0.03932584269662921
0 0.6239113222486145 0.20154494382022473 0.023752969121140142 0.046348314606741575
0 0.5589865399841647 0.25280898876404495 0.023752969121140142 0.05056179775280899
0 0.5439429928741093 0.29985955056179775 0.022169437846397466 0.06320224719101124
0 0.6013460015835312 0.34620786516853935 0.02454473475851148 0.054775280898876406
0 0.5989707046714172 0.24859550561797752 0.018210609659540775 0.047752808988764044
0 0.6631037212984956 0.2675561797752809 0.018210609659540775 0.04915730337078652
0 0.6753760886777513 0.23525280898876405 0.022169437846397466 0.046348314606741575
0 0.6813143309580364 0.19592696629213482 0.02454473475851148 0.037921348314606744
0 0.7193190815518606 0.1348314606741573 0.0166270783847981 0.03932584269662921
0 0.17181314330958036 0.4726123595505618 0.03800475059382423 0.07162921348314606
0 0.7058590657165479 0.22331460674157302 0.01979414093428345 0.05056179775280899
0 0.7272367379255741 0.19241573033707865 0.02454473475851148 0.047752808988764044
0 0.7478226444972288 0.2577247191011236 0.02454473475851148 0.04915730337078652
0 0.7719714964370546 0.2169943820224719 0.023752969121140142 0.032303370786516857
0 0.8052256532066508 0.19030898876404495 0.026920031670625493 0.060393258426966294
0 0.8258115597783057 0.21910112359550563 0.022169437846397466 0.03651685393258427
0 0.8424386381631037 0.1896067415730337 0.019002375296912115 0.033707865168539325
0 0.8507521773555028 0.24508426966292135 0.02454473475851148 0.054775280898876406
0 0.8693586698337292 0.23595505617977527 0.026920031670625493 0.05898876404494382
0 0.9239904988123515 0.20926966292134833 0.012668250197941409 0.03651685393258427
0 0.9148851939825812 0.24087078651685392 0.01979414093428345 0.04353932584269663
0 0.766825019794141 0.29353932584269665 0.021377672209026127 0.05056179775280899
0 0.8028503562945368 0.2422752808988764 0.022169437846397466 0.046348314606741575
0 0.8202692003167062 0.2949438202247191 0.023752969121140142 0.05056179775280899
0 0.9172604908946952 0.30969101123595505 0.01979414093428345 0.060393258426966294
0 0.8182897862232779 0.39536516853932585 0.038796516231195566 0.07443820224719101
0 0.8867775138558986 0.4431179775280899 0.03642121931908155 0.0800561797752809
0 0.8867775138558986 0.1875 0.014251781472684086 0.0351123595505618
0 0.7216943784639747 0.16432584269662923 0.022961203483768806 0.03932584269662921
0 0.5174188440221694 0.16432584269662923 0.022961203483768806 0.047752808988764044
0 0.47268408551068886 0.175561797752809 0.023752969121140142 0.0449438202247191
0 0.36381631037212986 0.25140449438202245 0.021377672209026127 0.033707865168539325
0 0.33927157561361837 0.2542134831460674 0.021377672209026127 0.03651685393258427
0 0.32145684877276326 0.2577247191011236 0.023752969121140142 0.037921348314606744
0 0.8194774346793349 0.1601123595505618 0.00791765637371338 0.02247191011235955
0 0.7779097387173397 0.1699438202247191 0.015043547110055424 0.03089887640449438
0 0.7521773555027712 0.14115168539325842 0.014251781472684086 0.023876404494382022
0 0.6266825019794141 0.0976123595505618 0.010292953285827395 0.018258426966292134
0 0.850356294536817 0.16432584269662923 0.014251781472684086 0.03651685393258427
0 0.8598574821852731 0.14887640449438203 0.011084718923198733 0.03932584269662921