0 0.045582706766917294 0.39867109634551495 0.03289473684210526 0.06976744186046512
0 0.25093984962406013 0.2799003322259136 0.013157894736842105 0.03156146179401993
0 0.28477443609022557 0.2616279069767442 0.011278195488721804 0.02823920265780731
0 0.29370300751879697 0.25830564784053156 0.015977443609022556 0.03820598006644518
0 0.3092105263157895 0.2159468438538206 0.015037593984962405 0.03322259136212625
0 0.3449248120300752 0.21677740863787376 0.016917293233082706 0.03488372093023256
0 0.36795112781954886 0.21179401993355482 0.015977443609022556 0.03488372093023256
0 0.3801691729323308 0.19767441860465115 0.014097744360902255 0.029900332225913623
0 0.40601503759398494 0.17275747508305647 0.013157894736842105 0.026578073089700997
0 0.4257518796992481 0.1777408637873754 0.015037593984962405 0.036544850498338874
0 0.4515977443609023 0.14119601328903655 0.012218045112781954 0.023255813953488372
0 0.48214285714285715 0.1303986710963455 0.015037593984962405 0.024916943521594685
0 0.47274436090225563 0.16528239202657807 0.016917293233082706 0.03156146179401993
0 0.42199248120300753 0.21345514950166114 0.015037593984962405 0.03156146179401993
0 0.34210526315789475 0.2632890365448505 0.018796992481203006 0.04152823920265781
0 0.399906015037594 0.2915282392026578 0.02537593984962406 0.04152823920265781
0 0.46099624060150374 0.21677740863787376 0.014097744360902255 0.044850498338870434
0 0.5343045112781954 0.13372093023255813 0.015977443609022556 0.04152823920265781
0 0.487312030075188 0.19767441860465115 0.015977443609022556 0.03322259136212625
0 0.48026315789473684 0.22093023255813954 0.016917293233082706 0.03986710963455149
0 0.5648496240601504 0.11295681063122924 0.009398496240601503 0.026578073089700997
0 0.5897556390977443 0.10215946843853821 0.012218045112781954 0.02823920265780731
0 0.5620300751879699 0.14700996677740863 0.018796992481203006 0.03488372093023256
0 0.5366541353383458 0.1686046511627907 0.02443609022556391 0.04152823920265781
0 0.5460526315789473 0.2009966777408638 0.018796992481203006 0.04318936877076412
0 0.47462406015037595 0.3014950166112957 0.02631578947368421 0.054817275747508304
0 0.5831766917293233 0.15199335548172757 0.017857142857142856 0.03820598006644518
0 0.6071428571428571 0.10880398671096346 0.015037593984962405 0.03488372093023256
0 0.6240601503759399 0.09634551495016612 0.013157894736842105 0.026578073089700997
0 0.5587406015037594 0.2931893687707641 0.02725563909774436 0.05149501661129568
0 0.5582706766917294 0.24169435215946844 0.02631578947368421 0.05149501661129568
0 0.6137218045112782 0.19767441860465115 0.018796992481203006 0.03986710963455149
0 0.6090225563909775 0.2516611295681063 0.02819548872180451 0.05149501661129568
0 0.6207706766917294 0.13953488372093023 0.017857142857142856 0.029900332225913623
0 0.6372180451127819 0.10215946843853821 0.009398496240601503 0.02159468438538206
0 0.6677631578947368 0.12292358803986711 0.012218045112781954 0.029900332225913623
0 0.7015977443609023 0.09634551495016612 0.012218045112781954 0.029900332225913623
0 0.6593045112781954 0.20182724252491693 0.017857142857142856 0.03820598006644518
0 0.6541353383458647 0.17857142857142858 0.018796992481203006 0.03488372093023256
0 0.7044172932330827 0.13953488372093023 0.017857142857142856 0.036544850498338874
0 0.674812030075188 0.15282392026578073 0.018796992481203006 0.03986710963455149
0 0.7025375939849624 0.17857142857142858 0.021616541353383457 0.03156146179401993
0 0.7077067669172933 0.2159468438538206 0.02443609022556391 0.03986710963455149
0 0.6588345864661654 0.2441860465116279 0.018796992481203006 0.04318936877076412
0 0.6752819548872181 0.32558139534883723 0.02913533834586466 0.059800664451827246
0 0.7166353383458647 0.292358803986711 0.023496240601503758 0.05647840531561462
0 0.737312030075188 0.12043189368770764 0.014097744360902255 0.03488372093023256
0 0.7467105263157895 0.11960132890365449 0.019736842105263157 0.036544850498338874
0 0.7316729323308271 0.1611295681063123 0.015977443609022556 0.03986710963455149
0 0.7467105263157895 0.18106312292358803 0.017857142857142856 0.04318936877076412
0 0.7659774436090225 0.12541528239202657 0.015037593984962405 0.04152823920265781
0 0.7843045112781954 0.12292358803986711 0.015977443609022556 0.046511627906976744
0 0.7946428571428571 0.1345514950166113 0.015977443609022556 0.03986710963455149
0 0.8078007518796992 0.1270764119601329 0.012218045112781954 0.03156146179401993
0 0.7584586466165414 0.15780730897009967 0.018796992481203006 0.036544850498338874
0 0.7734962406015038 0.21677740863787376 0.016917293233082706 0.04152823920265781
0 0.7781954887218046 0.28322259136212624 0.02631578947368421 0.04817275747508306
0 0.7969924812030075 0.17358803986710963 0.016917293233082706 0.03820598006644518
0 0.8284774436090225 0.1420265780730897 0.019736842105263157 0.04152823920265781
0 0.8425751879699248 0.1777408637873754 0.014097744360902255 0.036544850498338874
0 0.8505639097744361 0.1478405315614618 0.013157894736842105 0.046511627906976744
0 0.8609022556390977 0.14867109634551495 0.022556390977443608 0.044850498338870434
0 0.8693609022556391 0.12541528239202657 0.011278195488721804 0.03488372093023256
0 0.8947368421052632 0.1287375415282392 0.013157894736842105 0.03156146179401993
0 0.868421052631579 0.2217607973421927 0.015037593984962405 0.04152823920265781
0 0.8867481203007519 0.2009966777408638 0.021616541353383457 0.04318936877076412
0 0.9295112781954887 0.15448504983388706 0.013157894736842105 0.03322259136212625
0 0.9224624060150376 0.19102990033222592 0.012218045112781954 0.03322259136212625
0 0.9191729323308271 0.2707641196013289 0.018796992481203006 0.04318936877076412
0 0.5173872180451128 0.1686046511627907 0.019736842105263157 0.03820598006644518
0 0.537124060150376 0.24003322259136212 0.017857142857142856 0.03820598006644518
0 0.4558270676691729 0.17026578073089702 0.016917293233082706 0.03488372093023256
0 0.4718045112781955 0.19186046511627908 0.018796992481203006 0.04152823920265781
0 0.6080827067669173 0.32475083056478404 0.03195488721804511 0.061461794019933555
0 0.8881578947368421 0.16611295681063123 0.015037593984962405 0.03986710963455149
0 0.8115601503759399 0.1644518272425249 0.015977443609022556 0.03986710963455149