0 0.3444548872180451 0.2336065573770492 0.019736842105263157 0.03770491803278689
0 0.35526315789473684 0.30983606557377047 0.020676691729323307 0.03934426229508197
0 0.39144736842105265 0.29918032786885246 0.019736842105263157 0.03770491803278689
0 0.40131578947368424 0.22540983606557377 0.018796992481203006 0.03442622950819672
0 0.3674812030075188 0.20081967213114754 0.015037593984962405 0.027868852459016394
0 0.3956766917293233 0.18770491803278688 0.011278195488721804 0.03114754098360656
0 0.41024436090225563 0.20245901639344263 0.017857142857142856 0.03442622950819672
0 0.4600563909774436 0.23114754098360657 0.017857142857142856 0.03278688524590164
0 0.49201127819548873 0.22950819672131148 0.019736842105263157 0.03934426229508197
0 0.4934210526315789 0.20327868852459016 0.018796992481203006 0.03278688524590164
0 0.47791353383458646 0.1885245901639344 0.014097744360902255 0.029508196721311476
0 0.4619360902255639 0.20491803278688525 0.015977443609022556 0.02622950819672131
0 0.45206766917293234 0.18278688524590164 0.015037593984962405 0.027868852459016394
0 0.5794172932330827 0.14262295081967213 0.014097744360902255 0.02622950819672131
0 0.49295112781954886 0.3073770491803279 0.02537593984962406 0.04426229508196721
0 0.6306390977443609 0.25 0.020676691729323307 0.047540983606557376
0 0.6710526315789473 0.060655737704918035 0.011278195488721804 0.022950819672131147
0 0.7133458646616542 0.1918032786885246 0.018796992481203006 0.04262295081967213
0 0.7584586466165414 0.2442622950819672 0.018796992481203006 0.05245901639344262
0 0.9266917293233082 0.2278688524590164 0.016917293233082706 0.03934426229508197