0 0.1972093023255814 0.5066555740432612 0.04093023255813953 0.08485856905158069
0 0.10790697674418605 0.3227953410981697 0.018604651162790697 0.036605657237936774
0 0.25395348837209303 0.2254575707154742 0.014883720930232559 0.028286189683860232
0 0.4232558139534884 0.22129783693843594 0.01674418604651163 0.036605657237936774
0 0.4558139534883721 0.2254575707154742 0.018604651162790697 0.03161397670549085
0 0.42604651162790697 0.2753743760399334 0.018604651162790697 0.04159733777038269
0 0.4874418604651163 0.3119800332778702 0.026046511627906978 0.04159733777038269
0 0.5409302325581395 0.3643926788685524 0.023255813953488372 0.04326123128119801
0 0.7106976744186047 0.15058236272878536 0.01674418604651163 0.03494176372712146
0 0.7404651162790697 0.15391014975041598 0.014883720930232559 0.03161397670549085
0 0.873953488372093 0.22046589018302828 0.01581395348837209 0.03826955074875208