0 0.07297551789077213 0.40871021775544386 0.0423728813559322 0.08375209380234507
0 0.3286252354048964 0.2562814070351759 0.018832391713747645 0.03685092127303183
0 0.3130885122410546 0.2319932998324958 0.0160075329566855 0.02512562814070352
0 0.3295668549905838 0.22613065326633167 0.015065913370998116 0.02680067001675042
0 0.3516949152542373 0.22948073701842547 0.017890772128060263 0.04020100502512563
0 0.365819209039548 0.24204355108877723 0.017890772128060263 0.04522613065326633
0 0.3860640301318267 0.26046901172529313 0.022598870056497175 0.051926298157453935
0 0.3653483992467043 0.19430485762144054 0.01694915254237288 0.03350083752093802
0 0.397834274952919 0.21943048576214405 0.01977401129943503 0.04020100502512563
0 0.3855932203389831 0.19179229480737017 0.017890772128060263 0.038525963149078725
0 0.4081920903954802 0.1884422110552764 0.017890772128060263 0.038525963149078725
0 0.4515065913370998 0.18760469011725292 0.017890772128060263 0.03685092127303183
0 0.4698681732580038 0.23115577889447236 0.018832391713747645 0.04020100502512563
0 0.4566854990583804 0.228643216080402 0.01694915254237288 0.035175879396984924
0 0.4717514124293785 0.20435510887772193 0.015065913370998116 0.02680067001675042
0 0.4745762711864407 0.17587939698492464 0.013182674199623353 0.03350083752093802
0 0.4901129943502825 0.1984924623115578 0.01977401129943503 0.04187604690117253
0 0.5315442561205274 0.20435510887772193 0.01977401129943503 0.04355108877721943
0 0.5221280602636534 0.17001675041876047 0.01977401129943503 0.04522613065326633
0 0.5433145009416196 0.1541038525963149 0.015065913370998116 0.04020100502512563
0 0.5597928436911488 0.06281407035175879 0.0160075329566855 0.02847571189279732
0 0.5814500941619586 0.06197654941373534 0.014124293785310734 0.02680067001675042
0 0.6224105461393596 0.06532663316582915 0.015065913370998116 0.03015075376884422
0 0.6652542372881356 0.04690117252931323 0.0160075329566855 0.02680067001675042
0 0.6958568738229756 0.051926298157453935 0.015065913370998116 0.03685092127303183
0 0.7274011299435028 0.06448911222780569 0.014124293785310734 0.031825795644891124
0 0.6195856873822976 0.14824120603015076 0.02071563088512241 0.035175879396984924
0 0.6162900188323918 0.12227805695142378 0.0160075329566855 0.023450586264656615
0 0.5795668549905838 0.1423785594639866 0.01224105461393597 0.02680067001675042
0 0.564030131826742 0.12144053601340034 0.015065913370998116 0.031825795644891124
0 0.5720338983050848 0.16917922948073702 0.017890772128060263 0.03350083752093802
0 0.594632768361582 0.1323283082077052 0.01224105461393597 0.02680067001675042
0 0.5 0.330820770519263 0.026365348399246705 0.05862646566164154
0 0.565442561205273 0.3065326633165829 0.02919020715630885 0.06365159128978225
0 0.6064030131826742 0.3274706867671692 0.03389830508474576 0.06867671691792294
0 0.6129943502824858 0.23869346733668342 0.02824858757062147 0.05862646566164154
0 0.6332391713747646 0.20435510887772193 0.01977401129943503 0.04355108877721943
0 0.6530131826741996 0.1984924623115578 0.021657250470809793 0.051926298157453935
0 0.672316384180791 0.20854271356783918 0.022598870056497175 0.051926298157453935
0 0.6774952919020716 0.2554438860971524 0.023540489642184557 0.051926298157453935
0 0.7151600753295668 0.21943048576214405 0.027306967984934087 0.05360134003350084
0 0.7038606403013182 0.18676716917922948 0.017890772128060263 0.031825795644891124
0 0.7033898305084746 0.14321608040201006 0.02071563088512241 0.04187604690117253
0 0.7161016949152542 0.14656616415410384 0.017890772128060263 0.035175879396984924
0 0.7603578154425612 0.1323283082077052 0.017890772128060263 0.04020100502512563
0 0.7688323917137476 0.16080402010050251 0.017890772128060263 0.03685092127303183
0 0.7391713747645952 0.1984924623115578 0.022598870056497175 0.051926298157453935
0 0.7217514124293786 0.2780569514237856 0.027306967984934087 0.06365159128978225
0 0.7693032015065914 0.22529313232830822 0.02824858757062147 0.05862646566164154
0 0.783427495291902 0.29731993299832493 0.02824858757062147 0.05862646566164154
0 0.788135593220339 0.1390284757118928 0.018832391713747645 0.04020100502512563
0 0.806497175141243 0.15577889447236182 0.01977401129943503 0.04355108877721943
0 0.8465160075329566 0.17587939698492464 0.022598870056497175 0.04690117252931323
0 0.8601694915254238 0.15996649916247907 0.01977401129943503 0.038525963149078725
0 0.8893596986817326 0.19514237855946398 0.01977401129943503 0.04522613065326633
0 0.896421845574388 0.1624790619765494 0.022598870056497175 0.04355108877721943
0 0.8681732580037664 0.2520938023450586 0.026365348399246705 0.05527638190954774
0 0.8427495291902072 0.32160804020100503 0.035781544256120526 0.07370184254606366
0 0.914783427495292 0.25125628140703515 0.025423728813559324 0.05695142378559464
0 0.9736346516007532 0.3391959798994975 0.03954802259887006 0.08542713567839195