0 0.20642648490749757 0.42150170648464164 0.04089581304771178 0.07167235494880546
0 0.2619279454722493 0.26621160409556316 0.01557935735150925 0.027303754266211604
0 0.29162609542356377 0.24829351535836178 0.014605647517039922 0.02901023890784983
0 0.3169425511197663 0.25426621160409557 0.012658227848101266 0.030716723549488054
0 0.32716650438169426 0.2738907849829352 0.017526777020447908 0.02901023890784983
0 0.3485881207400195 0.27986348122866894 0.021421616358325218 0.030716723549488054
0 0.3120740019474197 0.22696245733788395 0.016553067185978577 0.030716723549488054
0 0.3373904576436222 0.2235494880546075 0.016553067185978577 0.034129692832764506
0 0.3792599805258033 0.27474402730375425 0.02044790652385589 0.04436860068259386
0 0.4094449853943525 0.28668941979522183 0.018500486854917234 0.04436860068259386
0 0.43378773125608566 0.2508532423208191 0.022395326192794548 0.027303754266211604
0 0.4688412852969815 0.23037542662116042 0.018500486854917234 0.03754266211604096
0 0.3851022395326193 0.2022184300341297 0.016553067185978577 0.02901023890784983
0 0.42745861733203505 0.18515358361774745 0.017526777020447908 0.025597269624573378
0 0.41090555014605645 0.1757679180887372 0.011684518013631937 0.023890784982935155
0 0.4552093476144109 0.15443686006825938 0.014605647517039922 0.032423208191126277
0 0.47370983446932813 0.1621160409556314 0.014605647517039922 0.030716723549488054
0 0.5136319376825705 0.18515358361774745 0.012658227848101266 0.02901023890784983
0 0.48588120740019475 0.20136518771331058 0.01557935735150925 0.030716723549488054
0 0.5472249269717624 0.19197952218430034 0.013631937682570594 0.03583617747440273
0 0.5423563777994158 0.1757679180887372 0.017526777020447908 0.03754266211604096
0 0.5262901655306719 0.15273037542662116 0.012658227848101266 0.02901023890784983
0 0.5189873417721519 0.13651877133105803 0.011684518013631937 0.030716723549488054
0 0.5082765335929893 0.12627986348122866 0.009737098344693282 0.020477815699658702
0 0.5574488802336903 0.14675767918088736 0.012658227848101266 0.027303754266211604
0 0.42648490749756574 0.22184300341296928 0.019474196689386564 0.027303754266211604
0 0.5988315481986368 0.16296928327645052 0.01557935735150925 0.032423208191126277
0 0.611489776046738 0.15187713310580206 0.011684518013631937 0.034129692832764506
0 0.5847127555988315 0.1296928327645051 0.014605647517039922 0.023890784982935155
0 0.6051606621226875 0.1075085324232082 0.010710808179162609 0.027303754266211604
0 0.6295034079844206 0.13907849829351535 0.014605647517039922 0.02901023890784983
0 0.6192794547224927 0.12798634812286688 0.009737098344693282 0.020477815699658702
0 0.6504381694255112 0.11006825938566553 0.011684518013631937 0.025597269624573378
0 0.6694255111976631 0.12372013651877133 0.014605647517039922 0.02901023890784983
0 0.5282375851996105 0.2858361774744027 0.02044790652385589 0.042662116040955635
0 0.5613437195715677 0.30119453924914674 0.022395326192794548 0.052901023890784986
0 0.5778967867575463 0.24744027303754265 0.018500486854917234 0.040955631399317405
0 0.631937682570594 0.21160409556313994 0.023369036027263874 0.034129692832764506
0 0.6402142161635832 0.2508532423208191 0.016553067185978577 0.040955631399317405
0 0.6592015579357352 0.26706484641638223 0.019474196689386564 0.03924914675767918
0 0.6650438169425511 0.22440273037542663 0.01557935735150925 0.03924914675767918
0 0.6518987341772152 0.17491467576791808 0.016553067185978577 0.032423208191126277
0 0.6888997078870497 0.1680887372013652 0.014605647517039922 0.032423208191126277
0 0.6747809152872444 0.33361774744027306 0.027263875365141188 0.06655290102389079
0 0.7161635832521909 0.28754266211604096 0.024342745861733205 0.052901023890784986
0 0.7901655306718598 0.34897610921501704 0.03018500486854917 0.059726962457337884
0 0.7882181110029212 0.2901023890784983 0.02044790652385589 0.04778156996587031
0 0.7517039922103214 0.24658703071672355 0.021421616358325218 0.03924914675767918
0 0.7112950340798442 0.23208191126279865 0.018500486854917234 0.03754266211604096
0 0.7224926971762414 0.19283276450511946 0.01557935735150925 0.03754266211604096
0 0.7487828627069133 0.19880546075085323 0.017526777020447908 0.02901023890784983
0 0.7341772151898734 0.15784982935153583 0.013631937682570594 0.02901023890784983
0 0.7502434274586174 0.15017064846416384 0.014605647517039922 0.030716723549488054
0 0.7682570593963 0.17832764505119453 0.013631937682570594 0.02901023890784983
0 0.7921129503407984 0.19027303754266212 0.016553067185978577 0.03924914675767918
0 0.7891918208373905 0.1476109215017065 0.010710808179162609 0.02901023890784983
0 0.7721518987341772 0.1220136518771331 0.013631937682570594 0.02901023890784983
0 0.8047711781888998 0.128839590443686 0.010710808179162609 0.02901023890784983
0 0.8120740019474196 0.17150170648464164 0.013631937682570594 0.03583617747440273
0 0.8305744888023369 0.23122866894197952 0.019474196689386564 0.04948805460750853
0 0.8485881207400194 0.21416382252559726 0.014605647517039922 0.03924914675767918
0 0.8592989289191821 0.18344709897610922 0.014605647517039922 0.032423208191126277
0 0.832035053554041 0.17150170648464164 0.012658227848101266 0.03924914675767918
0 0.8388510223953262 0.13907849829351535 0.014605647517039922 0.03583617747440273
0 0.8860759493670886 0.15273037542662116 0.011684518013631937 0.032423208191126277
0 0.8948393378773125 0.19027303754266212 0.013631937682570594 0.03583617747440273
0 0.8880233690360273 0.21928327645051193 0.017526777020447908 0.03583617747440273
0 0.873904576436222 0.2380546075085324 0.02044790652385589 0.04948805460750853
0 0.8646543330087634 0.2909556313993174 0.019474196689386564 0.04607508532423208
0 0.9201557935735151 0.2738907849829352 0.017526777020447908 0.042662116040955635