0 0.947347585114806 0.23178807947019867 0.011876484560570071 0.03642384105960265
0 0.9334916864608076 0.25662251655629137 0.012668250197941409 0.03642384105960265
0 0.8966745843230404 0.271523178807947 0.013460015835312747 0.046357615894039736
0 0.8919239904988123 0.2152317880794702 0.013460015835312747 0.039735099337748346
0 0.8741092636579573 0.22682119205298013 0.012668250197941409 0.039735099337748346
0 0.9045922406967538 0.23427152317880795 0.011876484560570071 0.04470198675496689
0 0.9877276326207443 0.25165562913907286 0.00870942201108472 0.03642384105960265
0 0.9782264449722882 0.2905629139072848 0.011876484560570071 0.0380794701986755
0 0.9742676167854315 0.3253311258278146 0.011876484560570071 0.04470198675496689
0 0.9794140934283452 0.3526490066225166 0.014251781472684086 0.04304635761589404
0 0.9283452098178939 0.3352649006622517 0.0166270783847981 0.054635761589403975
0 0.9568487727632621 0.3675496688741722 0.018210609659540775 0.06622516556291391
0 0.9540775930324624 0.43129139072847683 0.01741884402216944 0.07450331125827815
0 0.8634204275534442 0.3336092715231788 0.018210609659540775 0.057947019867549666
0 0.8800475059382423 0.42135761589403975 0.01979414093428345 0.07781456953642384
0 0.8531274742676168 0.49503311258278143 0.02454473475851148 0.08609271523178808
0 0.8131433095803642 0.18129139072847683 0.012668250197941409 0.0380794701986755
0 0.8226444972288203 0.2144039735099338 0.014251781472684086 0.041390728476821195
0 0.8365003958828187 0.20364238410596028 0.015043547110055424 0.039735099337748346
0 0.8107680126682502 0.24006622516556292 0.01583531274742676 0.046357615894039736
0 0.8198733174980206 0.298841059602649 0.0166270783847981 0.057947019867549666
0 0.7751385589865399 0.17880794701986755 0.011084718923198733 0.033112582781456956
0 0.7616785431512272 0.1870860927152318 0.012668250197941409 0.033112582781456956
0 0.7826603325415677 0.1978476821192053 0.015043547110055424 0.0380794701986755
0 0.770387965162312 0.2740066225165563 0.019002375296912115 0.057947019867549666
0 0.7486144101346002 0.22102649006622516 0.0166270783847981 0.05132450331125828
0 0.7363420427553444 0.2119205298013245 0.014251781472684086 0.03642384105960265
0 0.7264449722882027 0.25165562913907286 0.01979414093428345 0.052980132450331126
0 0.6943784639746635 0.20364238410596028 0.01741884402216944 0.046357615894039736
0 0.6955661124307205 0.13410596026490065 0.011876484560570071 0.03642384105960265
0 0.716547901821061 0.1498344370860927 0.012668250197941409 0.041390728476821195
0 0.6908155186064925 0.152317880794702 0.013460015835312747 0.039735099337748346
0 0.6702296120348377 0.222682119205298 0.018210609659540775 0.05132450331125828
0 0.728424386381631 0.3956953642384106 0.025336500395882817 0.0728476821192053
0 0.6642913697545526 0.3973509933774834 0.023752969121140142 0.0695364238410596
0 0.8072050673000791 0.4552980132450331 0.03246239113222486 0.08609271523178808
0 0.6587490102929533 0.12417218543046357 0.011084718923198733 0.033112582781456956
0 0.6357878068091845 0.1216887417218543 0.014251781472684086 0.0347682119205298
0 0.6532066508313539 0.14321192052980133 0.012668250197941409 0.0347682119205298
0 0.6607284243863817 0.17549668874172186 0.013460015835312747 0.03642384105960265
0 0.5961995249406176 0.11754966887417219 0.011084718923198733 0.03642384105960265
0 0.5859065716547902 0.13079470198675497 0.012668250197941409 0.033112582781456956
0 0.5934283452098179 0.15480132450331127 0.013460015835312747 0.0347682119205298
0 0.61243072050673 0.14735099337748345 0.013460015835312747 0.033112582781456956
0 0.6167854315122724 0.16887417218543047 0.012668250197941409 0.03642384105960265
0 0.6203483768804434 0.19370860927152317 0.013460015835312747 0.046357615894039736
0 0.6088677751385589 0.29387417218543044 0.02058590657165479 0.057947019867549666
0 0.5866983372921615 0.1912251655629139 0.014251781472684086 0.04470198675496689
0 0.5617577197149644 0.13079470198675497 0.013460015835312747 0.033112582781456956
0 0.5581947743467933 0.1498344370860927 0.014251781472684086 0.03145695364238411
0 0.5304829770387965 0.15562913907284767 0.01583531274742676 0.033112582781456956
0 0.5585906571654791 0.20943708609271522 0.015043547110055424 0.041390728476821195
0 0.5843230403800475 0.3294701986754967 0.025336500395882817 0.059602649006622516
0 0.6096595407759303 0.3617549668874172 0.023752969121140142 0.057947019867549666
0 0.5114806017418844 0.055463576158940396 0.014251781472684086 0.028145695364238412
0 0.4592240696753761 0.152317880794702 0.012668250197941409 0.03642384105960265
0 0.4845605700712589 0.1605960264900662 0.014251781472684086 0.04304635761589404
0 0.497624703087886 0.14735099337748345 0.011876484560570071 0.033112582781456956
0 0.4992082343626287 0.201158940397351 0.015043547110055424 0.04470198675496689
0 0.4829770387965162 0.23013245033112584 0.019002375296912115 0.052980132450331126
0 0.4386381631037213 0.19288079470198677 0.014251781472684086 0.041390728476821195
0 0.4231987331749802 0.17135761589403972 0.013460015835312747 0.0380794701986755
0 0.3990498812351544 0.23096026490066227 0.01583531274742676 0.048013245033112585
0 0.448535233570863 0.29221854304635764 0.022961203483768806 0.057947019867549666
0 0.37767220902612825 0.1763245033112583 0.01583531274742676 0.0380794701986755
0 0.36104513064133015 0.20281456953642385 0.014251781472684086 0.04470198675496689
0 0.3733174980205859 0.2591059602649007 0.018210609659540775 0.054635761589403975
0 0.32185273159144895 0.20447019867549668 0.018210609659540775 0.04470198675496689
0 0.32145684877276326 0.23344370860927152 0.01583531274742676 0.039735099337748346
0 0.3606492478226445 0.2433774834437086 0.021377672209026127 0.03642384105960265
0 0.2644497228820269 0.2433774834437086 0.014251781472684086 0.04304635761589404
0 0.2327790973871734 0.25579470198675497 0.011084718923198733 0.041390728476821195
0 0.2454473475851148 0.2599337748344371 0.01741884402216944 0.04304635761589404
0 0.10570071258907364 0.5488410596026491 0.04196357878068092 0.1076158940397351