0 0.8741935483870967 0.14435146443514643 0.01129032258064516 0.03207810320781032
0 0.8875 0.1903765690376569 0.012096774193548387 0.03207810320781032
0 0.8911290322580645 0.21408647140864714 0.017741935483870968 0.043235704323570434
0 0.9274193548387096 0.25732217573221755 0.020967741935483872 0.04881450488145049
0 0.8745967741935484 0.2510460251046025 0.020161290322580645 0.0502092050209205
0 0.8580645161290322 0.32705718270571826 0.020967741935483872 0.0599721059972106
0 0.8528225806451613 0.1903765690376569 0.01532258064516129 0.03765690376569038
0 0.7931451612903225 0.2824267782426778 0.020161290322580645 0.06276150627615062
0 0.8419354838709677 0.21617852161785217 0.017741935483870968 0.044630404463040445
0 0.8326612903225806 0.2308228730822873 0.018548387096774192 0.04881450488145049
0 0.7866935483870968 0.19316596931659694 0.01532258064516129 0.043235704323570434
0 0.8016129032258065 0.15341701534170155 0.012903225806451613 0.03626220362622036
0 0.8096774193548387 0.17712691771269176 0.016129032258064516 0.03905160390516039
0 0.819758064516129 0.16736401673640167 0.013709677419354839 0.03626220362622036
0 0.7334677419354839 0.15550906555090654 0.013709677419354839 0.03207810320781032
0 0.7568548387096774 0.15132496513249652 0.013709677419354839 0.03486750348675035
0 0.769758064516129 0.17294281729428174 0.01532258064516129 0.03626220362622036
0 0.757258064516129 0.22315202231520223 0.01935483870967742 0.044630404463040445
0 0.7262096774193548 0.2210599721059972 0.016935483870967744 0.043235704323570434
0 0.7411290322580645 0.2608089260808926 0.027419354838709678 0.05578800557880056
0 0.7451612903225806 0.3493723849372385 0.03064516129032258 0.07112970711297072
0 0.6830645161290323 0.3186889818688982 0.025806451612903226 0.07391910739191074
0 0.6721774193548387 0.2503486750348675 0.020161290322580645 0.05439330543933055
0 0.6278225806451613 0.23361227336122734 0.02338709677419355 0.05439330543933055
0 0.6540322580645161 0.22315202231520223 0.01935483870967742 0.044630404463040445
0 0.6524193548387097 0.1694560669456067 0.016129032258064516 0.03765690376569038
0 0.6915322580645161 0.20571827057182707 0.01532258064516129 0.03765690376569038
0 0.6870967741935484 0.17294281729428174 0.014516129032258065 0.030683403068340307
0 0.6774193548387096 0.12482566248256625 0.01129032258064516 0.026499302649930265
0 0.6495967741935483 0.12273361227336123 0.013709677419354839 0.02789400278940028
0 0.6161290322580645 0.100418410041841 0.01129032258064516 0.022315202231520222
0 0.594758064516129 0.16178521617852162 0.012096774193548387 0.030683403068340307
0 0.5875 0.14644351464435146 0.012096774193548387 0.03347280334728033
0 0.6141129032258065 0.14504881450488144 0.012096774193548387 0.030683403068340307
0 0.6229838709677419 0.13737796373779637 0.012096774193548387 0.026499302649930265
0 0.505241935483871 0.13110181311018132 0.008870967741935484 0.019525801952580194
0 0.5508064516129032 0.15341701534170155 0.012903225806451613 0.02789400278940028
0 0.5467741935483871 0.19316596931659694 0.014516129032258065 0.03765690376569038
0 0.532258064516129 0.17573221757322174 0.016129032258064516 0.03626220362622036
0 0.5177419354838709 0.1896792189679219 0.016129032258064516 0.03905160390516039
0 0.5770161290322581 0.23640167364016737 0.021774193548387097 0.043235704323570434
0 0.4935483870967742 0.20711297071129708 0.017741935483870968 0.03765690376569038
0 0.4491935483870968 0.1596931659693166 0.01129032258064516 0.029288702928870293
0 0.4612903225806452 0.16806136680613668 0.012903225806451613 0.03486750348675035
0 0.45403225806451614 0.22663877266387727 0.014516129032258065 0.043235704323570434
0 0.49838709677419357 0.296373779637378 0.02258064516129032 0.04881450488145049
0 0.5483870967741935 0.3172942817294282 0.027419354838709678 0.05160390516039052
0 0.3689516129032258 0.20781032078103207 0.016935483870967744 0.030683403068340307
0 0.4036290322580645 0.1896792189679219 0.012096774193548387 0.02789400278940028
0 0.42379032258064514 0.21548117154811716 0.01532258064516129 0.040446304044630406
0 0.4060483870967742 0.2796373779637378 0.018548387096774192 0.04881450488145049
0 0.36370967741935484 0.2796373779637378 0.016129032258064516 0.04602510460251046
0 0.3338709677419355 0.22384937238493724 0.014516129032258065 0.040446304044630406
0 0.3616935483870968 0.2482566248256625 0.016935483870967744 0.03347280334728033
0 0.32016129032258067 0.2594142259414226 0.012903225806451613 0.03347280334728033
0 0.3318548387096774 0.2608089260808926 0.016935483870967744 0.04184100418410042
0 0.2806451612903226 0.2510460251046025 0.012903225806451613 0.02789400278940028
0 0.27580645161290324 0.2684797768479777 0.016129032258064516 0.03486750348675035
0 0.20120967741935483 0.42538354253835425 0.03951612903225806 0.09205020920502092