0 0.10244360902255639 0.3737458193979933 0.03571428571428571 0.08193979933110368
0 0.32377819548872183 0.19063545150501673 0.014097744360902255 0.026755852842809364
0 0.3933270676691729 0.1588628762541806 0.014097744360902255 0.033444816053511704
0 0.3900375939849624 0.23411371237458195 0.016917293233082706 0.043478260869565216
0 0.4144736842105263 0.25418060200668896 0.020676691729323307 0.043478260869565216
0 0.4309210526315789 0.14464882943143811 0.012218045112781954 0.02508361204013378
0 0.4732142857142857 0.22157190635451504 0.021616541353383457 0.038461538461538464
0 0.47462406015037595 0.12876254180602006 0.011278195488721804 0.016722408026755852
0 0.49624060150375937 0.1245819397993311 0.011278195488721804 0.021739130434782608
0 0.512687969924812 0.18645484949832775 0.012218045112781954 0.03511705685618729
0 0.5197368421052632 0.1605351170568562 0.011278195488721804 0.023411371237458192
0 0.5620300751879699 0.25334448160535117 0.020676691729323307 0.0451505016722408
0 0.6564849624060151 0.1362876254180602 0.014097744360902255 0.028428093645484948
0 0.680921052631579 0.11705685618729098 0.012218045112781954 0.030100334448160536
0 0.7025375939849624 0.11454849498327759 0.012218045112781954 0.028428093645484948
0 0.6109022556390977 0.2408026755852843 0.020676691729323307 0.05016722408026756
0 0.6151315789473685 0.2993311036789298 0.02537593984962406 0.06020066889632107
0 0.6207706766917294 0.20234113712374582 0.017857142857142856 0.03678929765886288
0 0.6550751879699248 0.18812709030100336 0.016917293233082706 0.038461538461538464
0 0.7053571428571429 0.15551839464882944 0.017857142857142856 0.03678929765886288
0 0.712875939849624 0.1806020066889632 0.015977443609022556 0.03678929765886288
0 0.6752819548872181 0.33528428093645485 0.03289473684210526 0.07190635451505016
0 0.7142857142857143 0.29264214046822745 0.020676691729323307 0.056856187290969896
0 0.7481203007518797 0.19648829431438128 0.015037593984962405 0.03511705685618729
0 0.7514097744360902 0.24665551839464883 0.017857142857142856 0.05518394648829431
0 0.7382518796992481 0.16722408026755853 0.017857142857142856 0.03678929765886288
0 0.7495300751879699 0.13712374581939799 0.014097744360902255 0.026755852842809364
0 0.7655075187969925 0.15301003344481606 0.015977443609022556 0.03511705685618729
0 0.7791353383458647 0.13043478260869565 0.015037593984962405 0.03678929765886288
0 0.7819548872180451 0.17725752508361203 0.011278195488721804 0.033444816053511704
0 0.7838345864661654 0.21906354515050167 0.015037593984962405 0.03678929765886288
0 0.7984022556390977 0.16220735785953178 0.014097744360902255 0.033444816053511704
0 0.8265977443609023 0.18227424749163879 0.014097744360902255 0.033444816053511704
0 0.8355263157894737 0.14464882943143811 0.013157894736842105 0.03177257525083612
0 0.8406954887218046 0.25752508361204013 0.019736842105263157 0.04013377926421405
0 0.8322368421052632 0.2399665551839465 0.015977443609022556 0.038461538461538464
0 0.862312030075188 0.17892976588628762 0.014097744360902255 0.033444816053511704
0 0.8721804511278195 0.2834448160535117 0.018796992481203006 0.048494983277591976
0 0.8576127819548872 0.33528428093645485 0.021616541353383457 0.05518394648829431
0 0.9205827067669173 0.3110367892976589 0.019736842105263157 0.04013377926421405
0 0.9426691729323309 0.23662207357859533 0.013157894736842105 0.03177257525083612
0 0.9323308270676691 0.16387959866220736 0.009398496240601503 0.023411371237458192
0 0.9022556390977443 0.181438127090301 0.013157894736842105 0.03177257525083612
0 0.8928571428571429 0.21153846153846154 0.015037593984962405 0.03511705685618729
0 0.8839285714285714 0.24749163879598662 0.015977443609022556 0.03678929765886288
0 0.924812030075188 0.18979933110367894 0.013157894736842105 0.03177257525083612
0 0.9351503759398496 0.18729096989966554 0.013157894736842105 0.03678929765886288
0 0.7222744360902256 0.15635451505016723 0.014097744360902255 0.03511705685618729
0 0.5949248120300752 0.10367892976588629 0.011278195488721804 0.023411371237458192
0 0.6193609022556391 0.1028428093645485 0.009398496240601503 0.021739130434782608
0 0.6541353383458647 0.10117056856187291 0.009398496240601503 0.02508361204013378
0 0.6231203007518797 0.12290969899665552 0.009398496240601503 0.021739130434782608
0 0.6071428571428571 0.1479933110367893 0.011278195488721804 0.028428093645484948
0 0.5770676691729323 0.14214046822742474 0.011278195488721804 0.033444816053511704
0 0.5789473684210527 0.1705685618729097 0.015037593984962405 0.033444816053511704
0 0.5465225563909775 0.16387959866220736 0.012218045112781954 0.033444816053511704
0 0.5469924812030075 0.14381270903010032 0.013157894736842105 0.026755852842809364
0 0.5484022556390977 0.11956521739130435 0.010338345864661654 0.021739130434782608
0 0.5521616541353384 0.18812709030100336 0.017857142857142856 0.04180602006688963
0 0.46522556390977443 0.16722408026755853 0.015037593984962405 0.03678929765886288
0 0.4699248120300752 0.1806020066889632 0.015037593984962405 0.030100334448160536
0 0.48402255639097747 0.15802675585284282 0.013157894736842105 0.03177257525083612
0 0.4483082706766917 0.19816053511705686 0.015037593984962405 0.038461538461538464
0 0.42904135338345867 0.17391304347826086 0.014097744360902255 0.033444816053511704
0 0.37546992481203006 0.1931438127090301 0.015977443609022556 0.028428093645484948
0 0.39285714285714285 0.2040133779264214 0.016917293233082706 0.03678929765886288
0 0.4191729323308271 0.20819397993311037 0.015037593984962405 0.03511705685618729
0 0.4591165413533835 0.14632107023411373 0.010338345864661654 0.02508361204013378