0 0.06029684601113173 0.39368770764119604 0.029684601113172542 0.07308970099667775
0 0.25510204081632654 0.27740863787375414 0.01855287569573284 0.029900332225913623
0 0.312152133580705 0.21843853820598005 0.017625231910946195 0.03820598006644518
0 0.29916512059369205 0.25664451827242524 0.02504638218923933 0.04817275747508306
0 0.3427643784786642 0.20764119601328904 0.017625231910946195 0.036544850498338874
0 0.3682745825602968 0.21428571428571427 0.01855287569573284 0.03986710963455149
0 0.37987012987012986 0.19435215946843853 0.01948051948051948 0.036544850498338874
0 0.4137291280148423 0.1686046511627907 0.02040816326530612 0.03488372093023256
0 0.4461966604823748 0.13870431893687707 0.012987012987012988 0.03820598006644518
0 0.46660482374768086 0.1420265780730897 0.02040816326530612 0.04152823920265781
0 0.34833024118738404 0.2616279069767442 0.021335807050092765 0.03488372093023256
0 0.3845083487940631 0.3014950166112957 0.01948051948051948 0.04817275747508306
0 0.4095547309833024 0.22508305647840532 0.017625231910946195 0.03820598006644518
0 0.4401669758812616 0.19352159468438537 0.026901669758812616 0.03820598006644518
0 0.45083487940630795 0.22425249169435216 0.02040816326530612 0.046511627906976744
0 0.4684601113172542 0.1818936877076412 0.02411873840445269 0.03820598006644518
0 0.5041743970315399 0.16611295681063123 0.021335807050092765 0.03322259136212625
0 0.5306122448979592 0.13122923588039867 0.01855287569573284 0.03322259136212625
0 0.4865491651205937 0.21179401993355482 0.021335807050092765 0.03488372093023256
0 0.5352504638218923 0.19019933554817275 0.016697588126159554 0.044850498338870434
0 0.5538033395176253 0.15614617940199335 0.016697588126159554 0.036544850498338874
0 0.5528756957328386 0.11710963455149502 0.014842300556586271 0.03820598006644518
0 0.5816326530612245 0.12458471760797342 0.016697588126159554 0.03986710963455149
0 0.5867346938775511 0.09717607973421927 0.013914656771799629 0.03488372093023256
0 0.6131725417439703 0.11212624584717608 0.022263450834879406 0.044850498338870434
0 0.6391465677179963 0.0946843853820598 0.01855287569573284 0.029900332225913623
0 0.6484230055658627 0.11627906976744186 0.022263450834879406 0.03986710963455149
0 0.6192022263450835 0.13953488372093023 0.01948051948051948 0.036544850498338874
0 0.6034322820037106 0.20930232558139536 0.021335807050092765 0.04318936877076412
0 0.5556586270871985 0.23172757475083056 0.025974025974025976 0.04817275747508306
0 0.4902597402597403 0.2840531561461794 0.02504638218923933 0.053156146179401995
0 0.5264378478664193 0.3014950166112957 0.026901669758812616 0.05813953488372093
0 0.5992578849721707 0.3222591362126246 0.03525046382189239 0.059800664451827246
0 0.6641929499072357 0.3430232558139535 0.03153988868274583 0.061461794019933555
0 0.6525974025974026 0.25830564784053156 0.01948051948051948 0.04152823920265781
0 0.6525974025974026 0.19601328903654486 0.030612244897959183 0.04983388704318937
0 0.6679035250463822 0.11212624584717608 0.02040816326530612 0.03488372093023256
0 0.6818181818181818 0.10465116279069768 0.01855287569573284 0.036544850498338874
0 0.6827458256029685 0.17026578073089702 0.03339517625231911 0.05813953488372093
0 0.698051948051948 0.12458471760797342 0.023191094619666047 0.04983388704318937
0 0.6934137291280148 0.2217607973421927 0.030612244897959183 0.061461794019933555
0 0.6999072356215214 0.27906976744186046 0.02504638218923933 0.04983388704318937
0 0.775974025974026 0.2815614617940199 0.026901669758812616 0.06478405315614617
0 0.7319109461966605 0.17691029900332225 0.02411873840445269 0.04817275747508306
0 0.724025974025974 0.12541528239202657 0.017625231910946195 0.03820598006644518
0 0.735621521335807 0.1345514950166113 0.016697588126159554 0.03322259136212625
0 0.7411873840445269 0.15199335548172757 0.02040816326530612 0.03820598006644518
0 0.738404452690167 0.09966777408637874 0.011131725417439703 0.026578073089700997
0 0.7690166975881262 0.11544850498338871 0.011131725417439703 0.03156146179401993
0 0.761595547309833 0.13205980066445183 0.01855287569573284 0.05149501661129568
0 0.7903525046382189 0.12541528239202657 0.014842300556586271 0.04152823920265781
0 0.8102968460111317 0.14950166112956811 0.01948051948051948 0.036544850498338874
0 0.7847866419294991 0.1719269102990033 0.016697588126159554 0.04152823920265781
0 0.7996289424860853 0.2367109634551495 0.01855287569573284 0.04817275747508306
0 0.7597402597402597 0.22757475083056478 0.025974025974025976 0.053156146179401995
0 0.827922077922078 0.13205980066445183 0.017625231910946195 0.03488372093023256
0 0.8436920222634509 0.1420265780730897 0.015769944341372914 0.03820598006644518
0 0.8571428571428571 0.12624584717607973 0.014842300556586271 0.029900332225913623
0 0.8882189239332097 0.12375415282392027 0.013914656771799629 0.03488372093023256
0 0.9063079777365491 0.15282392026578073 0.014842300556586271 0.03322259136212625
0 0.9253246753246753 0.15614617940199335 0.01948051948051948 0.029900332225913623
0 0.852504638218924 0.1852159468438538 0.02040816326530612 0.03488372093023256
0 0.8710575139146568 0.16777408637873753 0.022263450834879406 0.04983388704318937
0 0.8923933209647495 0.15863787375415284 0.022263450834879406 0.03156146179401993
0 0.885899814471243 0.18853820598006646 0.02411873840445269 0.04152823920265781
0 0.9072356215213359 0.19019933554817275 0.012987012987012988 0.03156146179401993
0 0.862708719851577 0.21677740863787376 0.01855287569573284 0.03820598006644518
0 0.9132653061224489 0.27159468438538203 0.023191094619666047 0.04817275747508306
0 0.8566790352504638 0.14534883720930233 0.017625231910946195 0.03156146179401993
0 0.6052875695732839 0.27159468438538203 0.032467532467532464 0.05149501661129568
0 0.648886827458256 0.1669435215946844 0.01948051948051948 0.03156146179401993
0 0.4805194805194805 0.1303986710963455 0.016697588126159554 0.02823920265780731
0 0.5723562152133581 0.1461794019933555 0.016697588126159554 0.03986710963455149