0 0.21496815286624205 0.37335834896810505 0.03927813163481953 0.0900562851782364
0 0.28556263269639065 0.41181988742964354 0.055201698513800426 0.12570356472795496
0 0.3667728237791932 0.5121951219512195 0.06475583864118896 0.12382739212007504
0 0.3895966029723992 0.2682926829268293 0.02335456475583864 0.04878048780487805
0 0.37101910828025475 0.14071294559099437 0.020169851380042462 0.0375234521575985
0 0.4432059447983015 0.20544090056285177 0.01592356687898089 0.03189493433395872
0 0.4718683651804671 0.2223264540337711 0.020169851380042462 0.043151969981238276
0 0.49469214437367304 0.2176360225140713 0.021231422505307854 0.0450281425891182
0 0.589171974522293 0.24765478424015008 0.02335456475583864 0.04878048780487805
0 0.6342887473460722 0.24953095684803 0.02653927813163482 0.0600375234521576
0 0.5812101910828026 0.11819887429643527 0.013800424628450107 0.0300187617260788
0 0.6077494692144374 0.10787992495309569 0.01167728237791932 0.024390243902439025
0 0.6411889596602972 0.1200750469043152 0.012738853503184714 0.02626641651031895