0 0.2888138862102218 0.4148211243611584 0.05689488910318226 0.12095400340715502
0 0.37270973963355836 0.5229982964224872 0.06460945033751206 0.13969335604770017
0 0.4127290260366442 0.20528109028960817 0.021215043394406944 0.04599659284497445
0 0.431533269045323 0.20783645655877342 0.01253616200578592 0.030664395229982964
0 0.45081967213114754 0.21465076660988075 0.01446480231436837 0.03747870528109029
0 0.4783027965284474 0.2393526405451448 0.021215043394406944 0.03577512776831346
0 0.5096432015429122 0.23509369676320271 0.022179363548698167 0.044293015332197615
0 0.5896817743490839 0.1252129471890971 0.01832208293153327 0.028960817717206135
0 0.6162005785920925 0.12095400340715502 0.013500482160077145 0.027257240204429302
0 0.648023143683703 0.1303236797274276 0.011571841851494697 0.02555366269165247
0 0.5959498553519769 0.25979557069846676 0.023143683702989394 0.039182282793867124
0 0.6441658630665381 0.252129471890971 0.03085824493731919 0.05792163543441227