0 0.15820777160983346 0.31345353675450766 0.029341792228390166 0.047156726768377254
0 0.16653449643140364 0.3779472954230236 0.047581284694686754 0.09015256588072122
0 0.21808088818398097 0.28363384188626906 0.03330689928628073 0.04576976421636616
0 0.22997620935765264 0.3058252427184466 0.03330689928628073 0.056865464632454926
0 0.27478191911181604 0.2503467406380028 0.026169706582077717 0.03744798890429958
0 0.2922283901665345 0.23647711511789182 0.02775574940523394 0.04854368932038835
0 0.3164155432196669 0.24133148404993066 0.03013481363996828 0.049930651872399444
0 0.34099920697858843 0.24826629680998613 0.023790642347343377 0.07212205270457697
0 0.401268834258525 0.21983356449375868 0.022204599524187154 0.059639389736477116
0 0.4238699444885012 0.22815533980582525 0.02775574940523394 0.059639389736477116
0 0.36994448850118955 0.36269070735090153 0.046788263283108644 0.09015256588072122
0 0.36082474226804123 0.43273231622746183 0.04440919904837431 0.09153952843273232
0 0.34615384615384615 0.5305131761442441 0.05313243457573354 0.10957004160887657