0 0.8158168574401665 0.3897058823529412 0.03954214360041623 0.09191176470588236
0 0.8704474505723205 0.2545955882352941 0.019771071800208116 0.04963235294117647
0 0.8277835587929241 0.24724264705882354 0.019771071800208116 0.04963235294117647
0 0.7570239334027055 0.28125 0.03225806451612903 0.07352941176470588
0 0.7294484911550468 0.3079044117647059 0.022892819979188347 0.04963235294117647
0 0.5603537981269511 0.18198529411764705 0.01768990634755463 0.04044117647058824
0 0.6233090530697191 0.20220588235294118 0.018730489073881373 0.04044117647058824
0 0.6279916753381893 0.23345588235294118 0.019771071800208116 0.04779411764705882
0 0.68210197710718 0.1792279411764706 0.01768990634755463 0.042279411764705885
0 0.6847034339229969 0.203125 0.018730489073881373 0.04595588235294118
0 0.6997918834547346 0.2555147058823529 0.023933402705515087 0.058823529411764705
0 0.7252861602497399 0.19117647058823528 0.01664932362122789 0.03676470588235294
0 0.3704474505723205 0.1636029411764706 0.014568158168574402 0.029411764705882353
0 0.40790842872008326 0.15533088235294118 0.01664932362122789 0.03860294117647059
0 0.20863683662851196 0.3180147058823529 0.036420395421436005 0.09926470588235294