0 0.1973938223938224 0.4063573883161512 0.041505791505791506 0.08075601374570447
0 0.2611003861003861 0.2706185567010309 0.01447876447876448 0.03608247422680412
0 0.2953667953667954 0.24312714776632302 0.013513513513513514 0.02577319587628866
0 0.3001930501930502 0.25687285223367695 0.013513513513513514 0.02577319587628866
0 0.32384169884169883 0.24828178694158076 0.01447876447876448 0.029209621993127148
0 0.32384169884169883 0.211340206185567 0.01447876447876448 0.027491408934707903
0 0.3421814671814672 0.20876288659793815 0.012548262548262547 0.02577319587628866
0 0.3547297297297297 0.24828178694158076 0.016409266409266408 0.03608247422680412
0 0.3832046332046332 0.26288659793814434 0.019305019305019305 0.041237113402061855
0 0.4165057915057915 0.27491408934707906 0.02027027027027027 0.044673539518900345
0 0.3827220077220077 0.20189003436426117 0.01447876447876448 0.03608247422680412
0 0.40685328185328185 0.17611683848797252 0.012548262548262547 0.02577319587628866
0 0.41843629343629346 0.18298969072164947 0.01447876447876448 0.03264604810996564
0 0.4372586872586873 0.16151202749140894 0.013513513513513514 0.03436426116838488
0 0.4594594594594595 0.15807560137457044 0.013513513513513514 0.030927835051546393
0 0.46476833976833976 0.14690721649484537 0.010617760617760617 0.022336769759450172
0 0.4777992277992278 0.13917525773195877 0.013513513513513514 0.027491408934707903
0 0.4811776061776062 0.21563573883161513 0.016409266409266408 0.03608247422680412
0 0.42905405405405406 0.24312714776632302 0.02027027027027027 0.03264604810996564
0 0.49758687258687256 0.18900343642611683 0.01833976833976834 0.03436426116838488
0 0.5067567567567568 0.12285223367697594 0.011583011583011582 0.02577319587628866
0 0.5222007722007722 0.13144329896907217 0.013513513513513514 0.022336769759450172
0 0.5265444015444015 0.20704467353951891 0.01833976833976834 0.03608247422680412
0 0.5583976833976834 0.13917525773195877 0.010617760617760617 0.030927835051546393
0 0.5777027027027027 0.13058419243986255 0.01447876447876448 0.020618556701030927
0 0.5873552123552124 0.13745704467353953 0.012548262548262547 0.020618556701030927
0 0.5994208494208494 0.10309278350515463 0.013513513513513514 0.020618556701030927
0 0.6230694980694981 0.10996563573883161 0.012548262548262547 0.020618556701030927
0 0.6269305019305019 0.13402061855670103 0.01447876447876448 0.030927835051546393
0 0.612934362934363 0.15120274914089346 0.017374517374517374 0.030927835051546393
0 0.6452702702702703 0.11512027491408934 0.01447876447876448 0.024054982817869417
0 0.6645752895752896 0.1211340206185567 0.012548262548262547 0.022336769759450172
0 0.653957528957529 0.15979381443298968 0.01833976833976834 0.03436426116838488
0 0.6177606177606177 0.19759450171821305 0.017374517374517374 0.041237113402061855
0 0.5709459459459459 0.17096219931271478 0.01447876447876448 0.03608247422680412
0 0.5366795366795367 0.17869415807560138 0.019305019305019305 0.030927835051546393
0 0.5014478764478765 0.2912371134020619 0.0222007722007722 0.05670103092783505
0 0.5511583011583011 0.3127147766323024 0.02702702702702703 0.048109965635738834
0 0.5723938223938224 0.23625429553264604 0.021235521235521235 0.0429553264604811
0 0.6076254826254827 0.2542955326460481 0.0222007722007722 0.048109965635738834
0 0.6563706563706564 0.20189003436426117 0.019305019305019305 0.03951890034364261
0 0.6674710424710425 0.24656357388316152 0.01833976833976834 0.04639175257731959
0 0.6814671814671814 0.30326460481099654 0.025096525096525095 0.070446735395189
0 0.7036679536679536 0.2190721649484536 0.015444015444015444 0.03951890034364261
0 0.7224903474903475 0.2534364261168385 0.02027027027027027 0.04982817869415808
0 0.7417953667953668 0.3324742268041237 0.03185328185328185 0.06357388316151202
0 0.7775096525096525 0.2869415807560137 0.0222007722007722 0.05154639175257732
0 0.747104247104247 0.24054982817869416 0.017374517374517374 0.037800687285223365
0 0.7456563706563707 0.20103092783505155 0.01833976833976834 0.037800687285223365
0 0.7166988416988417 0.19329896907216496 0.01833976833976834 0.03608247422680412
0 0.6959459459459459 0.15206185567010308 0.015444015444015444 0.03608247422680412
0 0.7297297297297297 0.15034364261168384 0.013513513513513514 0.03608247422680412
0 0.7475868725868726 0.15120274914089346 0.016409266409266408 0.03436426116838488
0 0.7717181467181468 0.1254295532646048 0.012548262548262547 0.030927835051546393
0 0.765926640926641 0.17268041237113402 0.010617760617760617 0.03264604810996564
0 0.8011583011583011 0.12886597938144329 0.013513513513513514 0.03436426116838488
0 0.792953667953668 0.18470790378006874 0.016409266409266408 0.03951890034364261
0 0.8108108108108109 0.16924398625429554 0.015444015444015444 0.03608247422680412
0 0.7977799227799228 0.1563573883161512 0.01447876447876448 0.03436426116838488
0 0.8392857142857143 0.13745704467353953 0.012548262548262547 0.03436426116838488
0 0.8735521235521235 0.14175257731958762 0.013513513513513514 0.03608247422680412
0 0.8455598455598455 0.18213058419243985 0.015444015444015444 0.037800687285223365
0 0.8397683397683398 0.2190721649484536 0.019305019305019305 0.0429553264604811
0 0.8214285714285714 0.23367697594501718 0.019305019305019305 0.048109965635738834
0 0.8938223938223938 0.19673539518900343 0.017374517374517374 0.03951890034364261
0 0.8812741312741312 0.24398625429553264 0.019305019305019305 0.061855670103092786
0 0.916988416988417 0.27147766323024053 0.019305019305019305 0.048109965635738834