0 0.1824175824175824 0.3892156862745098 0.05054945054945055 0.1
0 0.26483516483516484 0.22647058823529412 0.01978021978021978 0.03725490196078431
0 0.3362637362637363 0.246078431372549 0.01978021978021978 0.045098039215686274
0 0.40714285714285714 0.2372549019607843 0.020879120879120878 0.043137254901960784
0 0.4368131868131868 0.25098039215686274 0.023076923076923078 0.043137254901960784
0 0.428021978021978 0.21372549019607842 0.01868131868131868 0.0392156862745098
0 0.39065934065934066 0.19411764705882353 0.01868131868131868 0.0392156862745098
0 0.3697802197802198 0.19117647058823528 0.014285714285714285 0.03333333333333333
0 0.3802197802197802 0.17352941176470588 0.017582417582417582 0.03725490196078431
0 0.4076923076923077 0.15980392156862744 0.013186813186813187 0.029411764705882353
0 0.4340659340659341 0.16862745098039217 0.015384615384615385 0.03529411764705882
0 0.439010989010989 0.1392156862745098 0.012087912087912088 0.023529411764705882
0 0.46483516483516485 0.13333333333333333 0.013186813186813187 0.023529411764705882
0 0.4807692307692308 0.14901960784313725 0.012087912087912088 0.027450980392156862
0 0.4725274725274725 0.17745098039215687 0.015384615384615385 0.029411764705882353
0 0.46593406593406594 0.20588235294117646 0.017582417582417582 0.043137254901960784
0 0.4967032967032967 0.20588235294117646 0.01978021978021978 0.047058823529411764
0 0.521978021978022 0.18137254901960784 0.017582417582417582 0.041176470588235294
0 0.5351648351648352 0.16176470588235295 0.015384615384615385 0.03333333333333333
0 0.5565934065934066 0.17647058823529413 0.01868131868131868 0.03529411764705882
0 0.5093406593406593 0.13431372549019607 0.012087912087912088 0.03333333333333333
0 0.4967032967032967 0.1264705882352941 0.01098901098901099 0.021568627450980392
0 0.5230769230769231 0.12352941176470589 0.013186813186813187 0.023529411764705882
0 0.5357142857142857 0.1323529411764706 0.014285714285714285 0.025490196078431372
0 0.5461538461538461 0.1392156862745098 0.01098901098901099 0.0196078431372549
0 0.5664835164835165 0.13333333333333333 0.012087912087912088 0.023529411764705882
0 0.5752747252747252 0.11372549019607843 0.012087912087912088 0.023529411764705882
0 0.6 0.16176470588235295 0.015384615384615385 0.03333333333333333
0 0.5978021978021978 0.12941176470588237 0.015384615384615385 0.027450980392156862
0 0.5994505494505494 0.10686274509803921 0.012087912087912088 0.029411764705882353
0 0.6412087912087913 0.04607843137254902 0.012087912087912088 0.029411764705882353
0 0.6170329670329671 0.13333333333333333 0.012087912087912088 0.03529411764705882
0 0.6225274725274725 0.11568627450980393 0.00989010989010989 0.027450980392156862
0 0.6302197802197802 0.11274509803921569 0.007692307692307693 0.021568627450980392
0 0.6329670329670329 0.1392156862745098 0.013186813186813187 0.027450980392156862
0 0.6587912087912088 0.09901960784313725 0.00989010989010989 0.025490196078431372
0 0.6631868131868132 0.11274509803921569 0.012087912087912088 0.025490196078431372
0 0.6780219780219781 0.10588235294117647 0.013186813186813187 0.027450980392156862
0 0.689010989010989 0.11470588235294117 0.01098901098901099 0.029411764705882353
0 0.734065934065934 0.052941176470588235 0.015384615384615385 0.03529411764705882
0 0.5653846153846154 0.24215686274509804 0.020879120879120878 0.045098039215686274
0 0.6263736263736264 0.24803921568627452 0.024175824175824177 0.056862745098039215
0 0.6373626373626373 0.19411764705882353 0.01978021978021978 0.043137254901960784
0 0.660989010989011 0.18823529411764706 0.016483516483516484 0.03529411764705882
0 0.6703296703296703 0.2529411764705882 0.024175824175824177 0.050980392156862744
0 0.7159340659340659 0.2323529411764706 0.020879120879120878 0.049019607843137254
0 0.7406593406593407 0.2607843137254902 0.026373626373626374 0.058823529411764705
0 0.7615384615384615 0.2627450980392157 0.01978021978021978 0.047058823529411764
0 0.6978021978021978 0.15588235294117647 0.015384615384615385 0.03333333333333333
0 0.7120879120879121 0.1784313725490196 0.01978021978021978 0.0392156862745098
0 0.7302197802197802 0.13627450980392156 0.016483516483516484 0.029411764705882353
0 0.7351648351648352 0.18823529411764706 0.015384615384615385 0.03137254901960784
0 0.7483516483516484 0.20588235294117646 0.02197802197802198 0.043137254901960784
0 0.7857142857142857 0.21176470588235294 0.01978021978021978 0.043137254901960784
0 0.7879120879120879 0.2774509803921569 0.03076923076923077 0.060784313725490195
0 0.8428571428571429 0.31666666666666665 0.024175824175824177 0.06862745098039216
0 0.8637362637362638 0.28137254901960784 0.024175824175824177 0.056862745098039215
0 0.9082417582417582 0.3509803921568627 0.023076923076923078 0.06666666666666667
0 0.9313186813186813 0.27058823529411763 0.020879120879120878 0.058823529411764705
0 0.9175824175824175 0.246078431372549 0.01978021978021978 0.052941176470588235
0 0.9291208791208792 0.22254901960784312 0.014285714285714285 0.03725490196078431
0 0.9406593406593406 0.2068627450980392 0.013186813186813187 0.03333333333333333
0 0.9280219780219781 0.18627450980392157 0.016483516483516484 0.0392156862745098
0 0.95 0.1627450980392157 0.014285714285714285 0.03529411764705882
0 0.9010989010989011 0.17647058823529413 0.015384615384615385 0.03529411764705882
0 0.9098901098901099 0.15196078431372548 0.015384615384615385 0.03333333333333333
0 0.8725274725274725 0.1588235294117647 0.013186813186813187 0.03137254901960784
0 0.8642857142857143 0.18333333333333332 0.016483516483516484 0.03725490196078431
0 0.8851648351648351 0.22450980392156863 0.01868131868131868 0.03725490196078431
0 0.8379120879120879 0.23039215686274508 0.01868131868131868 0.045098039215686274
0 0.8445054945054945 0.1931372549019608 0.016483516483516484 0.03725490196078431
0 0.8412087912087912 0.16666666666666666 0.014285714285714285 0.03529411764705882
0 0.8346153846153846 0.1588235294117647 0.012087912087912088 0.03137254901960784
0 0.845054945054945 0.14313725490196078 0.015384615384615385 0.03529411764705882
0 0.8181318681318681 0.13137254901960785 0.016483516483516484 0.03529411764705882
0 0.7868131868131868 0.15294117647058825 0.013186813186813187 0.03529411764705882
0 0.7901098901098901 0.12450980392156863 0.013186813186813187 0.029411764705882353
0 0.7785714285714286 0.14215686274509803 0.012087912087912088 0.025490196078431372
0 0.7582417582417582 0.1303921568627451 0.013186813186813187 0.029411764705882353
0 0.743956043956044 0.13137254901960785 0.015384615384615385 0.03137254901960784