0 0.14492753623188406 0.5333333333333333 0.05636070853462158 0.1111111111111111
0 0.2181964573268921 0.35347222222222224 0.01610305958132045 0.0375
0 0.26247987117552335 0.3416666666666667 0.02254428341384863 0.04722222222222222
0 0.29106280193236717 0.35833333333333334 0.021739130434782608 0.044444444444444446
0 0.28743961352657005 0.3013888888888889 0.01610305958132045 0.030555555555555555
0 0.3393719806763285 0.3458333333333333 0.021739130434782608 0.041666666666666664
0 0.35909822866344604 0.325 0.01932367149758454 0.041666666666666664
0 0.35507246376811596 0.2875 0.01610305958132045 0.030555555555555555
0 0.3788244766505636 0.33541666666666664 0.020128824476650563 0.04027777777777778
0 0.4074074074074074 0.3375 0.020933977455716585 0.03888888888888889
0 0.40418679549114334 0.3055555555555556 0.01932367149758454 0.03333333333333333
0 0.4384057971014493 0.3451388888888889 0.018518518518518517 0.04861111111111111
0 0.4363929146537842 0.30069444444444443 0.017713365539452495 0.0375
0 0.39533011272141705 0.24930555555555556 0.01610305958132045 0.029166666666666667
0 0.4134460547504026 0.25833333333333336 0.016908212560386472 0.03333333333333333
0 0.4396135265700483 0.25972222222222224 0.01288244766505636 0.027777777777777776
0 0.463768115942029 0.29791666666666666 0.01610305958132045 0.029166666666666667
0 0.46578099838969406 0.2652777777777778 0.015297906602254429 0.027777777777777776
0 0.4581320450885668 0.24444444444444444 0.01610305958132045 0.025
0 0.4665861513687601 0.23402777777777778 0.013687600644122383 0.02361111111111111
0 0.48993558776167473 0.27569444444444446 0.016908212560386472 0.03194444444444444
0 0.5044283413848631 0.25416666666666665 0.016908212560386472 0.027777777777777776
0 0.5197262479871175 0.25277777777777777 0.015297906602254429 0.030555555555555555
0 0.5161030595813204 0.3076388888888889 0.017713365539452495 0.04027777777777778
0 0.5120772946859904 0.2916666666666667 0.017713365539452495 0.030555555555555555
0 0.5442834138486312 0.2875 0.017713365539452495 0.03611111111111111
0 0.535426731078905 0.25 0.014492753623188406 0.030555555555555555
0 0.5442834138486312 0.2263888888888889 0.01610305958132045 0.027777777777777776
0 0.5551529790660226 0.2548611111111111 0.016908212560386472 0.0375
0 0.5684380032206119 0.24097222222222223 0.01610305958132045 0.02638888888888889
0 0.5672302737520128 0.21666666666666667 0.013687600644122383 0.027777777777777776
0 0.5885668276972624 0.24930555555555556 0.014492753623188406 0.034722222222222224
0 0.5893719806763285 0.23333333333333334 0.01610305958132045 0.030555555555555555
0 0.6038647342995169 0.2048611111111111 0.014492753623188406 0.029166666666666667
0 0.6203703703703703 0.20833333333333334 0.013687600644122383 0.022222222222222223
0 0.6324476650563607 0.24722222222222223 0.016908212560386472 0.03333333333333333
0 0.6513687600644122 0.22152777777777777 0.01288244766505636 0.03194444444444444
0 0.6658615136876006 0.22916666666666666 0.01288244766505636 0.030555555555555555
0 0.6904186795491143 0.21944444444444444 0.013687600644122383 0.027777777777777776
0 0.6964573268921095 0.25625 0.01610305958132045 0.034722222222222224
0 0.6674718196457327 0.2659722222222222 0.01932367149758454 0.03194444444444444
0 0.6272141706924316 0.2972222222222222 0.017713365539452495 0.03611111111111111
0 0.5933977455716586 0.32083333333333336 0.020933977455716585 0.041666666666666664
0 0.5297906602254429 0.36875 0.02576489533011272 0.05416666666666667
0 0.5366344605475041 0.3993055555555556 0.03140096618357488 0.059722222222222225
0 0.49798711755233493 0.3736111111111111 0.02818035426731079 0.06666666666666667
0 0.6078904991948471 0.42430555555555555 0.0322061191626409 0.059722222222222225
0 0.6034621578099839 0.36666666666666664 0.0249597423510467 0.044444444444444446
0 0.6396940418679549 0.33958333333333335 0.020128824476650563 0.04583333333333333
0 0.6823671497584541 0.34652777777777777 0.020128824476650563 0.04861111111111111
0 0.6606280193236715 0.44583333333333336 0.033011272141706925 0.06388888888888888
0 0.6465378421900161 0.3909722222222222 0.030595813204508857 0.05416666666666667
0 0.6731078904991948 0.3173611111111111 0.020933977455716585 0.043055555555555555
0 0.7133655394524959 0.28402777777777777 0.01610305958132045 0.04027777777777778
0 0.7254428341384863 0.3951388888888889 0.027375201288244767 0.05416666666666667
0 0.6940418679549114 0.5180555555555556 0.03542673107890499 0.075
0 0.7560386473429952 0.44027777777777777 0.028985507246376812 0.06666666666666667
0 0.7870370370370371 0.5027777777777778 0.03140096618357488 0.06944444444444445
0 0.7979066022544283 0.35833333333333334 0.02254428341384863 0.04722222222222222
0 0.8091787439613527 0.33958333333333335 0.01932367149758454 0.043055555555555555
0 0.8035426731078905 0.30486111111111114 0.017713365539452495 0.03194444444444444
0 0.7592592592592593 0.2847222222222222 0.01932367149758454 0.03888888888888889
0 0.7520128824476651 0.2611111111111111 0.01610305958132045 0.030555555555555555
0 0.7330917874396136 0.25069444444444444 0.016908212560386472 0.029166666666666667
0 0.7218196457326892 0.2638888888888889 0.015297906602254429 0.03333333333333333
0 0.7407407407407407 0.22430555555555556 0.01288244766505636 0.029166666666666667
0 0.7705314009661836 0.24513888888888888 0.017713365539452495 0.029166666666666667
0 0.8075684380032206 0.2722222222222222 0.017713365539452495 0.030555555555555555
0 0.7987117552334944 0.25555555555555554 0.014492753623188406 0.022222222222222223
0 0.8256843800322061 0.2611111111111111 0.013687600644122383 0.03611111111111111
0 0.8486312399355878 0.2611111111111111 0.017713365539452495 0.03888888888888889
0 0.8586956521739131 0.25625 0.012077294685990338 0.03194444444444444
0 0.8490338164251208 0.31527777777777777 0.021739130434782608 0.03888888888888889
0 0.8756038647342995 0.325 0.018518518518518517 0.041666666666666664
0 0.8852657004830918 0.29097222222222224 0.016908212560386472 0.03194444444444444
0 0.8586956521739131 0.36666666666666664 0.023349436392914653 0.04722222222222222
0 0.8442028985507246 0.40902777777777777 0.023349436392914653 0.04861111111111111
0 0.8297101449275363 0.45 0.03462157809983897 0.06666666666666667
0 0.8973429951690821 0.46944444444444444 0.029790660225442835 0.075
0 0.8896940418679549 0.3875 0.020933977455716585 0.04722222222222222
0 0.9142512077294686 0.35208333333333336 0.016908212560386472 0.04027777777777778
0 0.9255233494363929 0.3263888888888889 0.015297906602254429 0.03611111111111111
0 0.9182769726247987 0.2986111111111111 0.015297906602254429 0.030555555555555555
0 0.9150563607085346 0.27569444444444446 0.013687600644122383 0.02638888888888889