0 0.5723488602576808 0.3345070422535211 0.04261645193260654 0.09154929577464789
0 0.5673934588701685 0.23767605633802816 0.022794846382556987 0.045774647887323945
0 0.535183349851338 0.2130281690140845 0.017839444995044598 0.035211267605633804
0 0.5014866204162537 0.18838028169014084 0.017839444995044598 0.03169014084507042
0 0.4663032705649158 0.20862676056338028 0.022794846382556987 0.02640845070422535
0 0.3250743310208127 0.2147887323943662 0.009910802775024777 0.03873239436619718
0 0.3761149653121903 0.19718309859154928 0.02081268582755203 0.02464788732394366
0 0.37661050545094155 0.176056338028169 0.019821605550049554 0.03169014084507042
0 0.410802775024777 0.17253521126760563 0.014866204162537165 0.03169014084507042
0 0.4370664023785927 0.17165492957746478 0.019821605550049554 0.02640845070422535
0 0.42666005946481667 0.1443661971830986 0.010901883052527254 0.02464788732394366
0 0.47522299306243804 0.13204225352112675 0.01684836471754212 0.02464788732394366
0 0.4742319127849356 0.15757042253521128 0.018830525272547076 0.022887323943661973
0 0.632804757185332 0.20862676056338028 0.022794846382556987 0.04753521126760563
0 0.6774033696729435 0.22095070422535212 0.018830525272547076 0.03697183098591549
0 0.7056491575817642 0.22535211267605634 0.015857284440039643 0.04225352112676056
0 0.7893954410307235 0.22887323943661972 0.01684836471754212 0.03169014084507042
0 0.867195242814668 0.27024647887323944 0.02180376610505451 0.051056338028169015
0 0.8518334985133796 0.2007042253521127 0.014866204162537165 0.035211267605633804
0 0.9182358771060456 0.2517605633802817 0.018830525272547076 0.045774647887323945
0 0.796828543111992 0.12764084507042253 0.013875123885034688 0.02640845070422535
0 0.8221010901883052 0.1329225352112676 0.01684836471754212 0.02640845070422535
0 0.8488602576808721 0.1426056338028169 0.01288404360753221 0.028169014084507043
0 0.8746283448959365 0.15757042253521128 0.014866204162537165 0.02640845070422535
0 0.9117938553022795 0.1742957746478873 0.017839444995044598 0.02464788732394366
0 0.9291377601585729 0.15669014084507044 0.01684836471754212 0.03169014084507042
0 0.933597621407334 0.19102112676056338 0.013875123885034688 0.02640845070422535
0 0.921209117938553 0.21390845070422534 0.02081268582755203 0.03697183098591549
0 0.8979187314172448 0.20334507042253522 0.02180376610505451 0.02992957746478873
0 0.8235877106045589 0.18309859154929578 0.017839444995044598 0.035211267605633804
0 0.7016848364717542 0.11707746478873239 0.013875123885034688 0.02992957746478873
0 0.6754212091179386 0.11091549295774648 0.018830525272547076 0.03169014084507042
0 0.6496531219028742 0.11883802816901408 0.014866204162537165 0.02640845070422535
0 0.6169474727452924 0.10475352112676056 0.010901883052527254 0.02640845070422535
0 0.7071357779980179 0.18838028169014084 0.01684836471754212 0.03169014084507042
0 0.7309217046580773 0.17781690140845072 0.01288404360753221 0.03169014084507042
0 0.7670961347869177 0.17781690140845072 0.013875123885034688 0.02464788732394366
0 0.7908820614469773 0.17165492957746478 0.011892963330029732 0.022887323943661973
0 0.7755203171456888 0.1487676056338028 0.01288404360753221 0.022887323943661973
0 0.7581764122893955 0.13732394366197184 0.013875123885034688 0.028169014084507043
0 0.7373637264618434 0.14964788732394366 0.011892963330029732 0.03169014084507042
0 0.7175421209117938 0.14964788732394366 0.013875123885034688 0.028169014084507043
0 0.6922695738354807 0.17341549295774647 0.014866204162537165 0.03345070422535211
0 0.5946481665014867 0.136443661971831 0.013875123885034688 0.02640845070422535
0 0.5782953419226957 0.11971830985915492 0.01288404360753221 0.02112676056338028
0 0.541625371655104 0.13732394366197184 0.01288404360753221 0.02112676056338028
0 0.5213082259663032 0.1681338028169014 0.013875123885034688 0.02640845070422535
0 0.4930624380574827 0.13468309859154928 0.01288404360753221 0.01936619718309859
0 0.6179385530227949 0.16549295774647887 0.014866204162537165 0.02464788732394366
0 0.5431119920713577 0.17253521126760563 0.013875123885034688 0.02464788732394366
0 0.6546085232903865 0.1954225352112676 0.014866204162537165 0.035211267605633804
0 0.5688800792864221 0.176056338028169 0.017839444995044598 0.028169014084507043
0 0.6293359762140733 0.12235915492957747 0.013875123885034688 0.02992957746478873
0 0.568384539147671 0.14700704225352113 0.01288404360753221 0.02640845070422535
0 0.4405351833498513 0.15316901408450703 0.014866204162537165 0.028169014084507043
0 0.45986124876114964 0.17165492957746478 0.013875123885034688 0.02992957746478873
0 0.8037661050545094 0.15669014084507044 0.015857284440039643 0.03169014084507042
0 0.8072348860257681 0.20246478873239437 0.01684836471754212 0.035211267605633804
0 0.8780971258671952 0.24119718309859156 0.015857284440039643 0.04225352112676056
0 0.6793855302279485 0.14612676056338028 0.01288404360753221 0.02464788732394366
0 0.6600594648166501 0.136443661971831 0.013875123885034688 0.02992957746478873
0 0.566402378592666 0.13028169014084506 0.014866204162537165 0.02464788732394366
0 0.5267591674925669 0.12588028169014084 0.01684836471754212 0.02640845070422535