0 0.11776447105788423 0.26102292768959434 0.023952095808383235 0.042328042328042326
0 0.18912175648702595 0.31216931216931215 0.04091816367265469 0.09171075837742504
0 0.17564870259481039 0.43738977072310403 0.04590818363273453 0.08818342151675485
0 0.3537924151696607 0.21252204585537918 0.020958083832335328 0.04056437389770723
0 0.42564870259481036 0.21693121693121692 0.020958083832335328 0.042328042328042326
0 0.4530938123752495 0.1966490299823633 0.02594810379241517 0.047619047619047616
0 0.5064870259481038 0.1164021164021164 0.0249500998003992 0.04585537918871252
0 0.560379241516966 0.10582010582010581 0.0249500998003992 0.04585537918871252
0 0.624251497005988 0.13051146384479717 0.018962075848303395 0.042328042328042326
0 0.5474051896207585 0.18959435626102292 0.020958083832335328 0.04409171075837742
0 0.5813373253493014 0.20634920634920634 0.0249500998003992 0.04585537918871252
0 0.6402195608782435 0.24603174603174602 0.028942115768463075 0.054673721340388004
0 0.7200598802395209 0.2724867724867725 0.028942115768463075 0.06172839506172839
0 0.842814371257485 0.3395061728395062 0.03293413173652695 0.0582010582010582
0 0.8363273453093812 0.21340388007054673 0.021956087824351298 0.04585537918871252
0 0.9136726546906188 0.2830687830687831 0.02694610778443114 0.05114638447971781
0 0.9286427145708582 0.16137566137566137 0.012974051896207584 0.03350970017636684
0 0.9016966067864272 0.12257495590828923 0.016966067864271458 0.03350970017636684