0 0.2075654704170708 0.3615916955017301 0.04655674102812803 0.07612456747404844
0 0.3195926285160039 0.23615916955017302 0.020368574199806012 0.03633217993079585
0 0.32444228903976724 0.20847750865051903 0.01842870999030068 0.03633217993079585
0 0.35790494665373423 0.1980968858131488 0.01745877788554801 0.03633217993079585
0 0.41367604267701263 0.20674740484429066 0.020368574199806012 0.03633217993079585
0 0.42580019398642094 0.18598615916955016 0.015518913676042677 0.025951557093425604
0 0.4180407371483996 0.16868512110726644 0.015518913676042677 0.025951557093425604
0 0.447623666343356 0.21366782006920415 0.014548981571290009 0.039792387543252594
0 0.4626576139670223 0.18858131487889274 0.01745877788554801 0.03460207612456748
0 0.4568380213385063 0.15484429065743946 0.015518913676042677 0.025951557093425604
0 0.47623666343355964 0.16003460207612458 0.013579049466537343 0.029411764705882353
0 0.5019398642095053 0.16262975778546712 0.014548981571290009 0.031141868512110725
0 0.483996120271581 0.222318339100346 0.019398642095053348 0.039792387543252594
0 0.476721629485936 0.13408304498269896 0.012609117361784675 0.025951557093425604
0 0.5053346265761397 0.14359861591695502 0.011639185257032008 0.02422145328719723
0 0.5126091173617847 0.12975778546712802 0.012609117361784675 0.02422145328719723
0 0.516003879728419 0.14273356401384082 0.015518913676042677 0.029411764705882353
0 0.532007759456838 0.12370242214532871 0.012609117361784675 0.01903114186851211
0 0.5368574199806013 0.15397923875432526 0.014548981571290009 0.031141868512110725
0 0.550921435499515 0.17128027681660898 0.013579049466537343 0.031141868512110725
0 0.5586808923375364 0.18252595155709342 0.013579049466537343 0.0328719723183391
0 0.5543161978661494 0.12802768166089964 0.01066925315227934 0.02422145328719723
0 0.5756547041707081 0.15311418685121106 0.012609117361784675 0.0328719723183391
0 0.5940834141610087 0.11418685121107267 0.01066925315227934 0.02422145328719723
0 0.6066925315227935 0.1323529411764706 0.016488845780795344 0.029411764705882353
0 0.5989330746847721 0.15484429065743946 0.014548981571290009 0.03633217993079585
0 0.5872938894277401 0.19550173010380623 0.01842870999030068 0.031141868512110725
0 0.6212415130940834 0.10813148788927336 0.012609117361784675 0.02249134948096886
0 0.6459747817652765 0.10640138408304499 0.011639185257032008 0.02249134948096886
0 0.6605237633365665 0.1115916955017301 0.011639185257032008 0.029411764705882353
0 0.6886517943743938 0.12716262975778547 0.011639185257032008 0.02249134948096886
0 0.7022308438409312 0.12975778546712802 0.015518913676042677 0.03460207612456748
0 0.6362754607177498 0.13494809688581316 0.013579049466537343 0.02768166089965398
0 0.6576139670223085 0.1444636678200692 0.013579049466537343 0.025951557093425604
0 0.6454898157129001 0.1513840830449827 0.014548981571290009 0.029411764705882353
0 0.6430649854510184 0.20761245674740483 0.02133850630455868 0.04152249134948097
0 0.5916585838991271 0.24048442906574394 0.023278370514064017 0.05190311418685121
0 0.5877788554801164 0.2742214532871972 0.02521823472356935 0.050173010380622836
0 0.5300678952473327 0.28460207612456745 0.026188166828322017 0.05709342560553633
0 0.6071774975751697 0.32006920415224915 0.03297769156159069 0.06920415224913495
0 0.6382153249272551 0.2560553633217993 0.023278370514064017 0.04498269896193772
0 0.6711930164888458 0.21366782006920415 0.02133850630455868 0.039792387543252594
0 0.6789524733268671 0.26211072664359863 0.02521823472356935 0.04671280276816609
0 0.6973811833171678 0.3166089965397924 0.031037827352085354 0.06228373702422145
0 0.7507274490785645 0.3494809688581315 0.031037827352085354 0.06920415224913495
0 0.8278370514064015 0.35899653979238755 0.030067895247332686 0.06401384083044982
0 0.8971871968962173 0.42301038062283736 0.029097963142580018 0.07439446366782007
0 0.9136760426770126 0.38235294117647056 0.019398642095053348 0.0657439446366782
0 0.8457807953443259 0.31920415224913495 0.02133850630455868 0.05709342560553633
0 0.7919495635305529 0.3070934256055363 0.02424830261881668 0.05709342560553633
0 0.8108632395732299 0.27162629757785467 0.023278370514064017 0.058823529411764705
0 0.8734238603297769 0.2984429065743945 0.020368574199806012 0.04671280276816609
0 0.9340446168768186 0.28719723183391005 0.02133850630455868 0.04844290657439446
0 0.9253152279340446 0.2517301038062284 0.015518913676042677 0.04671280276816609
0 0.9369544131910766 0.23875432525951557 0.01745877788554801 0.04498269896193772
0 0.9369544131910766 0.20588235294117646 0.01745877788554801 0.03806228373702422
0 0.9165858389912707 0.17128027681660898 0.015518913676042677 0.031141868512110725
0 0.8811833171677983 0.15484429065743946 0.012609117361784675 0.0328719723183391
0 0.8947623666343356 0.2041522491349481 0.016488845780795344 0.05190311418685121
0 0.8831231813773036 0.22664359861591696 0.01842870999030068 0.04498269896193772
0 0.8748787584869059 0.17560553633217993 0.013579049466537343 0.029411764705882353
0 0.8671193016488846 0.19290657439446368 0.013579049466537343 0.0328719723183391
0 0.8574199806013579 0.1972318339100346 0.019398642095053348 0.04498269896193772
0 0.8443258971871969 0.21539792387543252 0.016488845780795344 0.039792387543252594
0 0.7934044616876819 0.22145328719723184 0.015518913676042677 0.04498269896193772
0 0.8113482056256062 0.20847750865051903 0.016488845780795344 0.04671280276816609
0 0.8302618816682832 0.1782006920415225 0.013579049466537343 0.02768166089965398
0 0.8380213385063046 0.16176470588235295 0.013579049466537343 0.0328719723183391
0 0.8031037827352085 0.1704152249134948 0.013579049466537343 0.029411764705882353
0 0.7730358874878759 0.1842560553633218 0.019398642095053348 0.039792387543252594
0 0.7298739088263821 0.2231833910034602 0.020368574199806012 0.04498269896193772
0 0.7046556741028128 0.2050173010380623 0.016488845780795344 0.04325259515570934
0 0.6852570320077594 0.17647058823529413 0.01842870999030068 0.03806228373702422
0 0.7099903006789525 0.16608996539792387 0.015518913676042677 0.03460207612456748
0 0.7439379243452958 0.17906574394463667 0.015518913676042677 0.039792387543252594
0 0.7560620756547042 0.1314878892733564 0.012609117361784675 0.031141868512110725
0 0.7643064985451018 0.15311418685121106 0.015518913676042677 0.03633217993079585
0 0.7856450048496605 0.13927335640138408 0.013579049466537343 0.0328719723183391