0 0.14124293785310735 0.5249287749287749 0.04519774011299435 0.08404558404558404
0 0.22921711057304278 0.34116809116809116 0.016142050040355124 0.038461538461538464
0 0.2635189669087974 0.3425925925925926 0.020177562550443905 0.04415954415954416
0 0.28127522195318805 0.37535612535612534 0.023405972558514933 0.04415954415954416
0 0.2841000807102502 0.31054131054131057 0.01937046004842615 0.037037037037037035
0 0.3361581920903955 0.35826210826210825 0.023405972558514933 0.05270655270655271
0 0.35512510088781274 0.32407407407407407 0.014527845036319613 0.03276353276353276
0 0.3527037933817595 0.29415954415954415 0.014527845036319613 0.03276353276353276
0 0.3813559322033898 0.3482905982905983 0.021791767554479417 0.04131054131054131
0 0.4096045197740113 0.33262108262108264 0.020177562550443905 0.038461538461538464
0 0.4063761097659403 0.29415954415954415 0.018563357546408393 0.029914529914529916
0 0.3910411622276029 0.25925925925925924 0.01533494753833737 0.02849002849002849
0 0.4390637610976594 0.33404558404558404 0.0258272800645682 0.04700854700854701
0 0.42534301856335754 0.2571225071225071 0.014527845036319613 0.024216524216524215
0 0.4426957223567393 0.2621082621082621 0.01533494753833737 0.03133903133903134
0 0.47094430992736075 0.30626780626780625 0.020177562550443905 0.042735042735042736
0 0.49878934624697335 0.3269230769230769 0.01937046004842615 0.038461538461538464
0 0.466908797417272 0.26424501424501423 0.012106537530266344 0.03561253561253561
0 0.4596448748991122 0.24002849002849003 0.012106537530266344 0.029914529914529916
0 0.5040355125100888 0.2656695156695157 0.01533494753833737 0.03561253561253561
0 0.523405972558515 0.2706552706552707 0.01694915254237288 0.037037037037037035
0 0.5149313962873285 0.24857549857549857 0.016142050040355124 0.029914529914529916
0 0.5403551251008878 0.2492877492877493 0.01694915254237288 0.037037037037037035
0 0.5460048426150121 0.28917378917378916 0.01533494753833737 0.03418803418803419
0 0.5742534301856336 0.25997150997151 0.01533494753833737 0.03276353276353276
0 0.5677966101694916 0.24786324786324787 0.010492332526230832 0.02564102564102564
0 0.5520581113801453 0.2264957264957265 0.0129136400322841 0.03133903133903134
0 0.5669895076674738 0.21937321937321938 0.012106537530266344 0.02849002849002849
0 0.5956416464891041 0.22008547008547008 0.016142050040355124 0.03276353276353276
0 0.6016949152542372 0.20655270655270655 0.012106537530266344 0.02849002849002849
0 0.5952380952380952 0.2514245014245014 0.01533494753833737 0.03276353276353276
0 0.6299435028248588 0.25071225071225073 0.01694915254237288 0.03418803418803419
0 0.6206618240516546 0.21652421652421652 0.011299435028248588 0.02849002849002849
0 0.6335754640839386 0.2222222222222222 0.014527845036319613 0.022792022792022793
0 0.6670702179176755 0.2272079772079772 0.013720742534301856 0.021367521367521368
0 0.6666666666666666 0.20512820512820512 0.0129136400322841 0.03418803418803419
0 0.6783696529459241 0.22293447293447294 0.01694915254237288 0.029914529914529916
0 0.5351089588377724 0.35683760683760685 0.024213075060532687 0.05555555555555555
0 0.4778046811945117 0.4024216524216524 0.03228410008071025 0.0584045584045584
0 0.5480225988700564 0.4066951566951567 0.02744148506860371 0.04985754985754986
0 0.5912025827280064 0.452991452991453 0.031476997578692496 0.07407407407407407
0 0.629136400322841 0.4650997150997151 0.03954802259887006 0.0754985754985755
0 0.6912832929782082 0.542022792022792 0.042776432606941084 0.07264957264957266
0 0.8062953995157385 0.5149572649572649 0.03551251008878128 0.0698005698005698
0 0.6089588377723971 0.3596866096866097 0.025020177562550445 0.05270655270655271
0 0.596045197740113 0.32763532763532766 0.01694915254237288 0.039886039886039885
0 0.6283292978208233 0.29985754985754987 0.01694915254237288 0.038461538461538464
0 0.6444713478611783 0.3660968660968661 0.026634382566585957 0.05698005698005698
0 0.6864406779661016 0.35683760683760685 0.021791767554479417 0.05555555555555555
0 0.7126715092816788 0.4017094017094017 0.03066989507667474 0.06837606837606838
0 0.7776432606941082 0.42806267806267806 0.02986279257465698 0.06125356125356125
0 0.8317191283292978 0.4544159544159544 0.02986279257465698 0.06837606837606838
0 0.9124293785310734 0.4672364672364672 0.03470540758676352 0.05982905982905983
0 0.8979015334947539 0.4408831908831909 0.020177562550443905 0.04415954415954416
0 0.8486682808716707 0.3888888888888889 0.023405972558514933 0.04843304843304843
0 0.8058918482647296 0.3596866096866097 0.021791767554479417 0.05270655270655271
0 0.7853107344632768 0.297008547008547 0.01937046004842615 0.038461538461538464
0 0.7715899919289749 0.2863247863247863 0.014527845036319613 0.039886039886039885
0 0.7631154156577885 0.26424501424501423 0.01533494753833737 0.027065527065527065
0 0.7715899919289749 0.23717948717948717 0.0129136400322841 0.029914529914529916
0 0.725181598062954 0.2514245014245014 0.01694915254237288 0.04131054131054131
0 0.7401129943502824 0.2378917378917379 0.011299435028248588 0.022792022792022793
0 0.7280064568200162 0.2336182336182336 0.0129136400322841 0.02564102564102564
0 0.7005649717514124 0.25 0.01775625504439064 0.038461538461538464
0 0.6662631154156577 0.28062678062678065 0.01694915254237288 0.039886039886039885
0 0.6961259079903148 0.2984330484330484 0.020177562550443905 0.03276353276353276
0 0.6751412429378532 0.3162393162393162 0.021791767554479417 0.042735042735042736
0 0.801452784503632 0.24216524216524216 0.016142050040355124 0.02849002849002849
0 0.811541565778854 0.26495726495726496 0.01694915254237288 0.03133903133903134
0 0.8341404358353511 0.25213675213675213 0.013720742534301856 0.02849002849002849
0 0.8426150121065376 0.2706552706552707 0.01937046004842615 0.037037037037037035
0 0.8365617433414043 0.30982905982905984 0.018563357546408393 0.038461538461538464
0 0.8599677158999193 0.33475783475783477 0.018563357546408393 0.03133903133903134
0 0.8748991121872478 0.32193732193732194 0.01775625504439064 0.039886039886039885
0 0.8700564971751412 0.25925925925925924 0.014527845036319613 0.03418803418803419
0 0.8926553672316384 0.2849002849002849 0.01775625504439064 0.042735042735042736
0 0.9116222760290557 0.35185185185185186 0.021791767554479417 0.042735042735042736
0 0.9059725585149314 0.31695156695156695 0.01694915254237288 0.03276353276353276
0 0.9184826472962067 0.30128205128205127 0.0129136400322841 0.029914529914529916
0 0.9277643260694108 0.27350427350427353 0.01533494753833737 0.02849002849002849