0 0.19738072965388212 0.44689542483660133 0.037418147801683815 0.07679738562091504
0 0.235266604303087 0.20588235294117646 0.021515434985968196 0.0392156862745098
0 0.470533208606174 0.14215686274509803 0.013096351730589336 0.026143790849673203
0 0.5032740879326474 0.13562091503267973 0.013096351730589336 0.02287581699346405
0 0.4915809167446211 0.16584967320261437 0.01777362020579981 0.03104575163398693
0 0.5046772684752104 0.1895424836601307 0.019644527595884004 0.029411764705882353
0 0.7034611786716558 0.17320261437908496 0.01683816651075772 0.032679738562091505
0 0.725912067352666 0.17892156862745098 0.013096351730589336 0.027777777777777776
0 0.7418147801683816 0.1781045751633987 0.014967259120673527 0.029411764705882353
0 0.7909260991580916 0.17892156862745098 0.015902712815715623 0.03104575163398693
0 0.8419083255378859 0.18137254901960784 0.014967259120673527 0.029411764705882353
0 0.901309635173059 0.12254901960784313 0.01403180542563143 0.032679738562091505
0 0.9387277829747428 0.16176470588235295 0.01028999064546305 0.02287581699346405
0 0.9429373246024322 0.1854575163398693 0.013096351730589336 0.024509803921568627
0 0.9391955098222639 0.23202614379084968 0.014967259120673527 0.032679738562091505
0 0.8797942001870908 0.28431372549019607 0.019644527595884004 0.049019607843137254