0 0.26618705035971224 0.22965641952983726 0.014388489208633094 0.03616636528028933
0 0.3278520041109969 0.2423146473779385 0.020554984583761562 0.04701627486437613
0 0.35714285714285715 0.1962025316455696 0.015416238437821172 0.034358047016274866
0 0.3761562178828366 0.18173598553345388 0.01644398766700925 0.027124773960216998
0 0.3823227132579651 0.20795660036166366 0.01644398766700925 0.028933092224231464
0 0.40544707091469684 0.16817359855334538 0.017471736896197326 0.03616636528028933
0 0.4224049331963001 0.15370705244122965 0.014388489208633094 0.028933092224231464
0 0.43884892086330934 0.17450271247739602 0.01644398766700925 0.034358047016274866
0 0.4460431654676259 0.20976491862567812 0.018499486125385406 0.04701627486437613
0 0.420863309352518 0.21880650994575046 0.015416238437821172 0.028933092224231464
0 0.40750256937307294 0.23056057866184448 0.025693730729701953 0.05244122965641953
0 0.5056526207605344 0.2115732368896926 0.022610483042137718 0.05063291139240506
0 0.4635149023638232 0.20795660036166366 0.018499486125385406 0.028933092224231464
0 0.4614594039054471 0.1437613019891501 0.012332990750256937 0.027124773960216998
0 0.4850976361767729 0.1518987341772152 0.014388489208633094 0.0325497287522604
0 0.4984583761562179 0.13924050632911392 0.014388489208633094 0.0325497287522604
0 0.5102774922918808 0.14737793851717904 0.013360739979445015 0.027124773960216998
0 0.5154162384378211 0.13291139240506328 0.011305241521068859 0.027124773960216998
0 0.5195272353545735 0.18264014466546113 0.015416238437821172 0.0433996383363472
0 0.5339157245632066 0.1654611211573237 0.013360739979445015 0.03074141048824593
0 0.5308324768756424 0.14285714285714285 0.015416238437821172 0.028933092224231464
0 0.5390544707091469 0.13652802893309224 0.011305241521068859 0.027124773960216998
0 0.5590955806783144 0.18806509945750452 0.018499486125385406 0.039783001808318265
0 0.5652620760534429 0.1410488245931284 0.014388489208633094 0.02531645569620253
0 0.579136690647482 0.12477396021699819 0.013360739979445015 0.02531645569620253
0 0.6017471736896197 0.1735985533453888 0.017471736896197326 0.03616636528028933
0 0.5960945529290853 0.14647377938517178 0.01644398766700925 0.02531645569620253
0 0.6166495375128469 0.16817359855334538 0.01644398766700925 0.03616636528028933
0 0.6038026721479959 0.11392405063291139 0.011305241521068859 0.02531645569620253
0 0.6171634121274409 0.11392405063291139 0.011305241521068859 0.028933092224231464
0 0.6330935251798561 0.13110307414104883 0.014388489208633094 0.027124773960216998
0 0.6289825282631039 0.11573236889692586 0.014388489208633094 0.018083182640144666
0 0.6541623843782117 0.14195298372513562 0.017471736896197326 0.034358047016274866
0 0.6557040082219938 0.11844484629294756 0.012332990750256937 0.027124773960216998
0 0.6788283658787256 0.12839059674502712 0.015416238437821172 0.028933092224231464
0 0.6865364850976362 0.11211573236889692 0.012332990750256937 0.028933092224231464
0 0.7070914696813977 0.1220614828209765 0.012332990750256937 0.03074141048824593
0 0.5626927029804728 0.2965641952983725 0.025693730729701953 0.04701627486437613
0 0.5673175745118191 0.2576853526220615 0.024665981500513873 0.04159132007233273
0 0.6243576567317575 0.2613019891500904 0.025693730729701953 0.048824593128390596
0 0.6418293936279548 0.1962025316455696 0.019527235354573486 0.04159132007233273
0 0.6736896197327852 0.22423146473779385 0.02158273381294964 0.05063291139240506
0 0.68448098663926 0.2576853526220615 0.022610483042137718 0.048824593128390596
0 0.7281603288797533 0.2857142857142857 0.03186022610483042 0.05786618444846293
0 0.6993833504624871 0.20795660036166366 0.017471736896197326 0.039783001808318265
0 0.6998972250770812 0.18083182640144665 0.01644398766700925 0.0325497287522604
0 0.7353545734840699 0.14737793851717904 0.019527235354573486 0.034358047016274866
0 0.7446043165467626 0.13924050632911392 0.015416238437821172 0.0325497287522604
0 0.7651593011305241 0.14014466546112117 0.015416238437821172 0.034358047016274866
0 0.7410071942446043 0.1871609403254973 0.018499486125385406 0.034358047016274866
0 0.7533401849948612 0.21428571428571427 0.018499486125385406 0.045207956600361664
0 0.7651593011305241 0.2513562386980108 0.02158273381294964 0.054249547920433995
0 0.7923946557040082 0.3065099457504521 0.024665981500513873 0.059674502712477394
0 0.8473792394655704 0.32459312839059673 0.02774922918807811 0.06329113924050633
0 0.8617677286742035 0.2848101265822785 0.025693730729701953 0.05605786618444846
0 0.9234326824254881 0.3426763110307414 0.02774922918807811 0.06690777576853527
0 0.9188078108941419 0.3010849909584087 0.020554984583761562 0.04159132007233273
0 0.9234326824254881 0.24773960216998192 0.019527235354573486 0.0433996383363472
0 0.8884892086330936 0.24141048824593128 0.017471736896197326 0.0379746835443038
0 0.8391572456320657 0.2423146473779385 0.02158273381294964 0.0433996383363472
0 0.7965056526207606 0.2197106690777577 0.014388489208633094 0.0379746835443038
0 0.8016443987667009 0.16817359855334538 0.014388489208633094 0.03616636528028933
0 0.8016443987667009 0.13562386980108498 0.012332990750256937 0.03616636528028933
0 0.8206577595066804 0.13924050632911392 0.013360739979445015 0.0325497287522604
0 0.8114080164439876 0.16184448462929477 0.013360739979445015 0.03074141048824593
0 0.8376156217882836 0.15099457504520797 0.014388489208633094 0.034358047016274866
0 0.8530318602261048 0.1609403254972875 0.014388489208633094 0.02531645569620253
0 0.8602261048304214 0.19258589511754068 0.018499486125385406 0.04159132007233273
0 0.8371017471736896 0.20433996383363473 0.017471736896197326 0.0325497287522604
0 0.867934224049332 0.1763110307414105 0.017471736896197326 0.034358047016274866
0 0.8864337101747174 0.15822784810126583 0.013360739979445015 0.034358047016274866
0 0.9136690647482014 0.17088607594936708 0.012332990750256937 0.034358047016274866
0 0.8915724563206577 0.21428571428571427 0.015416238437821172 0.03074141048824593
0 0.9419321685508736 0.20795660036166366 0.013360739979445015 0.028933092224231464
0 0.9506680369989723 0.18173598553345388 0.012332990750256937 0.03074141048824593