0 0.1529466791393826 0.3546511627906977 0.04957904583723106 0.08471760797342193
0 0.2591206735266604 0.27906976744186046 0.01683816651075772 0.036544850498338874
0 0.29420018709073903 0.2616279069767442 0.021515434985968196 0.03820598006644518
0 0.313844714686623 0.24584717607973422 0.01777362020579981 0.04318936877076412
0 0.34471468662301213 0.21096345514950166 0.019644527595884004 0.036544850498338874
0 0.3292797006548176 0.24169435215946844 0.018709073900841908 0.03156146179401993
0 0.36108512628624884 0.2425249169435216 0.018709073900841908 0.04318936877076412
0 0.3774555659494855 0.22508305647840532 0.01777362020579981 0.03488372093023256
0 0.38400374181478014 0.19601328903654486 0.015902712815715623 0.036544850498338874
0 0.4106641721234799 0.16611295681063123 0.013096351730589336 0.03322259136212625
0 0.43171188026192703 0.21926910299003322 0.019644527595884004 0.03986710963455149
0 0.45509822263797944 0.22591362126245848 0.019644527595884004 0.036544850498338874
0 0.47567820392890553 0.24750830564784054 0.023386342376052385 0.04318936877076412
0 0.42422825070159026 0.1818936877076412 0.019644527595884004 0.02823920265780731
0 0.4452759588400374 0.18853820598006646 0.018709073900841908 0.04152823920265781
0 0.45182413470533206 0.17275747508305647 0.018709073900841908 0.036544850498338874
0 0.46585594013096354 0.1536544850498339 0.014967259120673527 0.02823920265780731
0 0.47708138447146864 0.1719269102990033 0.02245088868101029 0.03156146179401993
0 0.4822263797942002 0.20431893687707642 0.019644527595884004 0.03322259136212625
0 0.5163704396632367 0.20182724252491693 0.02245088868101029 0.044850498338870434
0 0.5102899906454631 0.16611295681063123 0.019644527595884004 0.03322259136212625
0 0.48409728718428435 0.1287375415282392 0.01403180542563143 0.024916943521594685
0 0.519644527595884 0.1287375415282392 0.01216089803554724 0.02823920265780731
0 0.5322731524789522 0.13372093023255813 0.014967259120673527 0.03156146179401993
0 0.5467726847521047 0.1478405315614618 0.01777362020579981 0.04318936877076412
0 0.5734331150608045 0.17109634551495018 0.018709073900841908 0.03986710963455149
0 0.5594013096351731 0.10963455149501661 0.014967259120673527 0.029900332225913623
0 0.569223573433115 0.12624584717607973 0.01216089803554724 0.023255813953488372
0 0.5832553788587465 0.132890365448505 0.01216089803554724 0.026578073089700997
0 0.5940130963517306 0.11794019933554817 0.013096351730589336 0.023255813953488372
0 0.618334892422825 0.13953488372093023 0.01683816651075772 0.03322259136212625
0 0.6333021515434986 0.11877076411960133 0.01683816651075772 0.02823920265780731
0 0.6188026192703461 0.05564784053156146 0.01403180542563143 0.02823920265780731
0 0.646398503274088 0.09302325581395349 0.013096351730589336 0.029900332225913623
0 0.6337698783910196 0.09634551495016612 0.01216089803554724 0.019933554817275746
0 0.6702525724976613 0.11461794019933555 0.015902712815715623 0.029900332225913623
0 0.5154349859681946 0.2749169435215947 0.02432179607109448 0.05149501661129568
0 0.5332086061739943 0.3438538205980066 0.029934518241347054 0.05647840531561462
0 0.5921421889616464 0.3504983388704319 0.029934518241347054 0.07308970099667775
0 0.567820392890552 0.2441860465116279 0.0205799812909261 0.046511627906976744
0 0.6057062675397568 0.2707641196013289 0.023386342376052385 0.04983388704318937
0 0.6342376052385407 0.20681063122923588 0.02245088868101029 0.05149501661129568
0 0.6627689429373246 0.2084717607973422 0.021515434985968196 0.05149501661129568
0 0.6679139382600561 0.17358803986710963 0.014967259120673527 0.03488372093023256
0 0.6936389148737138 0.18023255813953487 0.019644527595884004 0.04152823920265781
0 0.6870907390084191 0.2217607973421927 0.025257249766136577 0.044850498338870434
0 0.6557530402245089 0.2931893687707641 0.02806361085126286 0.05813953488372093
0 0.6744621141253508 0.34136212624584716 0.029934518241347054 0.061461794019933555
0 0.7380729653882133 0.292358803986711 0.02806361085126286 0.06976744186046512
0 0.7567820392890552 0.2541528239202658 0.029934518241347054 0.05647840531561462
0 0.7895229186155285 0.3164451827242525 0.026192703461178673 0.06478405315614617
0 0.8082319925163705 0.25664451827242524 0.026192703461178673 0.054817275747508304
0 0.7418147801683816 0.1951827242524917 0.0205799812909261 0.04817275747508306
0 0.7090739008419084 0.15282392026578073 0.0205799812909261 0.046511627906976744
0 0.7221702525724977 0.1403654485049834 0.01683816651075772 0.04152823920265781
0 0.7179607109448082 0.07724252491694353 0.01403180542563143 0.03156146179401993
0 0.7376052385406923 0.1212624584717608 0.01403180542563143 0.029900332225913623
0 0.7497661365762395 0.13953488372093023 0.01777362020579981 0.03322259136212625
0 0.7637979420018709 0.12624584717607973 0.01777362020579981 0.04318936877076412
0 0.7820392890551918 0.11877076411960133 0.013096351730589336 0.03488372093023256
0 0.793732460243218 0.1403654485049834 0.01777362020579981 0.03488372093023256
0 0.8049579045837231 0.13372093023255813 0.015902712815715623 0.03156146179401993
0 0.7890551917680075 0.18438538205980065 0.019644527595884004 0.036544850498338874
0 0.7530402245088869 0.17524916943521596 0.0205799812909261 0.03820598006644518
0 0.8713751169317119 0.24086378737541528 0.01777362020579981 0.04318936877076412
0 0.9134705332086062 0.2691029900332226 0.023386342376052385 0.05647840531561462
0 0.8255378858746492 0.15448504983388706 0.01403180542563143 0.03322259136212625
0 0.8437792329279701 0.15614617940199335 0.01683816651075772 0.036544850498338874
0 0.8381665107577175 0.1303986710963455 0.013096351730589336 0.024916943521594685
0 0.8610851262862488 0.1420265780730897 0.01777362020579981 0.044850498338870434
0 0.891955098222638 0.16528239202657807 0.01777362020579981 0.03488372093023256
0 0.9260991580916744 0.19102990033222592 0.014967259120673527 0.03322259136212625
0 0.9279700654817586 0.15282392026578073 0.014967259120673527 0.036544850498338874
0 0.891955098222638 0.13704318936877077 0.01216089803554724 0.024916943521594685