0 0.10842754367934224 0.2587476979742173 0.017471736896197326 0.04604051565377532
0 0.2954779033915725 0.23388581952117865 0.013360739979445015 0.03314917127071823
0 0.29804727646454265 0.21178637200736647 0.014388489208633094 0.02578268876611418
0 0.3371017471736896 0.21823204419889503 0.014388489208633094 0.034990791896869246
0 0.35817060637204523 0.22099447513812154 0.015416238437821172 0.03683241252302026
0 0.3566289825282631 0.19429097605893186 0.014388489208633094 0.027624309392265192
0 0.3499486125385406 0.17495395948434622 0.013360739979445015 0.03314917127071823
0 0.3802672147995889 0.19613259668508287 0.014388489208633094 0.027624309392265192
0 0.38386433710174717 0.2274401473296501 0.015416238437821172 0.03867403314917127
0 0.3972250770811922 0.20810313075506445 0.015416238437821172 0.03314917127071823
0 0.4182939362795478 0.23204419889502761 0.014388489208633094 0.029465930018416207
0 0.41109969167523125 0.2541436464088398 0.018499486125385406 0.03683241252302026
0 0.4095580678314491 0.15837937384898712 0.011305241521068859 0.02578268876611418
0 0.42857142857142855 0.16206261510128914 0.012332990750256937 0.029465930018416207
0 0.4511819116135663 0.15653775322283608 0.014388489208633094 0.029465930018416207
0 0.4486125385405961 0.19521178637200737 0.017471736896197326 0.03314917127071823
0 0.46557040082219936 0.20534069981583794 0.018499486125385406 0.03867403314917127
0 0.42805755395683454 0.18968692449355432 0.013360739979445015 0.02578268876611418
0 0.5035971223021583 0.17955801104972377 0.01644398766700925 0.03130755064456722
0 0.499486125385406 0.15377532228360957 0.014388489208633094 0.027624309392265192
0 0.49229188078108943 0.13812154696132597 0.012332990750256937 0.02578268876611418
0 0.5066803699897225 0.1270718232044199 0.010277492291880781 0.022099447513812154
0 0.5359712230215827 0.13167587476979742 0.015416238437821172 0.027624309392265192
0 0.5287769784172662 0.1731123388581952 0.017471736896197326 0.03683241252302026
0 0.5637204522096608 0.18232044198895028 0.015416238437821172 0.03314917127071823
0 0.5462487153134635 0.1731123388581952 0.013360739979445015 0.022099447513812154
0 0.5709146968139774 0.15930018416206262 0.015416238437821172 0.027624309392265192
0 0.5560123329907503 0.13443830570902393 0.012332990750256937 0.029465930018416207
0 0.5596094552929085 0.1252302025782689 0.011305241521068859 0.01841620626151013
0 0.5827338129496403 0.13443830570902393 0.012332990750256937 0.029465930018416207
0 0.60431654676259 0.11878453038674033 0.008221993833504625 0.016574585635359115
0 0.6187050359712231 0.11786372007366483 0.012332990750256937 0.022099447513812154
0 0.6012332990750257 0.13904235727440148 0.014388489208633094 0.020257826887661142
0 0.6130524152106885 0.1574585635359116 0.013360739979445015 0.03130755064456722
0 0.6459403905447071 0.1151012891344383 0.013360739979445015 0.02394106813996317
0 0.6515930113052415 0.10220994475138122 0.008221993833504625 0.016574585635359115
0 0.6654676258992805 0.10589318600368323 0.009249743062692703 0.020257826887661142
0 0.6695786228160329 0.12062615101289134 0.011305241521068859 0.020257826887661142
0 0.6608427543679343 0.143646408839779 0.014388489208633094 0.03314917127071823
0 0.6402877697841727 0.15009208103130756 0.014388489208633094 0.027624309392265192
0 0.6300102774922919 0.13812154696132597 0.012332990750256937 0.022099447513812154
0 0.6772867420349434 0.18047882136279927 0.014388489208633094 0.03314917127071823
0 0.6875642343268242 0.13167587476979742 0.012332990750256937 0.027624309392265192
0 0.6921891058581706 0.10957642725598526 0.011305241521068859 0.02394106813996317
0 0.7153134635149023 0.11233885819521179 0.012332990750256937 0.02578268876611418
0 0.6325796505652621 0.20994475138121546 0.017471736896197326 0.03314917127071823
0 0.6022610483042138 0.2265193370165746 0.020554984583761562 0.04419889502762431
0 0.6469681397738952 0.2440147329650092 0.02158273381294964 0.0423572744014733
0 0.6891058581706063 0.21915285451197053 0.017471736896197326 0.040515653775322284
0 0.6983556012332991 0.2550644567219153 0.019527235354573486 0.0423572744014733
0 0.7040082219938335 0.31215469613259667 0.02877697841726619 0.0570902394106814
0 0.7548818088386434 0.38029465930018413 0.02774922918807811 0.06813996316758748
0 0.7096608427543679 0.17863720073664824 0.015416238437821172 0.029465930018416207
0 0.723535457348407 0.17679558011049723 0.01644398766700925 0.03683241252302026
0 0.7415210688591983 0.1464088397790055 0.015416238437821172 0.034990791896869246
0 0.7440904419321686 0.16758747697974216 0.01644398766700925 0.03314917127071823
0 0.7379239465570401 0.23572744014732966 0.018499486125385406 0.040515653775322284
0 0.7677286742034943 0.19889502762430938 0.01644398766700925 0.040515653775322284
0 0.7718396711202467 0.24677716390423574 0.020554984583761562 0.040515653775322284
0 0.7672147995889003 0.13259668508287292 0.013360739979445015 0.029465930018416207
0 0.7867420349434738 0.13259668508287292 0.011305241521068859 0.029465930018416207
0 0.7934224049331963 0.14548802946593 0.010277492291880781 0.02578268876611418
0 0.8108941418293937 0.13904235727440148 0.010277492291880781 0.02394106813996317
0 0.8078108941418294 0.1685082872928177 0.012332990750256937 0.02394106813996317
0 0.8067831449126414 0.20626151012891344 0.012332990750256937 0.03683241252302026
0 0.8247687564234327 0.20257826887661143 0.013360739979445015 0.029465930018416207
0 0.8062692702980473 0.2845303867403315 0.025693730729701953 0.04604051565377532
0 0.843268242548818 0.2513812154696133 0.02158273381294964 0.049723756906077346
0 0.8499486125385406 0.2136279926335175 0.014388489208633094 0.029465930018416207
0 0.8391572456320657 0.17495395948434622 0.011305241521068859 0.02578268876611418
0 0.8453237410071942 0.16482504604051565 0.011305241521068859 0.02394106813996317
0 0.84224049331963 0.13627992633517497 0.011305241521068859 0.02578268876611418
0 0.8622816032887975 0.15193370165745856 0.012332990750256937 0.027624309392265192
0 0.880781089414183 0.16298342541436464 0.010277492291880781 0.02394106813996317
0 0.8766700924974307 0.17771639042357273 0.012332990750256937 0.027624309392265192
0 0.8890030832476875 0.23388581952117865 0.01644398766700925 0.03683241252302026
0 0.9023638232271326 0.21731123388581952 0.01644398766700925 0.03683241252302026
0 0.9162384378211716 0.18139963167587478 0.013360739979445015 0.03130755064456722
0 0.920349434737924 0.15377532228360957 0.013360739979445015 0.020257826887661142
0 0.9568345323741008 0.19337016574585636 0.014388489208633094 0.029465930018416207
0 0.9434737923946557 0.21178637200736647 0.014388489208633094 0.029465930018416207
0 0.9311408016443987 0.22467771639042358 0.014388489208633094 0.02578268876611418
0 0.9367934224049332 0.24769797421731124 0.017471736896197326 0.03867403314917127
0 0.9100719424460432 0.35451197053406996 0.025693730729701953 0.0570902394106814