0 0.10040816326530612 0.5453020134228188 0.045714285714285714 0.11409395973154363
0 0.20816326530612245 0.26677852348993286 0.017959183673469388 0.053691275167785234
0 0.21918367346938775 0.2785234899328859 0.02040816326530612 0.053691275167785234
0 0.26571428571428574 0.23825503355704697 0.018775510204081632 0.04697986577181208
0 0.283265306122449 0.2424496644295302 0.02122448979591837 0.05201342281879195
0 0.2979591836734694 0.21308724832214765 0.019591836734693877 0.053691275167785234
0 0.32612244897959186 0.2348993288590604 0.018775510204081632 0.06375838926174497
0 0.3408163265306122 0.2063758389261745 0.017142857142857144 0.04697986577181208
0 0.35591836734693877 0.1929530201342282 0.0163265306122449 0.03691275167785235
0 0.36448979591836733 0.2575503355704698 0.0236734693877551 0.05201342281879195
0 0.386530612244898 0.23825503355704697 0.018775510204081632 0.0436241610738255
0 0.3816326530612245 0.18540268456375839 0.015510204081632653 0.04194630872483222
0 0.42081632653061224 0.19463087248322147 0.017142857142857144 0.0436241610738255
0 0.4281632653061225 0.1686241610738255 0.015510204081632653 0.04194630872483222
0 0.4322448979591837 0.2936241610738255 0.0236734693877551 0.053691275167785234
0 0.4636734693877551 0.24161073825503357 0.02122448979591837 0.053691275167785234
0 0.446530612244898 0.16526845637583892 0.013061224489795919 0.031879194630872486
0 0.4722448979591837 0.16946308724832215 0.018775510204081632 0.040268456375838924
0 0.48612244897959184 0.1535234899328859 0.018775510204081632 0.03523489932885906
0 0.4893877551020408 0.20469798657718122 0.018775510204081632 0.040268456375838924
0 0.513061224489796 0.17114093959731544 0.02040816326530612 0.0436241610738255
0 0.5204081632653061 0.1568791946308725 0.012244897959183673 0.03523489932885906
0 0.5485714285714286 0.22399328859060402 0.0163265306122449 0.04530201342281879
0 0.5628571428571428 0.21476510067114093 0.017142857142857144 0.040268456375838924
0 0.5493877551020409 0.13338926174496643 0.014693877551020407 0.031879194630872486
0 0.5530612244897959 0.15771812080536912 0.015510204081632653 0.03691275167785235
0 0.5759183673469388 0.13338926174496643 0.017142857142857144 0.03523489932885906
0 0.576734693877551 0.17030201342281878 0.015510204081632653 0.03859060402684564
0 0.5942857142857143 0.1174496644295302 0.014693877551020407 0.03355704697986577
0 0.6016326530612245 0.15436241610738255 0.014693877551020407 0.03355704697986577
0 0.606938775510204 0.17701342281879195 0.015510204081632653 0.04194630872483222
0 0.6175510204081632 0.19798657718120805 0.017142857142857144 0.0436241610738255
0 0.6257142857142857 0.13087248322147652 0.013877551020408163 0.03691275167785235
0 0.6526530612244898 0.14848993288590603 0.013877551020408163 0.03859060402684564
0 0.6563265306122449 0.18036912751677853 0.013061224489795919 0.03523489932885906
0 0.6551020408163265 0.24412751677852348 0.022040816326530613 0.0587248322147651
0 0.6081632653061224 0.2936241610738255 0.02122448979591837 0.05704697986577181
0 0.570204081632653 0.3313758389261745 0.025306122448979593 0.06208053691275168
0 0.6020408163265306 0.3674496644295302 0.026938775510204082 0.06375838926174497
0 0.6563265306122449 0.3959731543624161 0.029387755102040815 0.06375838926174497
0 0.7146938775510204 0.41946308724832215 0.030204081632653063 0.06711409395973154
0 0.7930612244897959 0.4429530201342282 0.03183673469387755 0.09395973154362416
0 0.8697959183673469 0.4941275167785235 0.03183673469387755 0.08221476510067115
0 0.8808163265306123 0.412751677852349 0.022857142857142857 0.06711409395973154
0 0.6620408163265306 0.12835570469798657 0.014693877551020407 0.03523489932885906
0 0.6869387755102041 0.13842281879194632 0.013877551020408163 0.03859060402684564
0 0.7097959183673469 0.15436241610738255 0.013877551020408163 0.040268456375838924
0 0.693469387755102 0.21224832214765102 0.017142857142857144 0.04865771812080537
0 0.7212244897959184 0.2550335570469799 0.0236734693877551 0.050335570469798654
0 0.7387755102040816 0.22651006711409397 0.019591836734693877 0.0436241610738255
0 0.7465306122448979 0.1929530201342282 0.015510204081632653 0.03691275167785235
0 0.7685714285714286 0.18288590604026847 0.015510204081632653 0.040268456375838924
0 0.7771428571428571 0.20302013422818793 0.0163265306122449 0.04697986577181208
0 0.7514285714285714 0.28859060402684567 0.022040816326530613 0.053691275167785234
0 0.7963265306122449 0.2424496644295302 0.018775510204081632 0.05201342281879195
0 0.8057142857142857 0.1912751677852349 0.0163265306122449 0.040268456375838924
0 0.82 0.22483221476510068 0.017142857142857144 0.03691275167785235
0 0.813469387755102 0.2936241610738255 0.018775510204081632 0.06040268456375839
0 0.8408163265306122 0.21224832214765102 0.017959183673469388 0.03859060402684564
0 0.8702040816326531 0.22986577181208054 0.014693877551020407 0.03691275167785235
0 0.8918367346938776 0.22902684563758388 0.013877551020408163 0.04530201342281879
0 0.9012244897959184 0.2575503355704698 0.014693877551020407 0.04194630872483222
0 0.9306122448979591 0.2676174496644295 0.014693877551020407 0.04194630872483222
0 0.950204081632653 0.2424496644295302 0.014693877551020407 0.04194630872483222
0 0.9836734693877551 0.2609060402684564 0.014693877551020407 0.03859060402684564
0 0.9751020408163266 0.31291946308724833 0.015510204081632653 0.05201342281879195
0 0.9742857142857143 0.36073825503355705 0.017142857142857144 0.053691275167785234
0 0.9408163265306122 0.3783557046979866 0.022040816326530613 0.06543624161073826
0 0.9261224489795918 0.3238255033557047 0.015510204081632653 0.05704697986577181
0 0.8853061224489795 0.29278523489932884 0.017142857142857144 0.04865771812080537
0 0.8604081632653061 0.33640939597315433 0.02122448979591837 0.04865771812080537
0 0.8681632653061224 0.31711409395973156 0.022040816326530613 0.050335570469798654
0 0.9591836734693877 0.436241610738255 0.024489795918367346 0.06375838926174497