0 0.05245746691871456 0.36716171617161714 0.031190926275992438 0.06435643564356436
0 0.2575614366729679 0.28795379537953797 0.021739130434782608 0.041254125412541254
0 0.2840264650283554 0.25742574257425743 0.021739130434782608 0.039603960396039604
0 0.30434782608695654 0.23432343234323433 0.01890359168241966 0.036303630363036306
0 0.31758034026465026 0.2508250825082508 0.022684310018903593 0.039603960396039604
0 0.3501890359168242 0.2706270627062706 0.023629489603024575 0.0462046204620462
0 0.3832703213610586 0.30115511551155116 0.027410207939508508 0.057755775577557754
0 0.3733459357277883 0.2136963696369637 0.017013232514177693 0.037953795379537955
0 0.3908317580340265 0.2145214521452145 0.017958412098298678 0.039603960396039604
0 0.41918714555765596 0.22772277227722773 0.021739130434782608 0.0429042904290429
0 0.4220226843100189 0.18894389438943895 0.017958412098298678 0.03135313531353135
0 0.40926275992438566 0.17244224422442245 0.015122873345935728 0.028052805280528052
0 0.4499054820415879 0.19141914191419143 0.017013232514177693 0.036303630363036306
0 0.44754253308128544 0.22524752475247525 0.01984877126654064 0.034653465346534656
0 0.4872400756143667 0.22277227722772278 0.021739130434782608 0.0429042904290429
0 0.4943289224952741 0.19471947194719472 0.017013232514177693 0.036303630363036306
0 0.4777882797731569 0.1707920792079208 0.014177693761814745 0.028052805280528052
0 0.4834593572778828 0.15841584158415842 0.01606805293005671 0.033003300330033
0 0.46975425330812853 0.1542904290429043 0.013232514177693762 0.024752475247524754
0 0.4555765595463138 0.15016501650165018 0.013232514177693762 0.026402640264026403
0 0.45888468809073724 0.17491749174917492 0.014177693761814745 0.026402640264026403
0 0.47448015122873344 0.19389438943894388 0.01890359168241966 0.028052805280528052
0 0.525047258979206 0.20874587458745875 0.01984877126654064 0.041254125412541254
0 0.5085066162570888 0.17326732673267325 0.015122873345935728 0.033003300330033
0 0.4905482041587902 0.12953795379537955 0.00945179584120983 0.02145214521452145
0 0.5245746691871456 0.14273927392739275 0.013232514177693762 0.03135313531353135
0 0.5349716446124764 0.13036303630363036 0.013232514177693762 0.026402640264026403
0 0.5500945179584121 0.1485148514851485 0.017013232514177693 0.039603960396039604
0 0.4985822306238185 0.28052805280528054 0.02551984877126654 0.052805280528052806
0 0.5647448015122873 0.28795379537953797 0.027410207939508508 0.06105610561056106
0 0.5661625708884688 0.2433993399339934 0.022684310018903593 0.04785478547854786
0 0.5789224952741021 0.16831683168316833 0.014177693761814745 0.0429042904290429
0 0.5675803402646503 0.11221122112211221 0.014177693761814745 0.026402640264026403
0 0.5897920604914934 0.12458745874587458 0.015122873345935728 0.034653465346534656
0 0.6219281663516069 0.1419141914191419 0.01890359168241966 0.033003300330033
0 0.6049149338374291 0.09735973597359736 0.015122873345935728 0.0297029702970297
0 0.6238185255198487 0.11468646864686469 0.011342155009451797 0.02145214521452145
0 0.6205103969754253 0.09818481848184818 0.010396975425330813 0.02145214521452145
0 0.6446124763705104 0.12293729372937294 0.017013232514177693 0.03135313531353135
0 0.6554820415879017 0.10231023102310231 0.012287334593572778 0.026402640264026403
0 0.6857277882797732 0.11716171617161716 0.01606805293005671 0.033003300330033
0 0.6899810964083176 0.10478547854785479 0.013232514177693762 0.028052805280528052
0 0.6928166351606805 0.15181518151815182 0.01890359168241966 0.0429042904290429
0 0.6550094517958412 0.16996699669966997 0.01890359168241966 0.0429042904290429
0 0.6252362948960303 0.19636963696369636 0.021739130434782608 0.04950495049504951
0 0.6205103969754253 0.25577557755775576 0.02551984877126654 0.056105610561056105
0 0.6044423440453687 0.33910891089108913 0.02930056710775047 0.06765676567656766
0 0.6691871455576559 0.34735973597359737 0.034026465028355386 0.07095709570957096
0 0.724007561436673 0.29372937293729373 0.02835538752362949 0.0594059405940594
0 0.6658790170132325 0.2590759075907591 0.02551984877126654 0.04950495049504951
0 0.666351606805293 0.20874587458745875 0.020793950850661626 0.041254125412541254
0 0.6994328922495274 0.21534653465346534 0.022684310018903593 0.04785478547854786
0 0.7060491493383743 0.1740924092409241 0.01890359168241966 0.034653465346534656
0 0.7155009451795841 0.14026402640264027 0.017013232514177693 0.036303630363036306
0 0.7367674858223062 0.12376237623762376 0.014177693761814745 0.039603960396039604
0 0.7840264650283554 0.29207920792079206 0.027410207939508508 0.0627062706270627
0 0.7627599243856332 0.21534653465346534 0.024574669187145556 0.054455445544554455
0 0.746219281663516 0.1782178217821782 0.021739130434782608 0.0462046204620462
0 0.7637051039697542 0.15759075907590758 0.017013232514177693 0.03135313531353135
0 0.751890359168242 0.1353135313531353 0.01606805293005671 0.033003300330033
0 0.7717391304347826 0.12376237623762376 0.014177693761814745 0.033003300330033
0 0.7882797731568998 0.12458745874587458 0.015122873345935728 0.037953795379537955
0 0.806710775047259 0.1311881188118812 0.017958412098298678 0.03135313531353135
0 0.8185255198487713 0.1254125412541254 0.013232514177693762 0.026402640264026403
0 0.8137996219281664 0.17244224422442245 0.01890359168241966 0.037953795379537955
0 0.8284499054820416 0.1740924092409241 0.017958412098298678 0.034653465346534656
0 0.8516068052930057 0.18646864686468648 0.020793950850661626 0.0429042904290429
0 0.8435727788279773 0.13861386138613863 0.012287334593572778 0.033003300330033
0 0.8568052930056711 0.1476897689768977 0.017958412098298678 0.037953795379537955
0 0.8757088846880907 0.12458745874587458 0.014177693761814745 0.037953795379537955
0 0.8766540642722117 0.20544554455445543 0.01606805293005671 0.04785478547854786
0 0.8927221172022685 0.18894389438943895 0.017958412098298678 0.04455445544554455
0 0.9007561436672968 0.13448844884488448 0.01890359168241966 0.037953795379537955
0 0.9333648393194707 0.1608910891089109 0.01606805293005671 0.037953795379537955
0 0.9310018903591682 0.19636963696369636 0.022684310018903593 0.0462046204620462
0 0.9281663516068053 0.27722772277227725 0.024574669187145556 0.0627062706270627
0 0.8251417769376181 0.22607260726072606 0.022684310018903593 0.0429042904290429