0 0.2659691629955947 0.2263779527559055 0.02092511013215859 0.03937007874015748
0 0.3381057268722467 0.24606299212598426 0.022026431718061675 0.04330708661417323
0 0.3761013215859031 0.24606299212598426 0.023127753303964757 0.047244094488188976
0 0.3667400881057269 0.1919291338582677 0.019823788546255508 0.04133858267716536
0 0.39262114537444937 0.1889763779527559 0.016519823788546256 0.031496062992125984
0 0.3865638766519824 0.16633858267716536 0.01762114537444934 0.02952755905511811
0 0.4080396475770925 0.1594488188976378 0.014317180616740088 0.027559055118110236
0 0.44218061674008813 0.2440944881889764 0.023127753303964757 0.04330708661417323
0 0.42731277533039647 0.2076771653543307 0.019823788546255508 0.03346456692913386
0 0.43722466960352424 0.16633858267716536 0.015418502202643172 0.03740157480314961
0 0.44273127753303965 0.1377952755905512 0.013215859030837005 0.027559055118110236
0 0.4686123348017621 0.20078740157480315 0.016519823788546256 0.03937007874015748
0 0.4845814977973568 0.24606299212598426 0.03524229074889868 0.06692913385826772
0 0.5022026431718062 0.20866141732283464 0.019823788546255508 0.047244094488188976
0 0.480726872246696 0.16929133858267717 0.016519823788546256 0.03543307086614173
0 0.4812775330396476 0.14763779527559054 0.015418502202643172 0.031496062992125984
0 0.4647577092511013 0.1377952755905512 0.015418502202643172 0.027559055118110236
0 0.4889867841409692 0.12893700787401574 0.011013215859030838 0.025590551181102362
0 0.5110132158590308 0.12598425196850394 0.011013215859030838 0.023622047244094488
0 0.5203744493392071 0.1781496062992126 0.018722466960352423 0.03346456692913386
0 0.5473568281938326 0.18110236220472442 0.022026431718061675 0.04330708661417323
0 0.5357929515418502 0.15354330708661418 0.014317180616740088 0.027559055118110236
0 0.5368942731277533 0.12893700787401574 0.014317180616740088 0.025590551181102362
0 0.525330396475771 0.11909448818897637 0.011013215859030838 0.025590551181102362
0 0.5451541850220264 0.1220472440944882 0.015418502202643172 0.031496062992125984
0 0.5677312775330396 0.13385826771653545 0.014317180616740088 0.031496062992125984
0 0.5798458149779736 0.1171259842519685 0.012114537444933921 0.02952755905511811
0 0.5941629955947136 0.15846456692913385 0.014317180616740088 0.03346456692913386
0 0.5803964757709251 0.2372047244094488 0.022026431718061675 0.04921259842519685
0 0.6167400881057269 0.24606299212598426 0.028634361233480177 0.051181102362204724
0 0.625 0.19783464566929135 0.018722466960352423 0.045275590551181105
0 0.6365638766519823 0.1377952755905512 0.013215859030837005 0.027559055118110236
0 0.6222466960352423 0.12893700787401574 0.013215859030837005 0.025590551181102362
0 0.6035242290748899 0.12401574803149606 0.01762114537444934 0.027559055118110236
0 0.6057268722466961 0.09547244094488189 0.013215859030837005 0.025590551181102362
0 0.6161894273127754 0.10433070866141732 0.009911894273127754 0.023622047244094488
0 0.6310572687224669 0.11023622047244094 0.013215859030837005 0.023622047244094488
0 0.6536343612334802 0.10433070866141732 0.012114537444933921 0.03543307086614173
0 0.6679515418502202 0.10826771653543307 0.014317180616740088 0.027559055118110236
0 0.6811674008810573 0.10334645669291338 0.012114537444933921 0.02952755905511811
0 0.6916299559471366 0.11614173228346457 0.013215859030837005 0.031496062992125984
0 0.6629955947136564 0.1860236220472441 0.019823788546255508 0.045275590551181105
0 0.6751101321585903 0.2155511811023622 0.019823788546255508 0.04921259842519685
0 0.683920704845815 0.26476377952755903 0.030837004405286344 0.05708661417322835
0 0.7296255506607929 0.13385826771653545 0.016519823788546256 0.031496062992125984
0 0.697136563876652 0.16141732283464566 0.015418502202643172 0.03543307086614173
0 0.7164096916299559 0.1889763779527559 0.02092511013215859 0.04330708661417323
0 0.7191629955947136 0.23326771653543307 0.019823788546255508 0.045275590551181105
0 0.7384361233480177 0.25688976377952755 0.025330396475770924 0.0531496062992126
0 0.763215859030837 0.2637795275590551 0.024229074889867842 0.047244094488188976
0 0.789647577092511 0.27460629921259844 0.02643171806167401 0.0531496062992126
0 0.7879955947136564 0.2047244094488189 0.018722466960352423 0.03937007874015748
0 0.7566079295154186 0.18503937007874016 0.015418502202643172 0.03937007874015748
0 0.7351321585903083 0.17913385826771652 0.016519823788546256 0.03937007874015748
0 0.7610132158590308 0.14271653543307086 0.015418502202643172 0.03740157480314961
0 0.748898678414097 0.12696850393700787 0.015418502202643172 0.03346456692913386
0 0.775330396475771 0.1328740157480315 0.015418502202643172 0.02952755905511811
0 0.7979074889867841 0.15255905511811024 0.016519823788546256 0.03346456692913386
0 0.7951541850220264 0.12303149606299213 0.015418502202643172 0.025590551181102362
0 0.8083700440528634 0.13188976377952755 0.013215859030837005 0.03543307086614173
0 0.823237885462555 0.12696850393700787 0.014317180616740088 0.02952755905511811
0 0.8408590308370044 0.16338582677165353 0.014317180616740088 0.031496062992125984
0 0.8480176211453745 0.18996062992125984 0.015418502202643172 0.04133858267716536
0 0.8397577092511013 0.22145669291338582 0.018722466960352423 0.045275590551181105
0 0.8518722466960352 0.29133858267716534 0.02973568281938326 0.07480314960629922
0 0.8491189427312775 0.1466535433070866 0.015418502202643172 0.02952755905511811
0 0.8639867841409692 0.1702755905511811 0.016519823788546256 0.03346456692913386
0 0.8865638766519823 0.2204724409448819 0.019823788546255508 0.03937007874015748
0 0.8799559471365639 0.14271653543307086 0.01762114537444934 0.03740157480314961
0 0.9030837004405287 0.17421259842519685 0.01762114537444934 0.03740157480314961
0 0.9113436123348018 0.14763779527559054 0.014317180616740088 0.031496062992125984
0 0.9399779735682819 0.1624015748031496 0.014317180616740088 0.03346456692913386
0 0.9311674008810573 0.18799212598425197 0.014317180616740088 0.02952755905511811
0 0.9449339207048458 0.20669291338582677 0.013215859030837005 0.03543307086614173
0 0.9295154185022027 0.22440944881889763 0.01762114537444934 0.03543307086614173
0 0.9201541850220264 0.24015748031496062 0.018722466960352423 0.051181102362204724
0 0.9306167400881057 0.2755905511811024 0.019823788546255508 0.05905511811023622
0 0.9140969162995595 0.33267716535433073 0.02643171806167401 0.07480314960629922