0 0.3811936936936937 0.2219959266802444 0.021396396396396396 0.048879837067209775
0 0.4341216216216216 0.21690427698574338 0.021396396396396396 0.04276985743380855
0 0.5686936936936937 0.13034623217922606 0.02252252252252252 0.04480651731160896
0 0.5777027027027027 0.12321792260692464 0.015765765765765764 0.034623217922606926
0 0.6086711711711712 0.12932790224032586 0.021396396396396396 0.04684317718940937
0 0.6734234234234234 0.1955193482688391 0.024774774774774775 0.05702647657841141
0 0.7207207207207207 0.27189409368635437 0.02702702702702703 0.054989816700611
0 0.8384009009009009 0.2454175152749491 0.030405405405405407 0.07535641547861507
0 0.8744369369369369 0.3004073319755601 0.030405405405405407 0.07942973523421588
0 0.8789414414414415 0.2535641547861507 0.021396396396396396 0.054989816700611
0 0.9296171171171171 0.22810590631364563 0.03265765765765766 0.07331975560081466
0 0.9527027027027027 0.3004073319755601 0.036036036036036036 0.09164969450101833
0 0.9115990990990991 0.2830957230142566 0.021396396396396396 0.05702647657841141