0 0.20204841713221602 0.43924466338259444 0.040968342644320296 0.09688013136288999
0 0.2541899441340782 0.4318555008210181 0.04283054003724395 0.09852216748768473
0 0.31145251396648044 0.27504105090311987 0.019553072625698324 0.03776683087027915
0 0.36405959031657353 0.2569786535303777 0.0186219739292365 0.04433497536945813
0 0.4171322160148976 0.22085385878489328 0.0186219739292365 0.031198686371100164
0 0.43482309124767227 0.26108374384236455 0.0186219739292365 0.052545155993431854
0 0.44925512104283055 0.21428571428571427 0.015828677839851025 0.03776683087027915
0 0.44553072625698326 0.17898193760262726 0.015828677839851025 0.03284072249589491
0 0.4716014897579143 0.1896551724137931 0.013966480446927373 0.027914614121510674
0 0.4543761638733706 0.1477832512315271 0.0111731843575419 0.026272577996715927
0 0.46741154562383613 0.14614121510673234 0.01303538175046555 0.029556650246305417
0 0.5274674115456238 0.13628899835796388 0.012104283054003724 0.03284072249589491
0 0.5581936685288641 0.13957307060755336 0.013966480446927373 0.029556650246305417
0 0.5754189944134078 0.14367816091954022 0.01675977653631285 0.027914614121510674
0 0.5316573556797021 0.19376026272577998 0.0186219739292365 0.03284072249589491
0 0.4757914338919926 0.3275862068965517 0.027932960893854747 0.07389162561576355
0 0.6503724394785847 0.25287356321839083 0.019553072625698324 0.04926108374384237
0 0.7192737430167597 0.27586206896551724 0.025139664804469275 0.059113300492610835
0 0.7783985102420856 0.28078817733990147 0.024208566108007448 0.05582922824302135
0 0.8794227188081937 0.2044334975369458 0.015828677839851025 0.041050903119868636
0 0.8100558659217877 0.1174055829228243 0.0111731843575419 0.027914614121510674
0 0.6829608938547486 0.14367816091954022 0.013966480446927373 0.034482758620689655
0 0.7118249534450651 0.138752052545156 0.013966480446927373 0.027914614121510674
0 0.7243947858472998 0.15024630541871922 0.01303538175046555 0.034482758620689655
0 0.7439478584729982 0.12151067323481117 0.0148975791433892 0.03284072249589491
0 0.7635009310986964 0.15435139573070608 0.0148975791433892 0.0361247947454844
0 0.7942271880819367 0.1781609195402299 0.01675977653631285 0.03776683087027915