0 0.1305398871877518 0.6030195381882771 0.041901692183722805 0.11900532859680284
0 0.22481869460112813 0.32326820603907636 0.022562449637389202 0.05328596802841918
0 0.21353746978243351 0.29396092362344584 0.017727639000805803 0.04440497335701599
0 0.27115229653505235 0.26465364120781526 0.015310233682514102 0.04262877442273535
0 0.28646253021756646 0.2699822380106572 0.015310233682514102 0.046181172291296625
0 0.3049959709911362 0.23801065719360567 0.016921837228041903 0.046181172291296625
0 0.3295729250604351 0.2673179396092362 0.017727639000805803 0.05150976909413854
0 0.34649476228847703 0.2353463587921847 0.014504431909750202 0.04085257548845471
0 0.36663980660757456 0.2886323268206039 0.019339242546333603 0.047957371225577264
0 0.39081385979049155 0.26465364120781526 0.016116035455278 0.04262877442273535
0 0.4383561643835616 0.33037300177619894 0.024174053182917002 0.0497335701598579
0 0.36099919419822724 0.2202486678507993 0.014504431909750202 0.03197158081705151
0 0.3851732473811442 0.2113676731793961 0.0128928283642224 0.03197158081705151
0 0.427477840451249 0.2211367673179396 0.018533440773569703 0.04085257548845471
0 0.42949234488315874 0.18561278863232683 0.0128928283642224 0.03374777975133215
0 0.4649476228847704 0.2753108348134991 0.019339242546333603 0.046181172291296625
0 0.48912167606768736 0.22824156305506216 0.014504431909750202 0.03374777975133215
0 0.4750201450443191 0.19982238010657194 0.0136986301369863 0.04085257548845471
0 0.4613215149073328 0.19538188277087035 0.012087026591458501 0.028419182948490232
0 0.44883158742949236 0.18738898756660746 0.014504431909750202 0.03374777975133215
0 0.48992747784045126 0.17584369449378331 0.016116035455278 0.035523978685612786
0 0.5149073327961321 0.19538188277087035 0.014504431909750202 0.035523978685612786
0 0.5233682514101531 0.17939609236234458 0.0136986301369863 0.03197158081705151
0 0.5503626107977437 0.2433392539964476 0.016116035455278 0.04262877442273535
0 0.5664786462530218 0.2353463587921847 0.016116035455278 0.04440497335701599
0 0.5556003223207091 0.18738898756660746 0.018533440773569703 0.04085257548845471
0 0.5491539081385979 0.15452930728241562 0.0136986301369863 0.03197158081705151
0 0.5717163577759871 0.152753108348135 0.015310233682514102 0.03907637655417407
0 0.5789685737308622 0.19715808170515098 0.016921837228041903 0.03907637655417407
0 0.6063658340048348 0.19982238010657194 0.0136986301369863 0.04085257548845471
0 0.6176470588235294 0.2246891651865009 0.015310233682514102 0.04085257548845471
0 0.6539081385979049 0.20426287744227353 0.012087026591458501 0.03197158081705151
0 0.6482675261885577 0.16873889875666073 0.012087026591458501 0.03907637655417407
0 0.6257050765511684 0.1483126110124334 0.016921837228041903 0.04085257548845471
0 0.5954875100725222 0.13943161634103018 0.016116035455278 0.03019538188277087
0 0.6631748589846898 0.15097690941385436 0.0128928283642224 0.035523978685612786
0 0.6861402095084609 0.15808170515097691 0.0136986301369863 0.03197158081705151
0 0.7078968573730863 0.17584369449378331 0.015310233682514102 0.03907637655417407
0 0.693392425463336 0.2433392539964476 0.015310233682514102 0.04262877442273535
0 0.6756647864625303 0.20426287744227353 0.015310233682514102 0.03907637655417407
0 0.5688960515713135 0.37122557726465366 0.022562449637389202 0.06039076376554174
0 0.6015310233682514 0.40408525754884544 0.0265914585012087 0.06216696269982238
0 0.6083803384367445 0.325044404973357 0.019339242546333603 0.05328596802841918
0 0.6575342465753424 0.27886323268206037 0.022562449637389202 0.06039076376554174
0 0.7203867848509267 0.2912966252220249 0.017727639000805803 0.046181172291296625
0 0.6543110394842868 0.43783303730017764 0.020950846091861403 0.055062166962699825
0 0.717163577759871 0.43072824156305506 0.024174053182917002 0.06216696269982238
0 0.7989524576954069 0.5053285968028419 0.0249798549556809 0.08703374777975133
0 0.8408541498791298 0.5488454706927176 0.031426269137792104 0.08170515097690942
0 0.8795326349717969 0.4325044404973357 0.018533440773569703 0.055062166962699825
0 0.958904109589041 0.48401420959147423 0.022562449637389202 0.06927175843694494
0 0.9468170829975826 0.4147424511545293 0.019339242546333603 0.0586145648312611
0 0.9713940370668815 0.3978685612788632 0.016921837228041903 0.0497335701598579
0 0.967767929089444 0.34991119005328597 0.014504431909750202 0.04262877442273535
0 0.9778404512489928 0.3046181172291297 0.018533440773569703 0.04440497335701599
0 0.9476228847703465 0.27175843694493784 0.017727639000805803 0.0497335701598579
0 0.9270749395648671 0.29928952042628776 0.0136986301369863 0.03374777975133215
0 0.9230459307010476 0.35879218472468916 0.020145044319097503 0.0497335701598579
0 0.8996776792908945 0.2841918294849023 0.012087026591458501 0.035523978685612786
0 0.8908138597904915 0.25754884547069273 0.0136986301369863 0.04262877442273535
0 0.8831587429492345 0.3197158081705151 0.017727639000805803 0.046181172291296625
0 0.8694601128122482 0.3481349911190053 0.022562449637389202 0.0497335701598579
0 0.8589846897663175 0.3756660746003552 0.019339242546333603 0.047957371225577264
0 0.8122481869460113 0.3268206039076377 0.019339242546333603 0.0497335701598579
0 0.7465753424657534 0.325044404973357 0.023368251410153102 0.0497335701598579
0 0.7393231265108783 0.2557726465364121 0.016921837228041903 0.03907637655417407
0 0.7441579371474617 0.216696269982238 0.012087026591458501 0.03197158081705151
0 0.7759871071716358 0.2344582593250444 0.014504431909750202 0.03907637655417407
0 0.7925060435132957 0.2744227353463588 0.015310233682514102 0.047957371225577264
0 0.8162771958098308 0.25754884547069273 0.014504431909750202 0.035523978685612786
0 0.8400483481063659 0.24067495559502664 0.0136986301369863 0.037300177619893425
0 0.8678485092667204 0.25843694493783304 0.016116035455278 0.037300177619893425
0 0.8049959709911362 0.21580817051509768 0.016116035455278 0.04440497335701599
0 0.7703464947622884 0.2024866785079929 0.016116035455278 0.035523978685612786