0 0.3921001926782274 0.23716814159292035 0.015414258188824663 0.035398230088495575
0 0.41040462427745666 0.24424778761061947 0.017341040462427744 0.03893805309734513
0 0.4161849710982659 0.2557522123893805 0.02119460500963391 0.04070796460176991
0 0.37909441233140656 0.1920353982300885 0.018304431599229287 0.04070796460176991
0 0.41714836223506746 0.20088495575221238 0.015414258188824663 0.033628318584070796
0 0.4340077071290944 0.2097345132743363 0.018304431599229287 0.03716814159292035
0 0.4147398843930636 0.16194690265486725 0.018304431599229287 0.033628318584070796
0 0.42678227360308285 0.1584070796460177 0.015414258188824663 0.03716814159292035
0 0.46483622350674375 0.16371681415929204 0.014450867052023121 0.03716814159292035
0 0.47447013487475914 0.1752212389380531 0.016377649325626204 0.035398230088495575
0 0.45664739884393063 0.21415929203539824 0.02119460500963391 0.03893805309734513
0 0.47157996146435455 0.13628318584070798 0.012524084778420038 0.021238938053097345
0 0.47639691714836224 0.15486725663716813 0.012524084778420038 0.03008849557522124
0 0.48795761078998073 0.15575221238938053 0.014450867052023121 0.035398230088495575
0 0.4821772639691715 0.13628318584070798 0.010597302504816955 0.021238938053097345
0 0.4975915221579961 0.11858407079646018 0.010597302504816955 0.02831858407079646
0 0.49903660886319845 0.21327433628318584 0.019267822736030827 0.04424778761061947
0 0.5048169556840078 0.19380530973451326 0.017341040462427744 0.03716814159292035
0 0.5332369942196532 0.1902654867256637 0.016377649325626204 0.03716814159292035
0 0.5342003853564548 0.16017699115044248 0.014450867052023121 0.03008849557522124
0 0.5346820809248555 0.13805309734513274 0.015414258188824663 0.02831858407079646
0 0.5602119460500964 0.12831858407079647 0.012524084778420038 0.033628318584070796
0 0.575626204238921 0.13893805309734514 0.014450867052023121 0.03008849557522124
0 0.5534682080924855 0.16460176991150444 0.018304431599229287 0.03185840707964602
0 0.6016377649325626 0.16106194690265488 0.014450867052023121 0.03185840707964602
0 0.598747591522158 0.10442477876106195 0.012524084778420038 0.024778761061946902
0 0.6040462427745664 0.12389380530973451 0.01348747591522158 0.024778761061946902
0 0.621868978805395 0.09646017699115045 0.008670520231213872 0.023008849557522124
0 0.623795761078998 0.12123893805309735 0.014450867052023121 0.023008849557522124
0 0.6213872832369942 0.1433628318584071 0.015414258188824663 0.02831858407079646
0 0.6507707129094412 0.1486725663716814 0.016377649325626204 0.02831858407079646
0 0.6560693641618497 0.1088495575221239 0.015414258188824663 0.033628318584070796
0 0.6815992292870906 0.12035398230088495 0.012524084778420038 0.024778761061946902
0 0.7032755298651252 0.11061946902654868 0.01348747591522158 0.02654867256637168
0 0.6637764932562621 0.184070796460177 0.017341040462427744 0.035398230088495575
0 0.6242774566473989 0.2168141592920354 0.02119460500963391 0.03716814159292035
0 0.6098265895953757 0.24601769911504426 0.02697495183044316 0.05663716814159292
0 0.5582851637764933 0.268141592920354 0.02601156069364162 0.05486725663716814
0 0.6286127167630058 0.2849557522123894 0.027938342967244702 0.05309734513274336
0 0.6589595375722543 0.3734513274336283 0.03468208092485549 0.0743362831858407
0 0.7519267822736031 0.4486725663716814 0.06454720616570328 0.12920353982300886
0 0.7167630057803468 0.18053097345132743 0.015414258188824663 0.035398230088495575
0 0.7210982658959537 0.1486725663716814 0.016377649325626204 0.03185840707964602
0 0.7572254335260116 0.13539823008849558 0.011560693641618497 0.023008849557522124
0 0.7817919075144508 0.1256637168141593 0.012524084778420038 0.035398230088495575
0 0.7914258188824663 0.15575221238938053 0.010597302504816955 0.035398230088495575
0 0.7557803468208093 0.168141592920354 0.014450867052023121 0.02831858407079646
0 0.7567437379576107 0.1929203539823009 0.016377649325626204 0.035398230088495575
0 0.7928709055876686 0.20353982300884957 0.017341040462427744 0.03893805309734513
0 0.8010597302504817 0.17256637168141592 0.014450867052023121 0.03008849557522124
0 0.8246628131021194 0.17787610619469027 0.01348747591522158 0.03008849557522124
0 0.8395953757225434 0.1504424778761062 0.012524084778420038 0.03185840707964602
0 0.8574181117533719 0.18849557522123894 0.015414258188824663 0.02654867256637168
0 0.8733140655105973 0.1663716814159292 0.012524084778420038 0.02831858407079646
0 0.8954720616570327 0.1929203539823009 0.012524084778420038 0.03185840707964602
0 0.9017341040462428 0.2150442477876106 0.015414258188824663 0.033628318584070796
0 0.9344894026974951 0.16371681415929204 0.011560693641618497 0.04070796460176991
0 0.9397880539499036 0.19646017699115045 0.016377649325626204 0.04601769911504425
0 0.9296724470134875 0.24601769911504426 0.015414258188824663 0.035398230088495575
0 0.8868015414258189 0.2327433628318584 0.02023121387283237 0.04070796460176991
0 0.838150289017341 0.2168141592920354 0.017341040462427744 0.03716814159292035
0 0.8222543352601156 0.2592920353982301 0.022157996146435453 0.05132743362831858
0 0.8448940269749519 0.3017699115044248 0.025048169556840076 0.05486725663716814
0 0.8747591522157996 0.2663716814159292 0.02119460500963391 0.05132743362831858
0 0.9238921001926782 0.315929203539823 0.025048169556840076 0.05486725663716814
0 0.7528901734104047 0.2415929203539823 0.02023121387283237 0.05486725663716814
0 0.7447013487475915 0.2610619469026549 0.02697495183044316 0.05486725663716814