0 0.0951417004048583 0.5089928057553957 0.044534412955465584 0.10431654676258993
0 0.29706477732793524 0.21762589928057555 0.015182186234817813 0.03597122302158273
0 0.31629554655870445 0.22661870503597123 0.015182186234817813 0.04316546762589928
0 0.33653846153846156 0.2239208633093525 0.015182186234817813 0.03776978417266187
0 0.3522267206477733 0.24280575539568344 0.01417004048582996 0.046762589928057555
0 0.38360323886639675 0.24280575539568344 0.020242914979757085 0.039568345323741004
0 0.4276315789473684 0.23381294964028776 0.02125506072874494 0.039568345323741004
0 0.4959514170040486 0.28327338129496404 0.022267206477732792 0.048561151079136694
0 0.5440283400809717 0.289568345323741 0.025303643724696356 0.06115107913669065
0 0.6052631578947368 0.3345323741007194 0.024291497975708502 0.06115107913669065
0 0.7059716599190283 0.31115107913669066 0.02327935222672065 0.0539568345323741
0 0.7580971659919028 0.37589928057553956 0.024291497975708502 0.050359712230215826
0 0.8188259109311741 0.38669064748201437 0.024291497975708502 0.06115107913669065
0 0.8982793522267206 0.40827338129496404 0.027327935222672066 0.0539568345323741
0 0.9225708502024291 0.3327338129496403 0.01720647773279352 0.05755395683453238
0 0.8562753036437247 0.2904676258992806 0.022267206477732792 0.05575539568345324
0 0.8152834008097166 0.25449640287769787 0.02125506072874494 0.044964028776978415
0 0.7839068825910931 0.3039568345323741 0.019230769230769232 0.0539568345323741
0 0.7322874493927125 0.2814748201438849 0.019230769230769232 0.044964028776978415
0 0.687246963562753 0.24100719424460432 0.022267206477732792 0.050359712230215826
0 0.6356275303643725 0.23651079136690648 0.024291497975708502 0.044964028776978415
0 0.5809716599190283 0.2275179856115108 0.022267206477732792 0.044964028776978415
0 0.4934210526315789 0.2158273381294964 0.019230769230769232 0.02877697841726619
0 0.45546558704453444 0.21133093525179855 0.020242914979757085 0.02697841726618705
0 0.3456477732793522 0.1789568345323741 0.01720647773279352 0.02697841726618705
0 0.3851214574898785 0.19694244604316546 0.011133603238866396 0.03776978417266187
0 0.4271255060728745 0.14118705035971224 0.016194331983805668 0.030575539568345324
0 0.4190283400809717 0.17985611510791366 0.016194331983805668 0.025179856115107913
0 0.44635627530364375 0.16636690647482014 0.016194331983805668 0.04136690647482014
0 0.4767206477732793 0.13399280575539568 0.016194331983805668 0.019784172661870502
0 0.4898785425101215 0.1735611510791367 0.01417004048582996 0.030575539568345324
0 0.527834008097166 0.17535971223021582 0.015182186234817813 0.03776978417266187
0 0.5217611336032388 0.1357913669064748 0.011133603238866396 0.023381294964028777
0 0.5328947368421053 0.12320143884892086 0.015182186234817813 0.02697841726618705
0 0.5526315789473685 0.1223021582733813 0.018218623481781375 0.025179856115107913
0 0.5885627530364372 0.11600719424460432 0.009109311740890687 0.019784172661870502
0 0.604757085020243 0.12679856115107913 0.013157894736842105 0.02697841726618705
0 0.6290485829959515 0.12679856115107913 0.019230769230769232 0.023381294964028777
0 0.6239878542510121 0.15557553956834533 0.015182186234817813 0.030575539568345324
0 0.5895748987854251 0.16996402877697842 0.01720647773279352 0.02697841726618705
0 0.5683198380566802 0.18345323741007194 0.01720647773279352 0.025179856115107913
0 0.5602226720647774 0.15467625899280577 0.015182186234817813 0.02877697841726619
0 0.6745951417004049 0.19244604316546762 0.015182186234817813 0.03237410071942446
0 0.7211538461538461 0.18255395683453238 0.01720647773279352 0.0341726618705036
0 0.7049595141700404 0.16007194244604317 0.015182186234817813 0.03237410071942446
0 0.673582995951417 0.13309352517985612 0.015182186234817813 0.02877697841726619
0 0.6705465587044535 0.10341726618705036 0.011133603238866396 0.019784172661870502
0 0.6933198380566802 0.1196043165467626 0.016194331983805668 0.023381294964028777
0 0.6918016194331984 0.10071942446043165 0.015182186234817813 0.014388489208633094
0 0.7191295546558705 0.11510791366906475 0.013157894736842105 0.02158273381294964
0 0.7545546558704453 0.1303956834532374 0.015182186234817813 0.0341726618705036
0 0.7889676113360324 0.1366906474820144 0.011133603238866396 0.03237410071942446
0 0.8036437246963563 0.1528776978417266 0.01417004048582996 0.02877697841726619
0 0.756578947368421 0.16366906474820145 0.013157894736842105 0.03237410071942446
0 0.7692307692307693 0.2446043165467626 0.020242914979757085 0.04316546762589928
0 0.8102226720647774 0.21402877697841727 0.019230769230769232 0.025179856115107913
0 0.7110323886639676 0.22571942446043167 0.02125506072874494 0.03776978417266187
0 0.8739878542510121 0.2670863309352518 0.019230769230769232 0.044964028776978415
0 0.8871457489878543 0.22661870503597123 0.019230769230769232 0.04316546762589928
0 0.9316801619433198 0.2221223021582734 0.019230769230769232 0.048561151079136694
0 0.9296558704453441 0.2841726618705036 0.019230769230769232 0.039568345323741004
0 0.7626518218623481 0.19964028776978418 0.02327935222672065 0.03237410071942446
0 0.6548582995951417 0.12769784172661872 0.012145748987854251 0.025179856115107913