0 0.19664268585131894 0.39681440443213295 0.04156674660271783 0.07617728531855955
0 0.3405275779376499 0.21675900277008311 0.020783373301358914 0.037396121883656507
0 0.376898481215028 0.23545706371191136 0.01838529176658673 0.036011080332409975
0 0.41127098321342925 0.1945983379501385 0.02158273381294964 0.037396121883656507
0 0.41566746602717825 0.23130193905817176 0.023980815347721823 0.0443213296398892
0 0.39728217426059154 0.24168975069252077 0.02238209432454037 0.03462603878116344
0 0.48361310951239006 0.19182825484764543 0.020783373301358914 0.029085872576177285
0 0.5587529976019184 0.18698060941828254 0.023980815347721823 0.04986149584487535
0 0.6554756195043965 0.22091412742382271 0.020783373301358914 0.04293628808864266
0 0.7102318145483613 0.23199445983379502 0.02478017585931255 0.045706371191135735
0 0.8609112709832134 0.157202216066482 0.01598721023181455 0.037396121883656507
0 0.8932853717026379 0.18767313019390583 0.015187849720223821 0.03462603878116344
0 0.8261390887290168 0.21398891966759004 0.01838529176658673 0.04293628808864266
0 0.8729016786570744 0.21606648199445982 0.019184652278177457 0.038781163434903045
0 0.7709832134292566 0.2659279778393352 0.02158273381294964 0.060941828254847646
0 0.8828936850519584 0.3012465373961219 0.03117505995203837 0.07617728531855955
0 0.812150279776179 0.3649584487534626 0.02877697841726619 0.06509695290858726
0 0.9016786570743405 0.3691135734072022 0.03357314148681055 0.05955678670360111
0 0.9184652278177458 0.3054016620498615 0.0319744204636291 0.06786703601108034