0 0.06550665301944729 0.2981651376146789 0.022517911975435005 0.045871559633027525
0 0.28915046059365407 0.21926605504587157 0.017400204708290685 0.03486238532110092
0 0.3029682702149437 0.23853211009174313 0.016376663254861822 0.03302752293577982
0 0.3280450358239509 0.24403669724770644 0.017400204708290685 0.03669724770642202
0 0.3781985670419652 0.24770642201834864 0.017400204708290685 0.03669724770642202
0 0.40890481064483114 0.24311926605504589 0.019447287615148412 0.04220183486238532
0 0.3295803480040942 0.17522935779816515 0.012282497441146366 0.027522935779816515
0 0.3474923234390993 0.18623853211009175 0.01330603889457523 0.031192660550458717
0 0.3725690890481064 0.1926605504587156 0.016376663254861822 0.03302752293577982
0 0.417093142272262 0.1908256880733945 0.015353121801432957 0.03302752293577982
0 0.4242579324462641 0.163302752293578 0.01330603889457523 0.029357798165137616
0 0.43961105424769703 0.1724770642201835 0.01330603889457523 0.029357798165137616
0 0.44421699078812693 0.21284403669724772 0.016376663254861822 0.029357798165137616
0 0.4749232343909928 0.22385321100917432 0.01842374616171955 0.03669724770642202
0 0.4744114636642784 0.1871559633027523 0.015353121801432957 0.03302752293577982
0 0.5209825997952917 0.1779816513761468 0.014329580348004094 0.029357798165137616
0 0.553224155578301 0.181651376146789 0.01330603889457523 0.03302752293577982
0 0.5880245649948823 0.16788990825688074 0.01330603889457523 0.027522935779816515
0 0.5644831115660184 0.15412844036697249 0.011258955987717503 0.022018348623853212
0 0.5496417604912999 0.15504587155963304 0.014329580348004094 0.02018348623853211
0 0.5465711361310133 0.13027522935779817 0.014329580348004094 0.022018348623853212
0 0.5214943705220061 0.13394495412844037 0.011258955987717503 0.022018348623853212
0 0.49129989764585463 0.16055045871559634 0.014329580348004094 0.023853211009174313
0 0.46980552712384854 0.15688073394495414 0.014329580348004094 0.023853211009174313
0 0.4718526100307062 0.13577981651376148 0.012282497441146366 0.022018348623853212
0 0.4882292732855681 0.13302752293577982 0.012282497441146366 0.023853211009174313
0 0.49948822927328557 0.12477064220183487 0.012282497441146366 0.022018348623853212
0 0.6166837256908905 0.15321100917431194 0.015353121801432957 0.027522935779816515
0 0.6161719549641761 0.12844036697247707 0.012282497441146366 0.022018348623853212
0 0.6074718526100307 0.11651376146788991 0.011258955987717503 0.023853211009174313
0 0.5854657113613101 0.11926605504587157 0.012282497441146366 0.025688073394495414
0 0.6381780962128967 0.11100917431192661 0.011258955987717503 0.027522935779816515
0 0.6555783009211873 0.12293577981651377 0.011258955987717503 0.025688073394495414
0 0.6688843398157626 0.10091743119266056 0.009211873080859774 0.022018348623853212
0 0.6852610030706243 0.11743119266055047 0.011258955987717503 0.022018348623853212
0 0.6924257932446264 0.1 0.009211873080859774 0.02018348623853211
0 0.7123848515864892 0.10733944954128441 0.012282497441146366 0.027522935779816515
0 0.48311156601842375 0.27522935779816515 0.022517911975435005 0.05137614678899083
0 0.5424769703172978 0.28990825688073396 0.02661207778915046 0.047706422018348627
0 0.5946775844421699 0.3458715596330275 0.02456499488229273 0.05321100917431193
0 0.6821903787103377 0.3642201834862385 0.027635619242579325 0.05688073394495413
0 0.7476970317297851 0.3798165137614679 0.02968270214943705 0.062385321100917435
0 0.8065506653019447 0.44220183486238535 0.02661207778915046 0.062385321100917435
0 0.8955987717502559 0.42477064220183486 0.028659160696008188 0.07522935779816514
0 0.586489252814739 0.24495412844036699 0.01842374616171955 0.04220183486238532
0 0.6238485158648925 0.21834862385321102 0.017400204708290685 0.03302752293577982
0 0.6284544524053224 0.26422018348623855 0.022517911975435005 0.04036697247706422
0 0.6821903787103377 0.2486238532110092 0.021494370522006142 0.05321100917431193
0 0.6908904810644831 0.1779816513761468 0.016376663254861822 0.03302752293577982
0 0.6898669396110543 0.1614678899082569 0.014329580348004094 0.029357798165137616
0 0.7185261003070624 0.1761467889908257 0.014329580348004094 0.029357798165137616
0 0.7047082906857728 0.1688073394495413 0.011258955987717503 0.029357798165137616
0 0.7471852610030706 0.13394495412844037 0.014329580348004094 0.029357798165137616
0 0.7799385875127943 0.12752293577981652 0.012282497441146366 0.031192660550458717
0 0.793756397134084 0.15229357798165138 0.01330603889457523 0.025688073394495414
0 0.744114636642784 0.19357798165137616 0.014329580348004094 0.03486238532110092
0 0.7246673490276356 0.22293577981651377 0.016376663254861822 0.03853211009174312
0 0.7236438075742068 0.30275229357798167 0.02047082906857728 0.04036697247706422
0 0.8306038894575231 0.3541284403669725 0.02354145342886387 0.05137614678899083
0 0.7727737973387923 0.3238532110091743 0.022517911975435005 0.05321100917431193
0 0.7707267144319345 0.23944954128440368 0.02047082906857728 0.04220183486238532
0 0.8060388945752303 0.20733944954128442 0.015353121801432957 0.044036697247706424
0 0.8183213920163767 0.22385321100917432 0.017400204708290685 0.04036697247706422
0 0.8633572159672467 0.26697247706422017 0.017400204708290685 0.04220183486238532
0 0.8694984646878199 0.21376146788990827 0.017400204708290685 0.04220183486238532
0 0.9303991811668373 0.21284403669724772 0.016376663254861822 0.03302752293577982
0 0.9196519959058342 0.29174311926605506 0.015353121801432957 0.04036697247706422
0 0.9114636642784033 0.344954128440367 0.021494370522006142 0.05871559633027523