0 0.267572633552015 0.25334448160535117 0.015932521087160263 0.03511705685618729
0 0.2778819119025305 0.24665551839464883 0.015932521087160263 0.03511705685618729
0 0.29053420805998126 0.26672240802675584 0.022492970946579195 0.0451505016722408
0 0.33692596063730085 0.26755852842809363 0.02155576382380506 0.046822742474916385
0 0.3767572633552015 0.23244147157190637 0.028116213683223992 0.056856187290969896
0 0.3922211808809747 0.21153846153846154 0.019681349578256794 0.038461538461538464
0 0.3776944704779756 0.17725752508361203 0.01499531396438613 0.033444816053511704
0 0.40253045923149017 0.18645484949832775 0.015932521087160263 0.03511705685618729
0 0.42736644798500467 0.17391304347826086 0.016869728209934397 0.03678929765886288
0 0.41424554826616683 0.16220735785953178 0.01499531396438613 0.033444816053511704
0 0.44189315838800375 0.2265886287625418 0.023430178069353328 0.04180602006688963
0 0.4700093720712277 0.21906354515050167 0.02530459231490159 0.046822742474916385
0 0.45220243673851923 0.17725752508361203 0.015932521087160263 0.03678929765886288
0 0.4676663542642924 0.1714046822742475 0.016869728209934397 0.038461538461538464
0 0.48125585754451733 0.17725752508361203 0.01780693533270853 0.043478260869565216
0 0.4990627928772259 0.18812709030100336 0.01780693533270853 0.04180602006688963
0 0.5304592314901593 0.18979933110367894 0.020618556701030927 0.04180602006688963
0 0.5449859418931584 0.17474916387959866 0.01780693533270853 0.038461538461538464
0 0.57029053420806 0.17224080267558528 0.01780693533270853 0.033444816053511704
0 0.528116213683224 0.12959866220735786 0.014058106841611996 0.028428093645484948
0 0.5149953139643861 0.1496655518394649 0.01780693533270853 0.03177257525083612
0 0.5023430178069354 0.12290969899665552 0.01499531396438613 0.028428093645484948
0 0.48078725398313027 0.34448160535117056 0.033739456419868794 0.05351170568561873
0 0.5567010309278351 0.11538461538461539 0.01499531396438613 0.030100334448160536
0 0.5670103092783505 0.12876254180602006 0.013120899718837863 0.033444816053511704
0 0.584348641049672 0.13127090301003344 0.01780693533270853 0.03511705685618729
0 0.5970009372071228 0.09448160535117058 0.011246485473289597 0.021739130434782608
0 0.6143392689784443 0.13963210702341136 0.01780693533270853 0.03177257525083612
0 0.619962511715089 0.09949832775919733 0.01218369259606373 0.02508361204013378
0 0.6330834114339269 0.10117056856187291 0.01218369259606373 0.02508361204013378
0 0.6457357075913777 0.12709030100334448 0.01499531396438613 0.030100334448160536
0 0.669165885660731 0.09866220735785954 0.013120899718837863 0.030100334448160536
0 0.6986879100281163 0.09448160535117058 0.01780693533270853 0.03511705685618729
0 0.5829428303655108 0.23662207357859533 0.028116213683223992 0.051839464882943144
0 0.5679475164011246 0.29431438127090304 0.02999062792877226 0.06020066889632107
0 0.612464854732896 0.33361204013377926 0.03467666354264293 0.06521739130434782
0 0.6283973758200563 0.2382943143812709 0.02530459231490159 0.048494983277591976
0 0.6180880974695407 0.19732441471571907 0.019681349578256794 0.046822742474916385
0 0.6574507966260543 0.2148829431438127 0.023430178069353328 0.048494983277591976
0 0.6532333645735707 0.1697324414715719 0.020618556701030927 0.048494983277591976
0 0.6771321462043112 0.15551839464882944 0.01780693533270853 0.043478260869565216
0 0.7033739456419869 0.1714046822742475 0.02155576382380506 0.0451505016722408
0 0.7310215557638238 0.19816053511705686 0.020618556701030927 0.04180602006688963
0 0.7549203373945642 0.13210702341137123 0.014058106841611996 0.03678929765886288
0 0.7478912839737581 0.11454849498327759 0.013120899718837863 0.028428093645484948
0 0.7708528584817245 0.12792642140468227 0.015932521087160263 0.03511705685618729
0 0.782099343955014 0.1496655518394649 0.01780693533270853 0.04180602006688963
0 0.7539831302717901 0.2148829431438127 0.023430178069353328 0.0451505016722408
0 0.7160262417994376 0.2491638795986622 0.026241799437675725 0.06354515050167224
0 0.6836925960637301 0.3001672240802676 0.04029990627928772 0.07190635451505016
0 0.7446110590440488 0.31521739130434784 0.04029990627928772 0.08862876254180602
0 0.7666354264292409 0.2709030100334448 0.031865042174320526 0.07023411371237458
0 0.7895970009372071 0.2048494983277592 0.02530459231490159 0.051839464882943144
0 0.8125585754451734 0.23411371237458195 0.026241799437675725 0.06020066889632107
0 0.8341143392689785 0.20652173913043478 0.022492970946579195 0.048494983277591976
0 0.8074039362699157 0.14130434782608695 0.014058106841611996 0.03511705685618729
0 0.831302717900656 0.13963210702341136 0.016869728209934397 0.03177257525083612
0 0.8350515463917526 0.11872909698996656 0.011246485473289597 0.030100334448160536
0 0.852389878163074 0.16220735785953178 0.015932521087160263 0.04013377926421405
0 0.8580131208997188 0.14632107023411373 0.01218369259606373 0.028428093645484948
0 0.8692596063730085 0.11956521739130435 0.014058106841611996 0.03511705685618729
0 0.9109653233364574 0.1346153846153846 0.01499531396438613 0.03177257525083612
0 0.9287722586691659 0.1454849498327759 0.011246485473289597 0.026755852842809364
0 0.8959700093720713 0.16220735785953178 0.01874414245548266 0.033444816053511704
0 0.8856607310215557 0.19816053511705686 0.016869728209934397 0.038461538461538464
0 0.8641049671977507 0.24665551839464883 0.022492970946579195 0.05518394648829431
0 0.837394564198688 0.30267558528428096 0.023430178069353328 0.07023411371237458
0 0.8111527647610122 0.3712374581939799 0.04029990627928772 0.0802675585284281
0 0.8978444236176195 0.3770903010033445 0.03561387066541706 0.08528428093645485
0 0.9179943767572634 0.25501672240802675 0.02530459231490159 0.05518394648829431
0 0.922211808809747 0.22324414715719063 0.01874414245548266 0.04180602006688963
0 0.9329896907216495 0.20066889632107024 0.019681349578256794 0.03678929765886288
0 0.8997188378631678 0.34448160535117056 0.028116213683223992 0.046822742474916385