0 0.18406374501992032 0.3926553672316384 0.04780876494023904 0.096045197740113
0 0.28725099601593623 0.2747175141242938 0.02151394422310757 0.052259887005649715
0 0.3075697211155379 0.2612994350282486 0.022310756972111555 0.05367231638418079
0 0.3314741035856574 0.21822033898305085 0.020717131474103586 0.038135593220338986
0 0.3529880478087649 0.2577683615819209 0.027091633466135457 0.046610169491525424
0 0.399601593625498 0.269774011299435 0.024701195219123506 0.05367231638418079
0 0.3840637450199203 0.259180790960452 0.022310756972111555 0.046610169491525424
0 0.39243027888446214 0.22598870056497175 0.0199203187250996 0.031073446327683617
0 0.401195219123506 0.1885593220338983 0.018326693227091632 0.03531073446327684
0 0.4195219123505976 0.1786723163841808 0.0199203187250996 0.03531073446327684
0 0.448207171314741 0.211864406779661 0.023107569721115537 0.03389830508474576
0 0.48685258964143424 0.22598870056497175 0.022310756972111555 0.0480225988700565
0 0.44661354581673307 0.16666666666666666 0.016733067729083666 0.031073446327683617
0 0.44302788844621516 0.1384180790960452 0.014342629482071713 0.031073446327683617
0 0.5075697211155379 0.18008474576271186 0.02390438247011952 0.038135593220338986
0 0.46254980079681274 0.15819209039548024 0.015139442231075698 0.031073446327683617
0 0.48446215139442234 0.15254237288135594 0.01593625498007968 0.031073446327683617
0 0.501593625498008 0.12994350282485875 0.015139442231075698 0.02824858757062147
0 0.5446215139442231 0.1617231638418079 0.0199203187250996 0.038135593220338986
0 0.5382470119521913 0.12570621468926554 0.016733067729083666 0.03954802259887006
0 0.5561752988047809 0.1864406779661017 0.02390438247011952 0.03954802259887006
0 0.5517928286852589 0.1384180790960452 0.015139442231075698 0.03389830508474576
0 0.5621513944223108 0.12570621468926554 0.013545816733067729 0.02824858757062147
0 0.5796812749003984 0.14477401129943504 0.016733067729083666 0.03531073446327684
0 0.5876494023904383 0.1172316384180791 0.013545816733067729 0.03389830508474576
0 0.5689243027888446 0.06002824858757062 0.014342629482071713 0.026836158192090395
0 0.6083665338645419 0.15112994350282485 0.016733067729083666 0.03672316384180791
0 0.602390438247012 0.12994350282485875 0.014342629482071713 0.031073446327683617
0 0.6091633466135458 0.11087570621468927 0.013545816733067729 0.026836158192090395
0 0.6362549800796813 0.1327683615819209 0.0199203187250996 0.031073446327683617
0 0.6362549800796813 0.09110169491525423 0.015139442231075698 0.03248587570621469
0 0.6454183266932271 0.11793785310734463 0.014342629482071713 0.03248587570621469
0 0.6649402390438247 0.11511299435028248 0.016733067729083666 0.03531073446327684
0 0.6928286852589641 0.10451977401129943 0.018326693227091632 0.031073446327683617
0 0.5398406374501992 0.2959039548022599 0.031075697211155377 0.06638418079096045
0 0.5541832669322709 0.2549435028248588 0.02948207171314741 0.052259887005649715
0 0.599601593625498 0.2521186440677966 0.024701195219123506 0.052259887005649715
0 0.600398406374502 0.2097457627118644 0.023107569721115537 0.043785310734463276
0 0.6302788844621514 0.2937853107344633 0.030278884462151396 0.05649717514124294
0 0.649003984063745 0.2704802259887006 0.023107569721115537 0.04943502824858757
0 0.6525896414342629 0.2231638418079096 0.022310756972111555 0.0480225988700565
0 0.6752988047808764 0.1906779661016949 0.023107569721115537 0.0480225988700565
0 0.7047808764940239 0.21822033898305085 0.023107569721115537 0.052259887005649715
0 0.8095617529880478 0.4074858757062147 0.036653386454183264 0.0692090395480226
0 0.8820717131474104 0.4004237288135593 0.0398406374501992 0.08050847457627118
0 0.7796812749003984 0.2754237288135593 0.026294820717131476 0.062146892655367235
0 0.7438247011952192 0.22598870056497175 0.031075697211155377 0.05084745762711865
0 0.7143426294820717 0.16666666666666666 0.0199203187250996 0.0423728813559322
0 0.7298804780876494 0.17796610169491525 0.020717131474103586 0.0423728813559322
0 0.750597609561753 0.1652542372881356 0.01752988047808765 0.03954802259887006
0 0.7541832669322709 0.1348870056497175 0.016733067729083666 0.03531073446327684
0 0.7717131474103586 0.20833333333333334 0.016733067729083666 0.043785310734463276
0 0.7764940239043825 0.1574858757062147 0.016733067729083666 0.03248587570621469
0 0.7784860557768924 0.1115819209039548 0.014342629482071713 0.025423728813559324
0 0.8087649402390438 0.23375706214689265 0.020717131474103586 0.04943502824858757
0 0.8135458167330677 0.1617231638418079 0.014342629482071713 0.03531073446327684
0 0.8223107569721115 0.2055084745762712 0.02390438247011952 0.046610169491525424
0 0.8326693227091634 0.3192090395480226 0.030278884462151396 0.07062146892655367
0 0.9091633466135458 0.3072033898305085 0.02549800796812749 0.0635593220338983
0 0.9151394422310757 0.2443502824858757 0.027888446215139442 0.05084745762711865
0 0.849800796812749 0.2457627118644068 0.023107569721115537 0.05084745762711865
0 0.8721115537848606 0.22810734463276836 0.023107569721115537 0.05508474576271186
0 0.8051792828685259 0.1228813559322034 0.015139442231075698 0.03389830508474576
0 0.8219123505976096 0.12570621468926554 0.016733067729083666 0.03389830508474576
0 0.851394422310757 0.15889830508474576 0.015139442231075698 0.038135593220338986
0 0.8597609561752988 0.14477401129943504 0.01593625498007968 0.03531073446327684
0 0.8860557768924303 0.18149717514124294 0.01752988047808765 0.04096045197740113
0 0.8920318725099602 0.1560734463276836 0.015139442231075698 0.04096045197740113
0 0.8358565737051793 0.18220338983050846 0.019123505976095617 0.03672316384180791