0 0.11535401750198886 0.5280373831775701 0.046141607000795545 0.1059190031152648
0 0.2613365155131265 0.24766355140186916 0.015115354017501989 0.03426791277258567
0 0.2744630071599045 0.2507788161993769 0.012728719172633254 0.03426791277258567
0 0.29912490055688146 0.23753894080996885 0.017501988862370723 0.04205607476635514
0 0.3349244232299125 0.21728971962616822 0.017501988862370723 0.04205607476635514
0 0.32140015910898967 0.20638629283489096 0.014319809069212411 0.04205607476635514
0 0.35918854415274465 0.22118380062305296 0.016706443914081145 0.040498442367601244
0 0.3711217183770883 0.26791277258566976 0.018297533810660304 0.04361370716510903
0 0.4423229912490056 0.3014018691588785 0.022275258552108195 0.045171339563862926
0 0.48289578361177404 0.23598130841121495 0.020684168655529037 0.045171339563862926
0 0.4343675417661098 0.19781931464174454 0.020684168655529037 0.03426791277258567
0 0.41766109785202865 0.17367601246105918 0.014319809069212411 0.03894080996884735
0 0.37669053301511535 0.19003115264797507 0.015115354017501989 0.03115264797507788
0 0.4013524264120923 0.24454828660436137 0.01988862370723946 0.03426791277258567
0 0.4817024661893397 0.16978193146417445 0.015115354017501989 0.03115264797507788
0 0.46618933969769294 0.1588785046728972 0.014319809069212411 0.03115264797507788
0 0.5007955449482896 0.15109034267912771 0.011933174224343675 0.028037383177570093
0 0.5334128878281623 0.1526479750778816 0.013524264120922832 0.037383177570093455
0 0.5286396181384249 0.22274143302180685 0.015115354017501989 0.040498442367601244
0 0.5847255369928401 0.1939252336448598 0.012728719172633254 0.029595015576323987
0 0.5620525059665871 0.15809968847352024 0.015115354017501989 0.029595015576323987
0 0.5592680986475735 0.13161993769470404 0.014319809069212411 0.029595015576323987
0 0.5823389021479713 0.13317757009345793 0.014319809069212411 0.03582554517133956
0 0.6002386634844868 0.12850467289719625 0.015115354017501989 0.029595015576323987
0 0.6129673826571201 0.17367601246105918 0.010342084327764518 0.029595015576323987
0 0.6221161495624503 0.19080996884735202 0.014319809069212411 0.029595015576323987
0 0.6241050119331742 0.15109034267912771 0.015115354017501989 0.028037383177570093
0 0.6348448687350835 0.12149532710280374 0.012728719172633254 0.03426791277258567
0 0.6523468575974543 0.13473520249221183 0.014319809069212411 0.03582554517133956
0 0.6579156722354813 0.1853582554517134 0.015910898965791568 0.03426791277258567
0 0.6957040572792362 0.13473520249221183 0.013524264120922832 0.029595015576323987
0 0.6861575178997613 0.1542056074766355 0.013524264120922832 0.040498442367601244
0 0.718774860779634 0.14953271028037382 0.013524264120922832 0.03115264797507788
0 0.6599045346062052 0.24065420560747663 0.01988862370723946 0.048286604361370715
0 0.6193317422434368 0.2850467289719626 0.021479713603818614 0.04984423676012461
0 0.5600636435958631 0.32554517133956384 0.022275258552108195 0.04984423676012461
0 0.6073985680190931 0.3629283489096573 0.021479713603818614 0.059190031152647975
0 0.6618933969769292 0.3878504672897196 0.027048528241845664 0.0529595015576324
0 0.7326968973747017 0.3808411214953271 0.02545743834526651 0.06697819314641744
0 0.7108194112967383 0.27414330218068533 0.01988862370723946 0.04984423676012461
0 0.7151949085123309 0.20638629283489096 0.014319809069212411 0.03582554517133956
0 0.749005568814638 0.2235202492211838 0.013524264120922832 0.03582554517133956
0 0.7680986475735879 0.2702492211838006 0.013524264120922832 0.03894080996884735
0 0.7995226730310262 0.25 0.015910898965791568 0.03271028037383177
0 0.7589498806682577 0.18691588785046728 0.014319809069212411 0.03115264797507788
0 0.7422434367541766 0.1985981308411215 0.012728719172633254 0.03582554517133956
0 0.7840095465393795 0.2102803738317757 0.013524264120922832 0.03426791277258567
0 0.7844073190135242 0.16822429906542055 0.014319809069212411 0.03426791277258567
0 0.8130469371519491 0.18925233644859812 0.012728719172633254 0.03582554517133956
0 0.834128878281623 0.20638629283489096 0.015115354017501989 0.03582554517133956
0 0.8198090692124105 0.2866043613707165 0.018297533810660304 0.06230529595015576
0 0.8166268894192522 0.23208722741433022 0.013524264120922832 0.04361370716510903
0 0.7907716785998409 0.42133956386292837 0.02545743834526651 0.07009345794392523
0 0.8762927605409706 0.4766355140186916 0.03261734287987271 0.08099688473520249
0 0.8866348448687351 0.40031152647975077 0.018297533810660304 0.06853582554517133
0 0.9570405727923628 0.42834890965732086 0.022275258552108195 0.06230529595015576
0 0.9216388225934765 0.3045171339563863 0.016706443914081145 0.045171339563862926
0 0.8910103420843277 0.2757009345794392 0.015910898965791568 0.04361370716510903
0 0.858392999204455 0.3411214953271028 0.017501988862370723 0.04361370716510903
0 0.8687350835322196 0.22897196261682243 0.012728719172633254 0.03115264797507788
0 0.883054892601432 0.22274143302180685 0.011137629276054098 0.03426791277258567
0 0.9005568814638027 0.23753894080996885 0.012728719172633254 0.03582554517133956
0 0.9073190135242641 0.21962616822429906 0.015115354017501989 0.03426791277258567
0 0.9387430389817024 0.2585669781931464 0.011137629276054098 0.040498442367601244
0 0.9514717581543357 0.23286604361370716 0.012728719172633254 0.03271028037383177
0 0.9805091487669053 0.2507788161993769 0.010342084327764518 0.028037383177570093
0 0.9785202863961814 0.2827102803738318 0.012728719172633254 0.029595015576323987
0 0.9757358790771679 0.3161993769470405 0.013524264120922832 0.03426791277258567
0 0.9801113762927606 0.35202492211838005 0.017501988862370723 0.0529595015576324
0 0.9534606205250596 0.367601246105919 0.01988862370723946 0.059190031152647975