0 0.18310970797158643 0.39603960396039606 0.042620363062352014 0.07920792079207921
0 0.15666929755327547 0.38189533239038187 0.03235990528808208 0.06789250353606789
0 0.13259668508287292 0.3712871287128713 0.03314917127071823 0.06930693069306931
0 0.1254932912391476 0.3323903818953324 0.03157063930544594 0.0594059405940594
0 0.18232044198895028 0.31541725601131543 0.025256511444356748 0.04809052333804809
0 0.21783741120757696 0.3026874115983027 0.028413575374901343 0.04809052333804809
0 0.2616416732438832 0.28995756718529 0.027624309392265192 0.06223479490806223
0 0.2975532754538279 0.3125884016973126 0.03314917127071823 0.06789250353606789
0 0.303078137332281 0.25954738330975957 0.028413575374901343 0.05233380480905234
0 0.3472770323599053 0.36916548797736914 0.037884767166535126 0.06789250353606789
0 0.3823993685872139 0.31824611032531824 0.03393843725335438 0.0594059405940594
0 0.4238358326756117 0.29207920792079206 0.028413575374901343 0.06082036775106082