0 0.40671641791044777 0.17128874388254486 0.020522388059701493 0.04567699836867863
0 0.41744402985074625 0.20554649265905384 0.01585820895522388 0.03262642740619902
0 0.6343283582089553 0.1370309951060359 0.014925373134328358 0.02936378466557912
0 0.6511194029850746 0.1468189233278956 0.016791044776119403 0.026101141924959218
0 0.6618470149253731 0.12479608482871125 0.012126865671641791 0.02773246329526917
0 0.7663246268656716 0.1362153344208809 0.012126865671641791 0.02773246329526917
0 0.7793843283582089 0.15089722675367048 0.013992537313432836 0.03099510603588907
0 0.8339552238805971 0.2553017944535073 0.020522388059701493 0.05057096247960848
0 0.9020522388059702 0.2553017944535073 0.014925373134328358 0.03425774877650897
0 0.9309701492537313 0.2569331158238173 0.018656716417910446 0.04404567699836868
0 0.90625 0.2300163132137031 0.017723880597014924 0.02936378466557912