0 0.15901898734177214 0.273371104815864 0.03322784810126582 0.05099150141643059
0 0.1807753164556962 0.40226628895184136 0.037183544303797465 0.07365439093484419
0 0.6404272151898734 0.09844192634560907 0.015031645569620253 0.029745042492917848
0 0.692246835443038 0.10623229461756374 0.014240506329113924 0.025495750708215296
0 0.7266613924050633 0.11473087818696884 0.01819620253164557 0.031161473087818695
0 0.776503164556962 0.11756373937677053 0.011867088607594937 0.025495750708215296
0 0.8065664556962026 0.12252124645892351 0.010284810126582278 0.032577903682719546
0 0.8358386075949367 0.12252124645892351 0.01819620253164557 0.03541076487252125
0 0.5605221518987342 0.1281869688385269 0.011867088607594937 0.024079320113314446
0 0.524129746835443 0.1388101983002833 0.011867088607594937 0.028328611898016998
0 0.5909810126582279 0.10198300283286119 0.007911392405063292 0.019830028328611898
0 0.6071993670886076 0.11614730878186968 0.013449367088607595 0.028328611898016998
0 0.5027689873417721 0.1388101983002833 0.015031645569620253 0.028328611898016998
0 0.4560917721518987 0.14518413597733712 0.01819620253164557 0.029745042492917848
0 0.3473101265822785 0.2103399433427762 0.020569620253164556 0.03824362606232295
0 0.31843354430379744 0.24645892351274787 0.022943037974683545 0.036827195467422094
0 0.31289556962025317 0.27407932011331443 0.01661392405063291 0.03824362606232295
0 0.41060126582278483 0.1954674220963173 0.020569620253164556 0.036827195467422094
0 0.43829113924050633 0.1706798866855524 0.015822784810126583 0.032577903682719546
0 0.39200949367088606 0.26274787535410765 0.027689873417721517 0.049575070821529746
0 0.45055379746835444 0.21671388101983002 0.01819620253164557 0.031161473087818695
0 0.46716772151898733 0.2415014164305949 0.022943037974683545 0.03824362606232295
0 0.5007911392405063 0.18909348441926346 0.01740506329113924 0.03824362606232295
0 0.5581487341772152 0.17988668555240794 0.01819620253164557 0.0339943342776204
0 0.6060126582278481 0.14589235127478753 0.015822784810126583 0.028328611898016998
0 0.6392405063291139 0.13314447592067988 0.01740506329113924 0.031161473087818695
0 0.5340189873417721 0.2988668555240793 0.03164556962025317 0.06232294617563739
0 0.5628955696202531 0.24291784702549576 0.021360759493670885 0.05240793201133145
0 0.6016613924050633 0.2584985835694051 0.02610759493670886 0.046742209631728045
0 0.6024525316455697 0.21954674220963172 0.0245253164556962 0.0453257790368272
0 0.6305379746835443 0.3094900849858357 0.02689873417721519 0.05807365439093484
0 0.6503164556962026 0.26416430594900847 0.023734177215189875 0.043909348441926344
0 0.6526898734177216 0.22308781869688385 0.022151898734177215 0.04107648725212465
0 0.6760284810126582 0.18909348441926346 0.01819620253164557 0.03824362606232295
0 0.7041139240506329 0.22096317280453256 0.0189873417721519 0.0453257790368272
0 0.7195411392405063 0.17988668555240794 0.01661392405063291 0.036827195467422094
0 0.776503164556962 0.16643059490084985 0.013449367088607595 0.032577903682719546
0 0.8168512658227848 0.15439093484419264 0.021360759493670885 0.039660056657223795
0 0.8575949367088608 0.15722379603399433 0.0189873417721519 0.036827195467422094
0 0.8920094936708861 0.15226628895184136 0.011867088607594937 0.029745042492917848
0 0.834256329113924 0.32082152974504247 0.02610759493670886 0.08073654390934844
0 0.7950949367088608 0.3803116147308782 0.030063291139240507 0.09206798866855524
0 0.8742088607594937 0.4235127478753541 0.03481012658227848 0.08498583569405099
0 0.9030854430379747 0.3024079320113314 0.02610759493670886 0.060906515580736544
0 0.8611550632911392 0.2613314447592068 0.01977848101265823 0.049575070821529746
0 0.9141613924050633 0.24504249291784702 0.022943037974683545 0.053824362606232294
0 0.7630537974683544 0.2330028328611898 0.021360759493670885 0.05524079320113314
0 0.8109177215189873 0.24858356940509915 0.01740506329113924 0.043909348441926344
0 0.8022151898734177 0.17988668555240794 0.020569620253164556 0.039660056657223795
0 0.37064873417721517 0.24220963172804533 0.02610759493670886 0.0339943342776204
0 0.40427215189873417 0.23725212464589235 0.03322784810126582 0.04107648725212465
0 0.5470727848101266 0.1423512747875354 0.013449367088607595 0.029745042492917848
0 0.5419303797468354 0.16147308781869688 0.022151898734177215 0.04815864022662889
0 0.5854430379746836 0.14518413597733712 0.022151898734177215 0.03541076487252125
0 0.6685126582278481 0.12322946175637393 0.011075949367088608 0.028328611898016998
0 0.7488132911392406 0.14589235127478753 0.01819620253164557 0.036827195467422094
0 0.7614715189873418 0.29745042492917845 0.022943037974683545 0.042492917847025496
0 0.8833069620253164 0.17776203966005666 0.015031645569620253 0.03541076487252125
0 0.3473101265822785 0.24575070821529746 0.020569620253164556 0.049575070821529746
0 0.5834651898734177 0.12252124645892351 0.015031645569620253 0.026912181303116147
0 0.7721518987341772 0.21600566572237961 0.015822784810126583 0.03824362606232295
0 0.870253164556962 0.23229461756373937 0.015822784810126583 0.0453257790368272