0 0.8922495274102079 0.21179401993355482 0.015122873345935728 0.044850498338870434
0 0.8218336483931947 0.1212624584717608 0.010396975425330813 0.029900332225913623
0 0.7334593572778828 0.2757475083056478 0.026465028355387523 0.05647840531561462
0 0.7896975425330813 0.287375415282392 0.023629489603024575 0.053156146179401995
0 0.8081285444234405 0.17857142857142858 0.015122873345935728 0.03820598006644518
0 0.776937618147448 0.16029900332225913 0.015122873345935728 0.03488372093023256
0 0.753780718336484 0.14285714285714285 0.014177693761814745 0.03322259136212625
0 0.724007561436673 0.1403654485049834 0.015122873345935728 0.02823920265780731
0 0.7353497164461248 0.16029900332225913 0.017013232514177693 0.03488372093023256
0 0.694234404536862 0.14950166112956811 0.01606805293005671 0.036544850498338874
0 0.5822306238185255 0.1511627906976744 0.013232514177693762 0.029900332225913623
0 0.5628544423440454 0.14534883720930233 0.012287334593572778 0.03156146179401993
0 0.5363894139886578 0.13953488372093023 0.012287334593572778 0.026578073089700997
0 0.5387523629489603 0.19767441860465115 0.015122873345935728 0.036544850498338874
0 0.4617202268431002 0.15614617940199335 0.010396975425330813 0.023255813953488372
0 0.47495274102079393 0.1478405315614618 0.010396975425330813 0.023255813953488372
0 0.4555765595463138 0.1852159468438538 0.015122873345935728 0.03488372093023256
0 0.4792060491493384 0.19601328903654486 0.013232514177693762 0.03322259136212625
0 0.42344045368620037 0.22757475083056478 0.017013232514177693 0.036544850498338874
0 0.45982986767485823 0.223421926910299 0.01606805293005671 0.03820598006644518
0 0.4825141776937618 0.32641196013289037 0.021739130434782608 0.05149501661129568
0 0.444234404536862 0.2649501661129568 0.01890359168241966 0.044850498338870434
0 0.31285444234404536 0.28820598006644516 0.015122873345935728 0.03488372093023256
0 0.3676748582230624 0.260797342192691 0.015122873345935728 0.036544850498338874
0 0.6602079395085066 0.2549833887043189 0.01984877126654064 0.04817275747508306
0 0.20746691871455578 0.46096345514950166 0.0444234404536862 0.10465116279069768
0 0.2537807183364839 0.4277408637873754 0.04253308128544423 0.10132890365448505