0 0.3805687203791469 0.19136807817589577 0.016113744075829384 0.03420195439739414
0 0.4028436018957346 0.18159609120521172 0.015165876777251185 0.02768729641693811
0 0.418957345971564 0.19218241042345277 0.015165876777251185 0.03257328990228013
0 0.4099526066350711 0.22149837133550487 0.01800947867298578 0.03257328990228013
0 0.37867298578199055 0.2736156351791531 0.025592417061611375 0.04234527687296417
0 0.3985781990521327 0.28175895765472314 0.023696682464454975 0.04234527687296417
0 0.4545023696682464 0.1791530944625407 0.016113744075829384 0.03257328990228013
0 0.4834123222748815 0.18403908794788273 0.017061611374407582 0.03257328990228013
0 0.4966824644549763 0.19136807817589577 0.02085308056872038 0.03745928338762215
0 0.46919431279620855 0.22312703583061888 0.022748815165876776 0.04234527687296417
0 0.5009478672985782 0.22149837133550487 0.01990521327014218 0.03908794788273615
0 0.4976303317535545 0.2988599348534202 0.02843601895734597 0.043973941368078175
0 0.6165876777251185 0.2679153094462541 0.027488151658767772 0.050488599348534204
0 0.7232227488151659 0.18729641693811075 0.022748815165876776 0.03908794788273615
0 0.7725118483412322 0.2263843648208469 0.024644549763033177 0.05537459283387622
0 0.5497630331753555 0.06840390879478828 0.015165876777251185 0.026058631921824105
0 0.5867298578199052 0.13599348534201955 0.018957345971563982 0.030944625407166124