0 0.06097560975609756 0.36221122112211224 0.028142589118198873 0.054455445544554455
0 0.2593808630393996 0.2871287128712871 0.017823639774859287 0.036303630363036306
0 0.2978424015009381 0.26815181518151815 0.017823639774859287 0.034653465346534656
0 0.325515947467167 0.2722772277227723 0.0150093808630394 0.036303630363036306
0 0.3433395872420263 0.27145214521452143 0.01876172607879925 0.034653465346534656
0 0.31848030018761725 0.22442244224422442 0.019699812382739212 0.039603960396039604
0 0.3475609756097561 0.22937293729372937 0.019699812382739212 0.039603960396039604
0 0.37382739212007504 0.23432343234323433 0.017823639774859287 0.033003300330033
0 0.4160412757973734 0.28052805280528054 0.025328330206378986 0.0429042904290429
0 0.3822701688555347 0.2070957095709571 0.01594746716697936 0.03135313531353135
0 0.4165103189493433 0.2268976897689769 0.01876172607879925 0.04455445544554455
0 0.44090056285178236 0.23267326732673269 0.016885553470919325 0.039603960396039604
0 0.474202626641651 0.23432343234323433 0.021575984990619138 0.0462046204620462
0 0.4160412757973734 0.17574257425742573 0.01594746716697936 0.034653465346534656
0 0.43058161350844276 0.1905940594059406 0.016885553470919325 0.028052805280528052
0 0.4526266416510319 0.1905940594059406 0.01594746716697936 0.03135313531353135
0 0.4709193245778612 0.18729372937293728 0.0150093808630394 0.03135313531353135
0 0.49577861163227016 0.2079207920792079 0.017823639774859287 0.036303630363036306
0 0.4545028142589118 0.14686468646864687 0.01594746716697936 0.0297029702970297
0 0.474671669793621 0.15016501650165018 0.0150093808630394 0.033003300330033
0 0.4849906191369606 0.16006600660066006 0.0150093808630394 0.0297029702970297
0 0.4878048780487805 0.1353135313531353 0.013133208255159476 0.026402640264026403
0 0.5037523452157598 0.15264026402640263 0.01125703564727955 0.024752475247524754
0 0.5150093808630394 0.1674917491749175 0.01876172607879925 0.034653465346534656
0 0.5356472795497186 0.14356435643564355 0.0150093808630394 0.036303630363036306
0 0.5553470919324578 0.15264026402640263 0.016885553470919325 0.034653465346534656
0 0.5436210131332082 0.19224422442244224 0.019699812382739212 0.04455445544554455
0 0.5712945590994372 0.16501650165016502 0.020637898686679174 0.039603960396039604
0 0.5609756097560976 0.11633663366336634 0.01125703564727955 0.024752475247524754
0 0.5933395872420263 0.10148514851485149 0.014071294559099437 0.024752475247524754
0 0.5877110694183865 0.14108910891089108 0.014071294559099437 0.02145214521452145
0 0.6111632270168855 0.13696369636963696 0.014071294559099437 0.026402640264026403
0 0.6196060037523452 0.15676567656765678 0.01594746716697936 0.026402640264026403
0 0.5933395872420263 0.12376237623762376 0.014071294559099437 0.026402640264026403
0 0.6210131332082551 0.12211221122112212 0.01125703564727955 0.0231023102310231
0 0.6163227016885553 0.10973597359735973 0.01125703564727955 0.02145214521452145
0 0.6425891181988743 0.10973597359735973 0.013133208255159476 0.028052805280528052
0 0.6519699812382739 0.11633663366336634 0.009380863039399626 0.028052805280528052
0 0.649624765478424 0.13448844884488448 0.010318949343339587 0.018151815181518153
0 0.6904315196998124 0.12376237623762376 0.0150093808630394 0.026402640264026403
0 0.700281425891182 0.10231023102310231 0.012195121951219513 0.0297029702970297
0 0.48358348968105064 0.3061056105610561 0.029080675422138838 0.057755775577557754
0 0.5426829268292683 0.3094059405940594 0.029080675422138838 0.06435643564356436
0 0.5670731707317073 0.25165016501650167 0.025328330206378986 0.05115511551155116
0 0.6121013133208255 0.2508250825082508 0.029080675422138838 0.052805280528052806
0 0.6050656660412758 0.33993399339933994 0.03377110694183865 0.066006600660066
0 0.6810506566604128 0.32673267326732675 0.0300187617260788 0.0627062706270627
0 0.6594746716697936 0.2747524752475248 0.024390243902439025 0.054455445544554455
0 0.6594746716697936 0.21287128712871287 0.0225140712945591 0.04950495049504951
0 0.625703564727955 0.20957095709570958 0.0225140712945591 0.052805280528052806
0 0.651031894934334 0.17904290429042904 0.0225140712945591 0.04455445544554455
0 0.6866791744840526 0.15181518151815182 0.016885553470919325 0.0429042904290429
0 0.6974671669793621 0.183993399339934 0.019699812382739212 0.041254125412541254
0 0.7120075046904315 0.1377887788778878 0.016885553470919325 0.03135313531353135
0 0.7363977485928705 0.12128712871287128 0.016885553470919325 0.03135313531353135
0 0.7495309568480301 0.14521452145214522 0.016885553470919325 0.036303630363036306
0 0.7546904315196998 0.11633663366336634 0.012195121951219513 0.03135313531353135
0 0.7692307692307693 0.12953795379537955 0.0150093808630394 0.034653465346534656
0 0.7818949343339587 0.11963696369636964 0.014071294559099437 0.03135313531353135
0 0.7701688555347092 0.16006600660066006 0.016885553470919325 0.0429042904290429
0 0.7340525328330206 0.16006600660066006 0.01594746716697936 0.033003300330033
0 0.7335834896810507 0.2004950495049505 0.020637898686679174 0.041254125412541254
0 0.7012195121951219 0.22442244224422442 0.021575984990619138 0.0462046204620462
0 0.74906191369606 0.2376237623762376 0.021575984990619138 0.0462046204620462
0 0.7434333958724203 0.2838283828382838 0.029080675422138838 0.06930693069306931
0 0.7856472795497186 0.2896039603960396 0.02345215759849906 0.06105610561056106
0 0.8227016885553471 0.22277227722772278 0.01876172607879925 0.052805280528052806
0 0.799249530956848 0.17986798679867988 0.01876172607879925 0.0429042904290429
0 0.799718574108818 0.14273927392739275 0.014071294559099437 0.03135313531353135
0 0.8123827392120075 0.12871287128712872 0.0150093808630394 0.033003300330033
0 0.8367729831144465 0.13448844884488448 0.016885553470919325 0.041254125412541254
0 0.8166041275797373 0.16914191419141913 0.014071294559099437 0.034653465346534656
0 0.848968105065666 0.18976897689768976 0.01876172607879925 0.04950495049504951
0 0.8550656660412758 0.1476897689768977 0.017823639774859287 0.037953795379537955
0 0.8714821763602252 0.15099009900990099 0.0150093808630394 0.034653465346534656
0 0.8719512195121951 0.12788778877887788 0.01594746716697936 0.024752475247524754
0 0.900093808630394 0.132013201320132 0.012195121951219513 0.0297029702970297
0 0.8954033771106942 0.19636963696369636 0.017823639774859287 0.0462046204620462
0 0.8925891181988743 0.16419141914191418 0.01594746716697936 0.028052805280528052
0 0.9277673545966229 0.20214521452145215 0.01876172607879925 0.04455445544554455
0 0.9212007504690432 0.28465346534653463 0.02626641651031895 0.06105610561056106
0 0.873358348968105 0.22937293729372937 0.024390243902439025 0.04950495049504951
0 0.9329268292682927 0.1782178217821782 0.014071294559099437 0.026402640264026403
0 0.9315196998123827 0.15759075907590758 0.013133208255159476 0.028052805280528052