0 0.11791666666666667 0.5280898876404494 0.0425 0.0702247191011236
0 0.21916666666666668 0.3419943820224719 0.016666666666666666 0.0351123595505618
0 0.24958333333333332 0.363061797752809 0.019166666666666665 0.046348314606741575
0 0.28458333333333335 0.3609550561797753 0.019166666666666665 0.0449438202247191
0 0.2775 0.31320224719101125 0.018333333333333333 0.033707865168539325
0 0.3308333333333333 0.3497191011235955 0.023333333333333334 0.047752808988764044
0 0.3725 0.34058988764044945 0.018333333333333333 0.0351123595505618
0 0.4025 0.3398876404494382 0.016666666666666666 0.03651685393258427
0 0.34541666666666665 0.29985955056179775 0.019166666666666665 0.0351123595505618
0 0.40041666666666664 0.3047752808988764 0.015833333333333335 0.028089887640449437
0 0.44333333333333336 0.3518258426966292 0.021666666666666667 0.037921348314606744
0 0.38416666666666666 0.26615168539325845 0.013333333333333334 0.032303370786516857
0 0.42083333333333334 0.25702247191011235 0.013333333333333334 0.02247191011235955
0 0.4558333333333333 0.2830056179775281 0.016666666666666666 0.02949438202247191
0 0.44916666666666666 0.25702247191011235 0.013333333333333334 0.025280898876404494
0 0.46291666666666664 0.23525280898876405 0.010833333333333334 0.018258426966292134
0 0.4583333333333333 0.2521067415730337 0.011666666666666667 0.023876404494382022
0 0.4995833333333333 0.3258426966292135 0.0225 0.03651685393258427
0 0.46541666666666665 0.3146067415730337 0.020833333333333332 0.033707865168539325
0 0.5166666666666667 0.28370786516853935 0.021666666666666667 0.03089887640449438
0 0.5 0.2731741573033708 0.015 0.026685393258426966
0 0.5470833333333334 0.25070224719101125 0.014166666666666666 0.032303370786516857
0 0.5675 0.28019662921348315 0.016666666666666666 0.0351123595505618
0 0.5795833333333333 0.2696629213483146 0.014166666666666666 0.033707865168539325
0 0.5554166666666667 0.2226123595505618 0.014166666666666666 0.023876404494382022
0 0.57375 0.21418539325842698 0.015833333333333335 0.02949438202247191
0 0.6075 0.2050561797752809 0.015 0.028089887640449437
0 0.62375 0.21839887640449437 0.014166666666666666 0.026685393258426966
0 0.64 0.22612359550561797 0.018333333333333333 0.028089887640449437
0 0.6391666666666667 0.2556179775280899 0.018333333333333333 0.025280898876404494
0 0.5991666666666666 0.2535112359550562 0.015 0.023876404494382022
0 0.6670833333333334 0.2148876404494382 0.014166666666666666 0.025280898876404494
0 0.69875 0.22120786516853932 0.015833333333333335 0.032303370786516857
0 0.6745833333333333 0.23174157303370788 0.0125 0.028089887640449437
0 0.7041666666666667 0.2577247191011236 0.02 0.037921348314606744
0 0.6683333333333333 0.28370786516853935 0.02 0.033707865168539325
0 0.6329166666666667 0.31179775280898875 0.019166666666666665 0.03651685393258427
0 0.5983333333333334 0.3335674157303371 0.02666666666666667 0.04915730337078652
0 0.5283333333333333 0.37991573033707865 0.028333333333333332 0.046348314606741575
0 0.45916666666666667 0.4234550561797753 0.03333333333333333 0.060393258426966294
0 0.52375 0.43890449438202245 0.035833333333333335 0.054775280898876406
0 0.5870833333333333 0.45014044943820225 0.0325 0.06601123595505617
0 0.5904166666666667 0.38764044943820225 0.025833333333333333 0.05056179775280899
0 0.63875 0.36446629213483145 0.0175 0.04073033707865169
0 0.6591666666666667 0.37429775280898875 0.023333333333333334 0.05196629213483146
0 0.63625 0.4789325842696629 0.030833333333333334 0.0702247191011236
0 0.6979166666666666 0.5456460674157303 0.04083333333333333 0.0800561797752809
0 0.7204166666666667 0.4157303370786517 0.0275 0.05898876404494382
0 0.6891666666666667 0.37008426966292135 0.023333333333333334 0.04073033707865169
0 0.6829166666666666 0.3181179775280899 0.020833333333333332 0.046348314606741575
0 0.7120833333333333 0.2991573033707865 0.019166666666666665 0.03932584269662921
0 0.7333333333333333 0.25 0.015 0.03089887640449438
0 0.7591666666666667 0.23525280898876405 0.015 0.032303370786516857
0 0.7825 0.24367977528089887 0.015 0.037921348314606744
0 0.7695833333333333 0.28230337078651685 0.015833333333333335 0.03651685393258427
0 0.76 0.26474719101123595 0.015 0.023876404494382022
0 0.8091666666666667 0.2478932584269663 0.016666666666666666 0.037921348314606744
0 0.82 0.3012640449438202 0.021666666666666667 0.032303370786516857
0 0.84 0.2577247191011236 0.013333333333333334 0.032303370786516857
0 0.8570833333333333 0.28230337078651685 0.014166666666666666 0.042134831460674156
0 0.86625 0.273876404494382 0.0125 0.03932584269662921
0 0.8795833333333334 0.261938202247191 0.0125 0.02949438202247191
0 0.89625 0.2794943820224719 0.0175 0.042134831460674156
0 0.9325 0.30407303370786515 0.018333333333333333 0.04073033707865169
0 0.9391666666666667 0.2830056179775281 0.016666666666666666 0.02949438202247191
0 0.84875 0.3265449438202247 0.0225 0.037921348314606744
0 0.8770833333333333 0.31741573033707865 0.0175 0.033707865168539325
0 0.9095833333333333 0.33918539325842695 0.0175 0.04353932584269663
0 0.9320833333333334 0.36446629213483145 0.0175 0.04915730337078652
0 0.81125 0.3609550561797753 0.024166666666666666 0.06179775280898876
0 0.8216666666666667 0.33286516853932585 0.018333333333333333 0.028089887640449437
0 0.8625 0.37570224719101125 0.025 0.046348314606741575
0 0.7741666666666667 0.43820224719101125 0.03333333333333333 0.05898876404494382
0 0.8266666666666667 0.5196629213483146 0.03333333333333333 0.07584269662921349
0 0.8491666666666666 0.4683988764044944 0.03333333333333333 0.054775280898876406
0 0.9145833333333333 0.488061797752809 0.0375 0.07443820224719101
0 0.9116666666666666 0.4417134831460674 0.021666666666666667 0.04073033707865169
0 0.4275 0.3146067415730337 0.018333333333333333 0.03932584269662921
0 0.5141666666666667 0.2556179775280899 0.015 0.025280898876404494