0 0.04031620553359684 0.6321070234113713 0.05059288537549407 0.12040133779264214
0 0.20948616600790515 0.2633779264214047 0.015810276679841896 0.04180602006688963
0 0.2790513833992095 0.22742474916387959 0.017391304347826087 0.043478260869565216
0 0.31541501976284586 0.23244147157190637 0.015810276679841896 0.05016722408026756
0 0.32806324110671936 0.1939799331103679 0.018972332015810278 0.046822742474916385
0 0.3375494071146245 0.22324414715719063 0.017391304347826087 0.048494983277591976
0 0.35810276679841896 0.20986622073578595 0.015810276679841896 0.04180602006688963
0 0.37628458498023715 0.26672240802675584 0.023715415019762844 0.05852842809364549
0 0.3632411067193676 0.19147157190635453 0.015019762845849802 0.03177257525083612
0 0.4039525691699605 0.18812709030100336 0.018972332015810278 0.04180602006688963
0 0.41304347826086957 0.22909698996655517 0.016600790513833993 0.03678929765886288
0 0.44308300395256917 0.29431438127090304 0.02292490118577075 0.06020066889632107
0 0.47865612648221345 0.24665551839464883 0.02292490118577075 0.051839464882943144
0 0.43754940711462453 0.19816053511705686 0.016600790513833993 0.038461538461538464
0 0.4324110671936759 0.16220735785953178 0.017391304347826087 0.04013377926421405
0 0.4616600790513834 0.1588628762541806 0.017391304347826087 0.043478260869565216
0 0.4849802371541502 0.1605351170568562 0.016600790513833993 0.043478260869565216
0 0.5019762845849802 0.1454849498327759 0.015810276679841896 0.043478260869565216
0 0.5055335968379446 0.19648829431438128 0.016600790513833993 0.04180602006688963
0 0.5608695652173913 0.21822742474916387 0.021343873517786563 0.048494983277591976
0 0.533201581027668 0.15468227424749165 0.015019762845849802 0.038461538461538464
0 0.5573122529644269 0.15802675585284282 0.014229249011857707 0.04180602006688963
0 0.5616600790513834 0.13210702341137123 0.015019762845849802 0.033444816053511704
0 0.5877470355731226 0.13127090301003344 0.013438735177865613 0.038461538461538464
0 0.5932806324110672 0.16387959866220736 0.016600790513833993 0.04013377926421405
0 0.5841897233201581 0.1939799331103679 0.017391304347826087 0.043478260869565216
0 0.6039525691699604 0.12040133779264214 0.015810276679841896 0.04013377926421405
0 0.6213438735177865 0.15802675585284282 0.015810276679841896 0.038461538461538464
0 0.6407114624505929 0.12290969899665552 0.015019762845849802 0.04180602006688963
0 0.633596837944664 0.1939799331103679 0.016600790513833993 0.046822742474916385
0 0.6652173913043479 0.17474916387959866 0.015019762845849802 0.03511705685618729
0 0.6600790513833992 0.14464882943143811 0.012648221343873518 0.038461538461538464
0 0.6743083003952569 0.12792642140468227 0.012648221343873518 0.038461538461538464
0 0.6944664031620553 0.13210702341137123 0.016600790513833993 0.03678929765886288
0 0.7162055335968379 0.1479933110367893 0.014229249011857707 0.038461538461538464
0 0.6845849802371542 0.1688963210702341 0.018972332015810278 0.046822742474916385
0 0.5604743083003952 0.34364548494983277 0.023715415019762844 0.061872909698996656
0 0.6086956521739131 0.36789297658862874 0.023715415019762844 0.06354515050167224
0 0.6217391304347826 0.2826086956521739 0.02450592885375494 0.06020066889632107
0 0.6644268774703558 0.4088628762541806 0.03241106719367589 0.07525083612040134
0 0.7280632411067194 0.3879598662207358 0.026877470355731226 0.06354515050167224
0 0.8067193675889328 0.45819397993311034 0.03241106719367589 0.08695652173913043
0 0.8636363636363636 0.5117056856187291 0.03557312252964427 0.08361204013377926
0 0.8723320158102766 0.391304347826087 0.02608695652173913 0.07023411371237458
0 0.9569169960474309 0.45819397993311034 0.02292490118577075 0.07692307692307693
0 0.9494071146245059 0.3729096989966555 0.025296442687747035 0.07023411371237458
0 0.9798418972332016 0.36454849498327757 0.01818181818181818 0.05351170568561873
0 0.9715415019762846 0.3277591973244147 0.017391304347826087 0.05016722408026756
0 0.9786561264822135 0.2993311036789298 0.014229249011857707 0.033444816053511704
0 0.9881422924901185 0.2600334448160535 0.018972332015810278 0.04180602006688963
0 0.9509881422924901 0.24414715719063546 0.012648221343873518 0.04013377926421405
0 0.9363636363636364 0.26755852842809363 0.015019762845849802 0.043478260869565216
0 0.9237154150197628 0.3177257525083612 0.021343873517786563 0.046822742474916385
0 0.8660079051383399 0.33695652173913043 0.021343873517786563 0.05518394648829431
0 0.892490118577075 0.2734113712374582 0.018972332015810278 0.048494983277591976
0 0.9011857707509882 0.2508361204013378 0.014229249011857707 0.04013377926421405
0 0.9106719367588932 0.22408026755852842 0.015810276679841896 0.04013377926421405
0 0.8747035573122529 0.22826086956521738 0.016600790513833993 0.04180602006688963
0 0.8201581027667985 0.3001672240802676 0.02450592885375494 0.061872909698996656
0 0.7691699604743083 0.2801003344481605 0.020553359683794466 0.0451505016722408
0 0.7960474308300395 0.25418060200668896 0.020553359683794466 0.056856187290969896
0 0.8268774703557312 0.21989966555183946 0.017391304347826087 0.0451505016722408
0 0.8138339920948616 0.18645484949832775 0.01818181818181818 0.048494983277591976
0 0.78300395256917 0.19899665551839466 0.016600790513833993 0.046822742474916385
0 0.78300395256917 0.16806020066889632 0.015019762845849802 0.04180602006688963
0 0.758498023715415 0.22742474916387959 0.016600790513833993 0.043478260869565216
0 0.7193675889328063 0.20986622073578595 0.018972332015810278 0.04180602006688963
0 0.7379446640316205 0.20735785953177258 0.01818181818181818 0.046822742474916385
0 0.749802371541502 0.20317725752508362 0.016600790513833993 0.051839464882943144
0 0.7185770750988142 0.2725752508361204 0.022134387351778657 0.06020066889632107
0 0.6778656126482213 0.24498327759197325 0.021343873517786563 0.05852842809364549