0 0.11558441558441558 0.5538573508005823 0.03896103896103896 0.08005822416302766
0 0.21948051948051947 0.34497816593886466 0.019913419913419914 0.034934497816593885
0 0.2571428571428571 0.3500727802037846 0.01904761904761905 0.039301310043668124
0 0.2761904761904762 0.3791848617176128 0.02077922077922078 0.04512372634643377
0 0.2787878787878788 0.31149927219796214 0.01904761904761905 0.034934497816593885
0 0.3303030303030303 0.3624454148471616 0.023376623376623377 0.05240174672489083
0 0.3510822510822511 0.33260553129548764 0.019913419913419914 0.036390101892285295
0 0.3489177489177489 0.29839883551673946 0.017316017316017316 0.03202328966521106
0 0.37965367965367963 0.3486171761280932 0.023376623376623377 0.04512372634643377
0 0.412987012987013 0.33406113537117904 0.024242424242424242 0.042212518195050945
0 0.44502164502164504 0.3369723435225619 0.022510822510822513 0.039301310043668124
0 0.4043290043290043 0.29694323144104806 0.01904761904761905 0.03202328966521106
0 0.38961038961038963 0.2627365356622999 0.017316017316017316 0.03056768558951965
0 0.4264069264069264 0.25836972343522563 0.01471861471861472 0.03056768558951965
0 0.44761904761904764 0.26200873362445415 0.017316017316017316 0.034934497816593885
0 0.4696969696969697 0.2685589519650655 0.01645021645021645 0.03056768558951965
0 0.4792207792207792 0.31368267831149926 0.021645021645021644 0.036390101892285295
0 0.5086580086580087 0.3260553129548763 0.021645021645021644 0.040756914119359534
0 0.46190476190476193 0.24672489082969432 0.012987012987012988 0.03056768558951965
0 0.47056277056277057 0.23726346433770015 0.01471861471861472 0.023289665211062592
0 0.5121212121212121 0.264919941775837 0.01818181818181818 0.02911208151382824
0 0.5268398268398269 0.27583697234352256 0.01818181818181818 0.033478893740902474
0 0.5597402597402598 0.28748180494905384 0.023376623376623377 0.04512372634643377
0 0.5385281385281385 0.24818049490538574 0.02077922077922078 0.033478893740902474
0 0.5632034632034632 0.23071324599708878 0.01645021645021645 0.033478893740902474
0 0.5787878787878787 0.22416302765647744 0.012987012987012988 0.026200873362445413
0 0.5844155844155844 0.22780203784570596 0.012121212121212121 0.027656477438136828
0 0.5943722943722943 0.23726346433770015 0.01471861471861472 0.026200873362445413
0 0.59004329004329 0.26710334788937407 0.01818181818181818 0.033478893740902474
0 0.612987012987013 0.25691411935953423 0.017316017316017316 0.033478893740902474
0 0.6099567099567099 0.22270742358078602 0.01645021645021645 0.02911208151382824
0 0.616017316017316 0.2088791848617176 0.012987012987012988 0.03056768558951965
0 0.638961038961039 0.21542940320232898 0.013852813852813853 0.02911208151382824
0 0.651082251082251 0.22416302765647744 0.015584415584415584 0.03202328966521106
0 0.6571428571428571 0.24672489082969432 0.015584415584415584 0.027656477438136828
0 0.6874458874458874 0.2292576419213974 0.015584415584415584 0.03056768558951965
0 0.6857142857142857 0.21033478893740903 0.013852813852813853 0.024745269286754003
0 0.6987012987012987 0.22780203784570596 0.013852813852813853 0.03056768558951965
0 0.6848484848484848 0.2802037845705968 0.01904761904761905 0.036390101892285295
0 0.6484848484848484 0.302037845705968 0.01904761904761905 0.042212518195050945
0 0.6116883116883117 0.3289665211062591 0.02683982683982684 0.05240174672489083
0 0.5441558441558442 0.36026200873362446 0.02683982683982684 0.053857350800582245
0 0.4831168831168831 0.41120815138282385 0.0329004329004329 0.06841339155749636
0 0.5541125541125541 0.40756914119359533 0.03636363636363636 0.055312954876273655
0 0.6147186147186147 0.38427947598253276 0.025974025974025976 0.055312954876273655
0 0.6060606060606061 0.45778748180494905 0.0329004329004329 0.06841339155749636
0 0.6480519480519481 0.47671033478893743 0.03896103896103896 0.07423580786026202
0 0.667965367965368 0.3682678311499272 0.02683982683982684 0.0611353711790393
0 0.7043290043290044 0.36681222707423583 0.023376623376623377 0.05240174672489083
0 0.6978354978354978 0.3195050946142649 0.01904761904761905 0.039301310043668124
0 0.7186147186147186 0.3005822416302766 0.017316017316017316 0.039301310043668124
0 0.7207792207792207 0.2547307132459971 0.01471861471861472 0.02911208151382824
0 0.7497835497835498 0.2540029112081514 0.01904761904761905 0.033478893740902474
0 0.7614718614718615 0.24017467248908297 0.01471861471861472 0.02911208151382824
0 0.7926406926406926 0.26346433770014555 0.01471861471861472 0.026200873362445413
0 0.8012987012987013 0.23799126637554585 0.01645021645021645 0.033478893740902474
0 0.8017316017316017 0.28748180494905384 0.017316017316017316 0.033478893740902474
0 0.8324675324675325 0.24745269286754004 0.01645021645021645 0.03784570596797671
0 0.8298701298701299 0.29767103347889373 0.01818181818181818 0.039301310043668124
0 0.8363636363636363 0.3646288209606987 0.025974025974025976 0.048034934497816595
0 0.8056277056277056 0.43377001455604075 0.02683982683982684 0.0611353711790393
0 0.7363636363636363 0.4090247452692867 0.032034632034632034 0.05822416302765648
0 0.7186147186147186 0.5393013100436681 0.03982683982683983 0.07714701601164484
0 0.8398268398268398 0.517467248908297 0.0329004329004329 0.07423580786026202
0 0.8645021645021645 0.4781659388646288 0.030303030303030304 0.06550218340611354
0 0.8835497835497835 0.4002911208151383 0.025108225108225107 0.05822416302765648
0 0.8965367965367965 0.33915574963609896 0.019913419913419914 0.043668122270742356
0 0.8679653679653679 0.3282387190684134 0.021645021645021644 0.039301310043668124
0 0.8696969696969697 0.27365356622998543 0.01471861471861472 0.03202328966521106
0 0.8645021645021645 0.25691411935953423 0.01471861471861472 0.027656477438136828
0 0.883982683982684 0.2780203784570597 0.013852813852813853 0.03202328966521106
0 0.9047619047619048 0.25836972343522563 0.013852813852813853 0.03056768558951965
0 0.9233766233766234 0.2925764192139738 0.01471861471861472 0.034934497816593885
0 0.9125541125541126 0.32387190684133915 0.015584415584415584 0.039301310043668124
0 0.9406926406926407 0.3304221251819505 0.01645021645021645 0.034934497816593885
0 0.9398268398268398 0.3071324599708879 0.012987012987012988 0.03202328966521106
0 0.9627705627705627 0.309315866084425 0.013852813852813853 0.033478893740902474
0 0.9670995670995671 0.2794759825327511 0.015584415584415584 0.03202328966521106
0 0.9584415584415584 0.3573508005822416 0.01904761904761905 0.04512372634643377
0 0.9493506493506494 0.4708879184861718 0.032034632034632034 0.07423580786026202