0 0.4797230464886251 0.18683274021352314 0.025717111770524232 0.05338078291814947
0 0.5079129574678536 0.2597864768683274 0.03461918892185954 0.06405693950177936
0 0.5356083086053413 0.19750889679715303 0.02274975272007913 0.03558718861209965
0 0.6201780415430267 0.19395017793594305 0.019782393669634024 0.03914590747330961
0 0.6696340257171117 0.2099644128113879 0.017804154302670624 0.03558718861209965
0 0.6552917903066271 0.19128113879003558 0.012858555885262116 0.030249110320284697
0 0.6582591493570722 0.24733096085409254 0.020771513353115726 0.0498220640569395
0 0.695351137487636 0.19572953736654805 0.017804154302670624 0.03558718861209965
0 0.7423343224530168 0.19839857651245552 0.018793273986152326 0.033807829181494664
0 0.7146389713155292 0.2615658362989324 0.024727992087042534 0.0498220640569395
0 0.765084075173096 0.23220640569395018 0.018793273986152326 0.04448398576512456
0 0.814540059347181 0.25 0.018793273986152326 0.04448398576512456
0 0.7329376854599406 0.35231316725978645 0.02373887240356083 0.0711743772241993
0 0.811078140454995 0.3887900355871886 0.02967359050445104 0.07651245551601424
0 0.8867457962413452 0.41192170818505336 0.028684470820969338 0.08362989323843416