0 0.13920454545454544 0.2991666666666667 0.02462121212121212 0.045
0 0.18892045454545456 0.45 0.061553030303030304 0.13
0 0.2840909090909091 0.4825 0.058712121212121215 0.11833333333333333
0 0.4706439393939394 0.5416666666666666 0.06439393939393939 0.13
0 0.4649621212121212 0.41583333333333333 0.05113636363636364 0.095
0 0.22774621212121213 0.20333333333333334 0.016098484848484848 0.04
0 0.3309659090909091 0.1725 0.017992424242424244 0.03166666666666667
0 0.37926136363636365 0.21166666666666667 0.023674242424242424 0.05
0 0.46922348484848486 0.22 0.019886363636363636 0.043333333333333335
0 0.5137310606060606 0.265 0.02556818181818182 0.056666666666666664
0 0.39015151515151514 0.19833333333333333 0.020833333333333332 0.043333333333333335
0 0.5558712121212122 0.1125 0.02462121212121212 0.045
0 0.5757575757575758 0.08 0.011363636363636364 0.03
0 0.609375 0.12583333333333332 0.017992424242424244 0.03833333333333333
0 0.615530303030303 0.09583333333333334 0.015151515151515152 0.03166666666666667
0 0.6321022727272727 0.11916666666666667 0.017992424242424244 0.045
0 0.6600378787878788 0.12833333333333333 0.02462121212121212 0.04666666666666667
0 0.6605113636363636 0.08916666666666667 0.016098484848484848 0.03833333333333333
0 0.6974431818181818 0.13416666666666666 0.021780303030303032 0.04833333333333333
0 0.7315340909090909 0.055 0.016098484848484848 0.03333333333333333