0 0.19945602901178605 0.22016129032258064 0.016319129646418858 0.03387096774193549
0 0.24886672710788757 0.1685483870967742 0.017225747960108794 0.03387096774193549
0 0.43880326382592927 0.2153225806451613 0.01813236627379873 0.043548387096774194
0 0.46192203082502264 0.21370967741935484 0.02085222121486854 0.04032258064516129
0 0.6124206708975521 0.10967741935483871 0.013599274705349048 0.03225806451612903
0 0.6346328195829556 0.14516129032258066 0.01813236627379873 0.03870967741935484
0 0.6491387126019945 0.15 0.016319129646418858 0.03225806451612903
0 0.6686310063463282 0.12338709677419354 0.013599274705349048 0.03064516129032258
0 0.7466001813236628 0.14838709677419354 0.013599274705349048 0.03225806451612903
0 0.7642792384406165 0.1532258064516129 0.01813236627379873 0.03870967741935484
0 0.8218495013599275 0.2629032258064516 0.024478694469628286 0.05161290322580645
0 0.8875793291024479 0.25 0.021758839528558477 0.04838709677419355
0 0.915684496826836 0.2524193548387097 0.01813236627379873 0.0532258064516129
0 0.885312783318223 0.20806451612903226 0.015412511332728921 0.035483870967741936
0 0.8676337262012692 0.1935483870967742 0.014505893019038985 0.04838709677419355
0 0.9342701722574795 0.1975806451612903 0.015412511332728921 0.03387096774193549