0 0.07005141388174807 0.3026607538802661 0.021850899742930592 0.050997782705099776
0 0.3496143958868895 0.22062084257206208 0.015424164524421594 0.03325942350332594
0 0.35732647814910024 0.19290465631929046 0.012853470437017995 0.026607538802660754
0 0.35218508997429304 0.18070953436807094 0.015424164524421594 0.028824833702882482
0 0.4235218508997429 0.20288248337028825 0.016709511568123392 0.037694013303769404
0 0.4569408740359897 0.21618625277161863 0.016709511568123392 0.037694013303769404
0 0.4916452442159383 0.21840354767184036 0.019280205655526992 0.037694013303769404
0 0.493573264781491 0.17405764966740578 0.015424164524421594 0.03325942350332594
0 0.4582262210796915 0.18070953436807094 0.016709511568123392 0.03325942350332594
0 0.42930591259640105 0.1729490022172949 0.017994858611825194 0.026607538802660754
0 0.43766066838046275 0.15077605321507762 0.014138817480719794 0.026607538802660754
0 0.4755784061696658 0.14745011086474502 0.012853470437017995 0.028824833702882482
0 0.48586118251928023 0.15077605321507762 0.012853470437017995 0.022172949002217297
0 0.5115681233933161 0.15188470066518847 0.015424164524421594 0.024390243902439025
0 0.5494858611825193 0.18625277161862527 0.016709511568123392 0.026607538802660754
0 0.5745501285347043 0.1662971175166297 0.015424164524421594 0.026607538802660754
0 0.6060411311053985 0.16518847006651885 0.014138817480719794 0.028824833702882482
0 0.5160668380462725 0.13747228381374724 0.008997429305912597 0.022172949002217297
0 0.5263496143958869 0.13636363636363635 0.011568123393316195 0.028824833702882482
0 0.5089974293059126 0.1197339246119734 0.012853470437017995 0.022172949002217297
0 0.5353470437017995 0.1197339246119734 0.011568123393316195 0.026607538802660754
0 0.5469151670951157 0.15631929046563192 0.014138817480719794 0.024390243902439025
0 0.5469151670951157 0.13414634146341464 0.011568123393316195 0.024390243902439025
0 0.5559125964010283 0.12084257206208426 0.014138817480719794 0.024390243902439025
0 0.5790488431876607 0.14412416851441243 0.011568123393316195 0.026607538802660754
0 0.6073264781491002 0.14301552106430154 0.014138817480719794 0.028824833702882482
0 0.5983290488431876 0.10975609756097561 0.011568123393316195 0.024390243902439025
0 0.6118251928020566 0.12084257206208426 0.015424164524421594 0.028824833702882482
0 0.62146529562982 0.10532150776053215 0.008997429305912597 0.024390243902439025
0 0.6362467866323908 0.1385809312638581 0.012853470437017995 0.028824833702882482
0 0.6548843187660668 0.14634146341463414 0.014138817480719794 0.026607538802660754
0 0.6458868894601543 0.09866962305986696 0.008997429305912597 0.024390243902439025
0 0.6722365038560412 0.10532150776053215 0.010282776349614395 0.024390243902439025
0 0.6960154241645244 0.12527716186252771 0.011568123393316195 0.028824833702882482
0 0.7037275064267352 0.10864745011086474 0.011568123393316195 0.022172949002217297
0 0.7287917737789203 0.1130820399113082 0.012853470437017995 0.022172949002217297
0 0.737146529562982 0.14301552106430154 0.014138817480719794 0.03325942350332594
0 0.7223650385604113 0.1629711751662971 0.015424164524421594 0.03325942350332594
0 0.6645244215938303 0.1385809312638581 0.012853470437017995 0.028824833702882482
0 0.5340616966580977 0.26496674057649666 0.02442159383033419 0.050997782705099776
0 0.5668380462724936 0.30376940133037694 0.02056555269922879 0.05321507760532151
0 0.6176092544987146 0.3082039911308204 0.03470437017994859 0.057649667405764965
0 0.5861182519280206 0.25055432372505543 0.02056555269922879 0.04434589800443459
0 0.6446015424164524 0.20288248337028825 0.019280205655526992 0.04212860310421286
0 0.6786632390745502 0.21507760532150777 0.02056555269922879 0.04434589800443459
0 0.6760925449871465 0.18514412416851442 0.015424164524421594 0.028824833702882482
0 0.7140102827763496 0.20842572062084258 0.016709511568123392 0.03991130820399113
0 0.7686375321336761 0.1541019955654102 0.015424164524421594 0.03325942350332594
0 0.7667095115681234 0.12305986696230599 0.014138817480719794 0.03325942350332594
0 0.7782776349614395 0.12527716186252771 0.011568123393316195 0.024390243902439025
0 0.7994858611825193 0.1352549889135255 0.012853470437017995 0.031042128603104215
0 0.7898457583547558 0.18292682926829268 0.014138817480719794 0.03325942350332594
0 0.8084832904884319 0.2006651884700665 0.015424164524421594 0.050997782705099776
0 0.8136246786632391 0.16518847006651885 0.015424164524421594 0.028824833702882482
0 0.8303341902313625 0.19068736141906872 0.015424164524421594 0.03991130820399113
0 0.8483290488431876 0.17516629711751663 0.012853470437017995 0.031042128603104215
0 0.8611825192802056 0.15631929046563192 0.015424164524421594 0.03325942350332594
0 0.7365038560411311 0.23170731707317074 0.017994858611825194 0.04212860310421286
0 0.6818766066838047 0.2660753880266075 0.021850899742930592 0.03991130820399113
0 0.6349614395886889 0.2638580931263858 0.02313624678663239 0.04434589800443459
0 0.6979434447300771 0.31929046563192903 0.030848329048843187 0.06651884700665188
0 0.7647814910025706 0.3458980044345898 0.028277634961439587 0.057649667405764965
0 0.8091259640102828 0.2738359201773836 0.019280205655526992 0.050997782705099776
0 0.8284061696658098 0.2572062084257206 0.021850899742930592 0.04878048780487805
0 0.8508997429305912 0.3580931263858093 0.028277634961439587 0.06430155210643015
0 0.8669665809768637 0.3048780487804878 0.019280205655526992 0.05543237250554324
0 0.8875321336760925 0.27827050997782704 0.019280205655526992 0.04212860310421286
0 0.8618251928020566 0.22172949002217296 0.016709511568123392 0.031042128603104215
0 0.9325192802056556 0.3647450110864745 0.021850899742930592 0.0598669623059867
0 0.9524421593830334 0.27827050997782704 0.02056555269922879 0.04656319290465632
0 0.9453727506426736 0.2394678492239468 0.014138817480719794 0.03991130820399113
0 0.9607969151670951 0.20842572062084258 0.014138817480719794 0.031042128603104215
0 0.9562982005141388 0.18292682926829268 0.012853470437017995 0.028824833702882482
0 0.9254498714652957 0.17184035476718404 0.012853470437017995 0.024390243902439025
0 0.9145244215938303 0.1973392461197339 0.011568123393316195 0.031042128603104215
0 0.8978149100257069 0.22727272727272727 0.016709511568123392 0.04212860310421286
0 0.8753213367609255 0.19068736141906872 0.012853470437017995 0.03547671840354767
0 0.8901028277634961 0.1629711751662971 0.011568123393316195 0.024390243902439025
0 0.8978149100257069 0.18957871396895787 0.011568123393316195 0.024390243902439025