0 0.1310116086235489 0.5573065902578797 0.04145936981757877 0.08022922636103152
0 0.22927031509121062 0.3495702005730659 0.020729684908789386 0.03724928366762178
0 0.2570480928689884 0.37750716332378226 0.01990049751243781 0.04727793696275072
0 0.28938640132669985 0.3753581661891118 0.01990049751243781 0.04297994269340974
0 0.2860696517412935 0.3230659025787966 0.01658374792703151 0.0329512893982808
0 0.33955223880597013 0.3674785100286533 0.019071310116086235 0.044412607449856735
0 0.3548922056384743 0.33954154727793695 0.014925373134328358 0.03724928366762178
0 0.3536484245439469 0.30873925501432664 0.015754560530679935 0.03581661891117478
0 0.3864013266998342 0.3424068767908309 0.01658374792703151 0.04011461318051576
0 0.41127694859038144 0.33954154727793695 0.01990049751243781 0.04297994269340974
0 0.41044776119402987 0.30802292263610315 0.01824212271973466 0.025787965616045846
0 0.39303482587064675 0.27363896848137537 0.01824212271973466 0.034383954154727794
0 0.4054726368159204 0.28724928366762176 0.01658374792703151 0.03008595988538682
0 0.4299336650082919 0.26504297994269344 0.014096185737976783 0.02865329512893983
0 0.4494195688225539 0.2700573065902579 0.014925373134328358 0.0329512893982808
0 0.46807628524046435 0.24785100286532952 0.014096185737976783 0.02865329512893983
0 0.47429519071310117 0.24212034383954154 0.013266998341625208 0.02865329512893983
0 0.42827529021558874 0.2987106017191977 0.015754560530679935 0.027220630372492838
0 0.46766169154228854 0.32593123209169056 0.02321724709784411 0.03868194842406877
0 0.5058043117744611 0.3345272206303725 0.02321724709784411 0.03868194842406877
0 0.453150912106136 0.35888252148997135 0.019071310116086235 0.03581661891117478
0 0.47056384742951907 0.4369627507163324 0.03067993366500829 0.054441260744985676
0 0.543117744610282 0.3753581661891118 0.028192371475953566 0.04871060171919771
0 0.5103648424543947 0.27292263610315187 0.017412935323383085 0.03008595988538682
0 0.5199004975124378 0.24785100286532952 0.011608623548922056 0.02865329512893983
0 0.5257048092868989 0.2636103151862464 0.01658374792703151 0.03151862464183381
0 0.527363184079602 0.28581661891117477 0.01990049751243781 0.03868194842406877
0 0.5538971807628524 0.29083094555873923 0.01824212271973466 0.03724928366762178
0 0.5601160862354893 0.23209169054441262 0.014096185737976783 0.02865329512893983
0 0.5592868988391376 0.25358166189111747 0.015754560530679935 0.02865329512893983
0 0.5771144278606966 0.2593123209169054 0.01658374792703151 0.034383954154727794
0 0.5725538971807629 0.22922636103151864 0.01077943615257048 0.022922636103151862
0 0.5816749585406302 0.23853868194842406 0.014096185737976783 0.027220630372492838
0 0.6148424543946932 0.2184813753581662 0.015754560530679935 0.027220630372492838
0 0.6351575456053068 0.2177650429799427 0.013266998341625208 0.02865329512893983
0 0.6048922056384743 0.23925501432664756 0.015754560530679935 0.022922636103151862
0 0.6028192371475953 0.25787965616045844 0.013266998341625208 0.02865329512893983
0 0.6442786069651741 0.23209169054441262 0.014925373134328358 0.02865329512893983
0 0.6359867330016584 0.2621776504297994 0.01658374792703151 0.03151862464183381
0 0.6708126036484245 0.22206303724928367 0.013266998341625208 0.02865329512893983
0 0.6811774461028193 0.23638968481375358 0.014096185737976783 0.02865329512893983
0 0.6878109452736318 0.22636103151862463 0.012437810945273632 0.02865329512893983
0 0.6762023217247097 0.2822349570200573 0.017412935323383085 0.03151862464183381
0 0.6405472636815921 0.3116045845272206 0.019071310116086235 0.03581661891117478
0 0.6069651741293532 0.3359598853868195 0.02321724709784411 0.044412607449856735
0 0.6264510779436152 0.37822349570200575 0.022388059701492536 0.045845272206303724
0 0.6608623548922057 0.38108882521489973 0.026533996683250415 0.06017191977077364
0 0.6517412935323383 0.3517191977077364 0.01824212271973466 0.03868194842406877
0 0.6865671641791045 0.32449856733524357 0.01824212271973466 0.044412607449856735
0 0.697346600331675 0.3825214899713467 0.02155887230514096 0.054441260744985676
0 0.7259535655058044 0.413323782234957 0.02902155887230514 0.055873925501432664
0 0.5899668325041459 0.45916905444126077 0.03399668325041459 0.07593123209169055
0 0.6376451077943616 0.47349570200573066 0.03648424543946932 0.07306590257879657
0 0.5381426202321725 0.4362464183381089 0.03482587064676617 0.05300859598853868
0 0.7122719734660033 0.25859598853868193 0.014925373134328358 0.0329512893982808
0 0.7412935323383084 0.24641833810888253 0.011608623548922056 0.02865329512893983
0 0.7533167495854063 0.24068767908309455 0.012437810945273632 0.034383954154727794
0 0.7437810945273632 0.26504297994269344 0.013266998341625208 0.034383954154727794
0 0.7699004975124378 0.2621776504297994 0.01077943615257048 0.022922636103151862
0 0.7744610281923715 0.27292263610315187 0.013266998341625208 0.024355300859598854
0 0.7827529021558872 0.28868194842406875 0.01658374792703151 0.04154727793696275
0 0.7085406301824212 0.30587392550143266 0.020729684908789386 0.03868194842406877
0 0.7914593698175788 0.24785100286532952 0.012437810945273632 0.02865329512893983
0 0.8155058043117744 0.2507163323782235 0.015754560530679935 0.02865329512893983
0 0.8237976782752903 0.30802292263610315 0.014096185737976783 0.034383954154727794
0 0.8490878938640133 0.2636103151862464 0.014925373134328358 0.025787965616045846
0 0.8606965174129353 0.2822349570200573 0.014925373134328358 0.04011461318051576
0 0.8752072968490879 0.2679083094555874 0.014096185737976783 0.034383954154727794
0 0.898424543946932 0.2800859598853868 0.014096185737976783 0.03008595988538682
0 0.9461028192371476 0.28868194842406875 0.011608623548922056 0.027220630372492838
0 0.9456882255389718 0.3108882521489971 0.012437810945273632 0.025787965616045846
0 0.9262023217247097 0.335243553008596 0.014925373134328358 0.045845272206303724
0 0.9485903814262023 0.3674785100286533 0.01990049751243781 0.05300859598853868
0 0.900497512437811 0.32879656160458454 0.014925373134328358 0.03868194842406877
0 0.8598673300165838 0.333810888252149 0.01990049751243781 0.04011461318051576
0 0.8805970149253731 0.3445558739255014 0.01658374792703151 0.05300859598853868
0 0.865257048092869 0.3975644699140401 0.02570480928689884 0.06446991404011461
0 0.8296019900497512 0.3495702005730659 0.019071310116086235 0.05730659025787966
0 0.8188225538971807 0.3667621776504298 0.019071310116086235 0.05157593123209169
0 0.9208126036484245 0.47277936962750716 0.03067993366500829 0.07736389684813753
0 0.8490878938640133 0.47421203438395415 0.028192371475953566 0.06303724928366762
0 0.8329187396351575 0.5071633237822349 0.03233830845771144 0.07163323782234957
0 0.785240464344942 0.4369627507163324 0.026533996683250415 0.06303724928366762
0 0.7039800995024875 0.5530085959885387 0.03814262023217247 0.07736389684813753