0 0.13389288569144683 0.5415472779369628 0.042366107114308556 0.08595988538681948
0 0.793365307753797 0.5408309455587392 0.032773780975219824 0.08166189111747851
0 0.6938449240607514 0.498567335243553 0.03836930455635491 0.08022922636103152
0 0.6239008792965628 0.4899713467048711 0.03117505995203837 0.07449856733524356
0 0.5667466027178257 0.4484240687679083 0.0319744204636291 0.06876790830945559
0 0.49760191846522783 0.48495702005730656 0.03117505995203837 0.055873925501432664
0 0.47162270183852917 0.38968481375358166 0.02877697841726619 0.05730659025787966
0 0.32334132693844925 0.3746418338108882 0.023181454836131096 0.04727793696275072
0 0.2837729816147082 0.3646131805157593 0.020783373301358914 0.04727793696275072
0 0.2565947242206235 0.3459885386819484 0.019184652278177457 0.04727793696275072
0 0.21422861710631494 0.3653295128939828 0.017585931254996003 0.03724928366762178
0 0.29136690647482016 0.3044412607449857 0.016786570743405275 0.03868194842406877
0 0.34772182254196643 0.3044412607449857 0.017585931254996003 0.0329512893982808
0 0.3457234212629896 0.3431232091690544 0.01838529176658673 0.04154727793696275
0 0.4028776978417266 0.34025787965616044 0.02238209432454037 0.04154727793696275
0 0.4008792965627498 0.3008595988538682 0.016786570743405275 0.034383954154727794
0 0.3828936850519584 0.27650429799426934 0.01598721023181455 0.03151862464183381
0 0.40047961630695444 0.27507163323782235 0.014388489208633094 0.03151862464183381
0 0.4284572342126299 0.27578796561604585 0.01598721023181455 0.0329512893982808
0 0.420863309352518 0.252865329512894 0.013589128697042365 0.03581661891117478
0 0.4284572342126299 0.3151862464183381 0.017585931254996003 0.03724928366762178
0 0.45443645083932854 0.33882521489971346 0.019984012789768184 0.04154727793696275
0 0.4524380495603517 0.27292263610315187 0.014388489208633094 0.03008595988538682
0 0.482414068745004 0.27722063037249284 0.015187849720223821 0.0329512893982808
0 0.5179856115107914 0.27292263610315187 0.014388489208633094 0.03581661891117478
0 0.5207833733013589 0.36103151862464183 0.02478017585931255 0.045845272206303724
0 0.5843325339728217 0.37320916905444124 0.019184652278177457 0.05873925501432665
0 0.44524380495603516 0.2507163323782235 0.014388489208633094 0.02865329512893983
0 0.54396482813749 0.2851002865329513 0.013589128697042365 0.034383954154727794
0 0.5103916866506795 0.25573065902578795 0.008792965627498001 0.024355300859598854
0 0.5103916866506795 0.24068767908309455 0.013589128697042365 0.02865329512893983
0 0.5259792166266987 0.252865329512894 0.011191047162270184 0.0329512893982808
0 0.4612310151878497 0.24212034383954154 0.012789768185451638 0.025787965616045846
0 0.542765787370104 0.22851002865329512 0.012789768185451638 0.024355300859598854
0 0.5587529976019184 0.22492836676217765 0.011191047162270184 0.022922636103151862
0 0.5551558752997602 0.27507163323782235 0.013589128697042365 0.03151862464183381
0 0.5631494804156675 0.24641833810888253 0.011990407673860911 0.03151862464183381
0 0.583533173461231 0.251432664756447 0.012789768185451638 0.0329512893982808
0 0.5883293365307753 0.2134670487106017 0.011191047162270184 0.02865329512893983
0 0.6119104716227018 0.2177650429799427 0.011990407673860911 0.025787965616045846
0 0.5855315747402078 0.2349570200573066 0.013589128697042365 0.022922636103151862
0 0.6250999200639489 0.25429799426934097 0.012789768185451638 0.03008595988538682
0 0.6366906474820144 0.22063037249283668 0.010391686650679457 0.025787965616045846
0 0.6434852118305355 0.2349570200573066 0.012789768185451638 0.034383954154727794
0 0.5871302957633893 0.3237822349570201 0.02158273381294964 0.04871060171919771
0 0.617505995203837 0.3108882521489971 0.01838529176658673 0.034383954154727794
0 0.6334932054356515 0.3452722063037249 0.019984012789768184 0.04297994269340974
0 0.627498001598721 0.3997134670487106 0.023980815347721823 0.04871060171919771
0 0.6798561151079137 0.35673352435530087 0.019984012789768184 0.04297994269340974
0 0.7274180655475619 0.40902578796561606 0.025579536370903277 0.055873925501432664
0 0.7589928057553957 0.4477077363896848 0.026378896882494004 0.06446991404011461
0 0.6658673061550759 0.31876790830945556 0.019184652278177457 0.03868194842406877
0 0.6546762589928058 0.2851002865329513 0.014388489208633094 0.03724928366762178
0 0.6630695443645084 0.22994269340974213 0.015187849720223821 0.03008595988538682
0 0.6918465227817746 0.2492836676217765 0.013589128697042365 0.034383954154727794
0 0.6898481215027977 0.3022922636103152 0.017585931254996003 0.04011461318051576
0 0.7214228617106315 0.25573065902578795 0.013589128697042365 0.03581661891117478
0 0.7282174260591526 0.24283667621776503 0.012789768185451638 0.0329512893982808
0 0.7486011191047163 0.2686246418338109 0.011990407673860911 0.03008595988538682
0 0.762589928057554 0.26575931232091693 0.012789768185451638 0.03581661891117478
0 0.7641886490807354 0.24570200573065903 0.012789768185451638 0.03008595988538682
0 0.7378097521982414 0.3123209169054441 0.01598721023181455 0.04011461318051576
0 0.7937649880095923 0.24785100286532952 0.012789768185451638 0.02865329512893983
0 0.8229416466826539 0.26432664756446994 0.013589128697042365 0.03008595988538682
0 0.8369304556354916 0.2700573065902579 0.012789768185451638 0.03581661891117478
0 0.8513189448441247 0.2607449856733524 0.012789768185451638 0.034383954154727794
0 0.8764988009592326 0.2815186246418338 0.013589128697042365 0.0329512893982808
0 0.9116706634692247 0.2686246418338109 0.011990407673860911 0.03581661891117478
0 0.7957633892885692 0.2793696275071633 0.011990407673860911 0.02865329512893983
0 0.7997601918465228 0.30802292263610315 0.015187849720223821 0.03724928366762178
0 0.8265387689848122 0.3159025787965616 0.012789768185451638 0.03581661891117478
0 0.8709032773780975 0.32808022922636104 0.015187849720223821 0.04011461318051576
0 0.9136690647482014 0.3108882521489971 0.014388489208633094 0.03151862464183381
0 0.8976818545163869 0.3173352435530086 0.014388489208633094 0.04154727793696275
0 0.9084732214228617 0.3531518624641834 0.015187849720223821 0.050143266475644696
0 0.8968824940047961 0.41189111747851004 0.020783373301358914 0.06160458452722063
0 0.85171862509992 0.36962750716332377 0.01838529176658673 0.04871060171919771
0 0.8081534772182254 0.3467048710601719 0.019184652278177457 0.04871060171919771
0 0.7945643485211831 0.3560171919770774 0.020783373301358914 0.04727793696275072
0 0.8349320543565147 0.40186246418338106 0.023181454836131096 0.044412607449856735
0 0.903277378097522 0.4820916905444126 0.02717825739408473 0.07020057306590258
0 0.8237410071942446 0.4520057306590258 0.027977617905675458 0.05873925501432665