0 0.25778388278388276 0.40212071778140296 0.05036630036630037 0.10929853181076672
0 0.28983516483516486 0.21044045676998369 0.024725274725274724 0.04241435562805873
0 0.336996336996337 0.21615008156606852 0.023809523809523808 0.04730831973898858
0 0.37957875457875456 0.19412724306688417 0.0173992673992674 0.03262642740619902
0 0.4088827838827839 0.2128874388254486 0.022893772893772892 0.04730831973898858
0 0.46474358974358976 0.15252854812398042 0.024725274725274724 0.04404567699836868
0 0.5563186813186813 0.16476345840130505 0.024725274725274724 0.05872756933115824
0 0.5778388278388278 0.07585644371941272 0.014652014652014652 0.03099510603588907
0 0.6433150183150184 0.11582381729200653 0.013736263736263736 0.02936378466557912
0 0.6456043956043956 0.14845024469820556 0.018315018315018316 0.022838499184339316
0 0.7527472527472527 0.14110929853181076 0.014652014652014652 0.02773246329526917
0 0.7706043956043956 0.14355628058727568 0.0173992673992674 0.03262642740619902
0 0.8676739926739927 0.19086460032626426 0.013736263736263736 0.03588907014681892
0 0.9358974358974359 0.1867862969004894 0.014652014652014652 0.03425774877650897
0 0.8905677655677655 0.25774877650897227 0.0173992673992674 0.04241435562805873
0 0.9171245421245421 0.25040783034257746 0.019230769230769232 0.04730831973898858
0 0.8232600732600732 0.25203915171288743 0.023809523809523808 0.053833605220228384