0 0.13466915191053122 0.2855960264900662 0.0195712954333644 0.0380794701986755
0 0.36905871388630007 0.22682119205298013 0.0260950605778192 0.059602649006622516
0 0.4082013047530289 0.19536423841059603 0.02050326188257223 0.039735099337748346
0 0.43243243243243246 0.2533112582781457 0.024231127679403542 0.04966887417218543
0 0.3993476234855545 0.3360927152317881 0.034482758620689655 0.056291390728476824
0 0.4911463187325256 0.28394039735099336 0.027958993476234855 0.054635761589403975
0 0.4547996272134203 0.22185430463576158 0.024231127679403542 0.046357615894039736
0 0.47809878844361603 0.18460264900662252 0.02050326188257223 0.0380794701986755
0 0.48881640260950604 0.15066225165562913 0.013979496738117428 0.03642384105960265
0 0.49860205032618826 0.18460264900662252 0.02050326188257223 0.041390728476821195
0 0.6290773532152842 0.24172185430463577 0.024231127679403542 0.052980132450331126
0 0.5708294501397949 0.13327814569536423 0.017707362534948742 0.03145695364238411
0 0.6938490214352283 0.18874172185430463 0.0195712954333644 0.04966887417218543