0 0.1636904761904762 0.3862815884476534 0.051587301587301584 0.11191335740072202
0 0.37797619047619047 0.44675090252707583 0.06746031746031746 0.13176895306859207
0 0.36160714285714285 0.23104693140794225 0.0248015873015873 0.05415162454873646
0 0.408234126984127 0.19043321299638988 0.020833333333333332 0.04151624548736462
0 0.42757936507936506 0.1976534296028881 0.01984126984126984 0.04512635379061372
0 0.45188492063492064 0.1976534296028881 0.020833333333333332 0.052346570397111915
0 0.4697420634920635 0.22111913357400723 0.020833333333333332 0.048736462093862815
0 0.44345238095238093 0.2490974729241877 0.023809523809523808 0.04693140794223827
0 0.44841269841269843 0.08483754512635379 0.015873015873015872 0.039711191335740074
0 0.5902777777777778 0.1976534296028881 0.021825396825396824 0.048736462093862815
0 0.6408730158730159 0.21750902527075813 0.023809523809523808 0.052346570397111915
0 0.595734126984127 0.09386281588447654 0.01488095238095238 0.02888086642599278
0 0.6403769841269841 0.09296028880866426 0.012896825396825396 0.02707581227436823
0 0.6671626984126984 0.10198555956678701 0.01488095238095238 0.023465703971119134