0 0.21142857142857144 0.45463709677419356 0.05028571428571429 0.09879032258064516
0 0.24571428571428572 0.42943548387096775 0.045714285714285714 0.08870967741935484
0 0.308 0.27923387096774194 0.021714285714285714 0.04233870967741935
0 0.35942857142857143 0.2590725806451613 0.019428571428571427 0.038306451612903226
0 0.4297142857142857 0.2661290322580645 0.025142857142857144 0.05241935483870968
0 0.4154285714285714 0.22278225806451613 0.019428571428571427 0.038306451612903226
0 0.43942857142857145 0.21875 0.017142857142857144 0.038306451612903226
0 0.4417142857142857 0.17842741935483872 0.017142857142857144 0.038306451612903226
0 0.46514285714285714 0.18649193548387097 0.02057142857142857 0.046370967741935484
0 0.4417142857142857 0.14112903225806453 0.014857142857142857 0.03225806451612903
0 0.4634285714285714 0.14818548387096775 0.014857142857142857 0.03024193548387097
0 0.52 0.1350806451612903 0.016 0.036290322580645164
0 0.548 0.14516129032258066 0.017142857142857144 0.036290322580645164
0 0.5697142857142857 0.15221774193548387 0.017142857142857144 0.034274193548387094
0 0.5274285714285715 0.1975806451612903 0.019428571428571427 0.04435483870967742
0 0.47085714285714286 0.3215725806451613 0.025142857142857144 0.05443548387096774
0 0.644 0.2550403225806452 0.02857142857142857 0.05846774193548387
0 0.7177142857142857 0.27419354838709675 0.029714285714285714 0.06048387096774194
0 0.7702857142857142 0.27923387096774194 0.032 0.05846774193548387
0 0.6742857142857143 0.1461693548387097 0.02057142857142857 0.038306451612903226
0 0.7034285714285714 0.14516129032258066 0.017142857142857144 0.03225806451612903
0 0.7245714285714285 0.15423387096774194 0.018285714285714287 0.04233870967741935
0 0.7377142857142858 0.1381048387096774 0.021714285714285714 0.04233870967741935
0 0.7565714285714286 0.15826612903225806 0.016 0.038306451612903226
0 0.7891428571428571 0.18044354838709678 0.019428571428571427 0.046370967741935484
0 0.7994285714285714 0.11895161290322581 0.014857142857142857 0.028225806451612902
0 0.8702857142857143 0.21068548387096775 0.024 0.05040322580645161