0 0.053794428434197884 0.35502471169686983 0.013448607108549471 0.03130148270181219
0 0.1926032660902978 0.24629324546952225 0.01633045148895293 0.03130148270181219
0 0.3150816522574448 0.2471169686985173 0.023054755043227664 0.04612850082372323
0 0.5561959654178674 0.13591433278418452 0.011527377521613832 0.02471169686985173
0 0.5658021133525456 0.13756177924217464 0.01536983669548511 0.03130148270181219
0 0.49951969260326606 0.3130148270181219 0.026897214217098942 0.04612850082372323
0 0.5523535062439962 0.3393739703459638 0.02881844380403458 0.05271828665568369
0 0.6239193083573487 0.27100494233937394 0.022094140249759846 0.044481054365733116
0 0.7843419788664745 0.3212520593080725 0.029779058597502402 0.04612850082372323
0 0.9293948126801153 0.1515650741350906 0.012487992315081652 0.023064250411861616
0 0.9558117195004803 0.15733113673805602 0.011527377521613832 0.02800658978583196