0 0.10145586897179254 0.4080645161290323 0.039126478616924476 0.07741935483870968
0 0.29390354868061874 0.23790322580645162 0.012738853503184714 0.03064516129032258
0 0.3002729754322111 0.2129032258064516 0.01637852593266606 0.02903225806451613
0 0.33848953594176523 0.21774193548387097 0.014558689717925387 0.02903225806451613
0 0.35168334849863514 0.19435483870967743 0.01364877161055505 0.03064516129032258
0 0.353958143767061 0.17419354838709677 0.01091901728844404 0.01935483870967742
0 0.35577797998180166 0.22338709677419355 0.01637852593266606 0.03387096774193549
0 0.37170154686078255 0.2120967741935484 0.015468607825295723 0.03387096774193549
0 0.3794358507734304 0.23225806451612904 0.014558689717925387 0.035483870967741936
0 0.37898089171974525 0.17580645161290323 0.015468607825295723 0.025806451612903226
0 0.4021838034576888 0.2120967741935484 0.01637852593266606 0.03387096774193549
0 0.4121929026387625 0.23870967741935484 0.020018198362147407 0.03870967741935484
0 0.4463148316651501 0.24435483870967742 0.01910828025477707 0.043548387096774194
0 0.44767970882620567 0.20241935483870968 0.014558689717925387 0.03387096774193549
0 0.4658780709736124 0.2056451612903226 0.01637852593266606 0.037096774193548385
0 0.4222020018198362 0.19032258064516128 0.01091901728844404 0.02258064516129032
0 0.41856232939035487 0.1685483870967742 0.012738853503184714 0.024193548387096774
0 0.4294813466787989 0.1588709677419355 0.009099181073703366 0.017741935483870968
0 0.44449499545040944 0.1588709677419355 0.01364877161055505 0.027419354838709678
0 0.48453139217470426 0.13709677419354838 0.010009099181073703 0.01935483870967742
0 0.4854413102820746 0.14838709677419354 0.01364877161055505 0.025806451612903226
0 0.4981801637852593 0.1814516129032258 0.01364877161055505 0.03387096774193549
0 0.5018198362147407 0.12983870967741937 0.010009099181073703 0.017741935483870968
0 0.5154686078252957 0.15403225806451612 0.01364877161055505 0.03064516129032258
0 0.5259326660600546 0.17903225806451614 0.01637852593266606 0.03225806451612903
0 0.5204731574158326 0.13709677419354838 0.009099181073703366 0.016129032258064516
0 0.5400363967242948 0.16129032258064516 0.01364877161055505 0.025806451612903226
0 0.5523202911737943 0.1346774193548387 0.012738853503184714 0.03064516129032258
0 0.5696087352138307 0.1629032258064516 0.012738853503184714 0.02903225806451613
0 0.5632393084622384 0.18548387096774194 0.01637852593266606 0.035483870967741936
0 0.5805277525022748 0.13951612903225807 0.012738853503184714 0.024193548387096774
0 0.5941765241128298 0.12661290322580646 0.009099181073703366 0.014516129032258065
0 0.5996360327570519 0.12096774193548387 0.009099181073703366 0.012903225806451613
0 0.6396724294813467 0.1032258064516129 0.01091901728844404 0.016129032258064516
0 0.6392174704276615 0.11935483870967742 0.011828935395814377 0.02258064516129032
0 0.651501364877161 0.11854838709677419 0.012738853503184714 0.024193548387096774
0 0.6255686988171064 0.13790322580645162 0.011828935395814377 0.027419354838709678
0 0.60828025477707 0.16532258064516128 0.015468607825295723 0.03064516129032258
0 0.5991810737033667 0.15645161290322582 0.011828935395814377 0.02903225806451613
0 0.6446769790718835 0.16129032258064516 0.01364877161055505 0.02903225806451613
0 0.6546860782529572 0.15080645161290324 0.01364877161055505 0.027419354838709678
0 0.6801637852593266 0.12903225806451613 0.01364877161055505 0.025806451612903226
0 0.6878980891719745 0.11612903225806452 0.01091901728844404 0.02258064516129032
0 0.7097361237488626 0.11774193548387096 0.01091901728844404 0.025806451612903226
0 0.5987261146496815 0.22983870967741934 0.02183803457688808 0.04032258064516129
0 0.6414922656960873 0.2508064516129032 0.023657870791628753 0.043548387096774194
0 0.6528662420382165 0.23629032258064517 0.01910828025477707 0.043548387096774194
0 0.6615104640582348 0.18306451612903227 0.014558689717925387 0.03064516129032258
0 0.6919927206551411 0.25806451612903225 0.01910828025477707 0.041935483870967745
0 0.6997270245677889 0.31451612903225806 0.030937215650591446 0.05806451612903226
0 0.7133757961783439 0.18870967741935485 0.01637852593266606 0.03225806451612903
0 0.7306642402183804 0.17096774193548386 0.01637852593266606 0.02903225806451613
0 0.7347588717015469 0.14758064516129032 0.01364877161055505 0.024193548387096774
0 0.762056414922657 0.13629032258064516 0.011828935395814377 0.03064516129032258
0 0.7816196542311192 0.13306451612903225 0.01091901728844404 0.024193548387096774
0 0.7866242038216561 0.14919354838709678 0.011828935395814377 0.027419354838709678
0 0.794813466787989 0.1717741935483871 0.011828935395814377 0.027419354838709678
0 0.8075523202911737 0.14274193548387096 0.010009099181073703 0.027419354838709678
0 0.8202911737943585 0.14596774193548387 0.010009099181073703 0.024193548387096774
0 0.7616014558689718 0.20161290322580644 0.01637852593266606 0.03870967741935484
0 0.740673339399454 0.2435483870967742 0.018198362147406732 0.04516129032258064
0 0.7720655141037307 0.2467741935483871 0.01910828025477707 0.03870967741935484
0 0.8043676069153776 0.2064516129032258 0.01637852593266606 0.035483870967741936
0 0.7957233848953594 0.2838709677419355 0.022747952684258416 0.04516129032258064
0 0.7638762511373977 0.34596774193548385 0.026387625113739762 0.056451612903225805
0 0.8303002729754322 0.2508064516129032 0.01910828025477707 0.0467741935483871
0 0.8407643312101911 0.22096774193548388 0.018198362147406732 0.041935483870967745
0 0.8325750682438581 0.1774193548387097 0.012738853503184714 0.02903225806451613
0 0.8393994540491356 0.16370967741935483 0.01364877161055505 0.027419354838709678
0 0.8553230209281165 0.15403225806451612 0.01091901728844404 0.027419354838709678
0 0.8685168334849863 0.18548387096774194 0.01364877161055505 0.035483870967741936
0 0.8739763421292084 0.16532258064516128 0.011828935395814377 0.024193548387096774
0 0.908098271155596 0.1532258064516129 0.01091901728844404 0.02258064516129032
0 0.9090081892629663 0.1693548387096774 0.009099181073703366 0.02258064516129032
0 0.9044585987261147 0.18870967741935485 0.01091901728844404 0.03225806451612903
0 0.8926296633303002 0.21370967741935484 0.01091901728844404 0.020967741935483872
0 0.8958143767060964 0.23306451612903226 0.015468607825295723 0.037096774193548385
0 0.9399454049135578 0.19193548387096773 0.01091901728844404 0.02258064516129032
0 0.9385805277525022 0.2032258064516129 0.01364877161055505 0.01935483870967742
0 0.9372156505914467 0.22016129032258064 0.014558689717925387 0.027419354838709678
0 0.9390354868061874 0.25564516129032255 0.01637852593266606 0.04032258064516129
0 0.9117379435850773 0.3620967741935484 0.020018198362147407 0.0532258064516129