0 0.11816578483245149 0.5788667687595712 0.047619047619047616 0.08575803981623277
0 0.21119929453262787 0.35068912710566613 0.018518518518518517 0.039816232771822356
0 0.23985890652557318 0.3836140888208269 0.021164021164021163 0.05053598774885146
0 0.2689594356261023 0.39280245022970905 0.024691358024691357 0.04747320061255743
0 0.27380952380952384 0.31852986217457885 0.02204585537918871 0.039816232771822356
0 0.3236331569664903 0.3774885145482389 0.024691358024691357 0.05359877488514548
0 0.349647266313933 0.33537519142419603 0.01675485008818342 0.039816232771822356
0 0.3439153439153439 0.30474732006125577 0.021164021164021163 0.033690658499234305
0 0.37918871252204583 0.34686064318529863 0.02292768959435626 0.04134762633996937
0 0.404320987654321 0.34150076569678406 0.020282186948853614 0.04900459418070444
0 0.4025573192239859 0.3101071975497703 0.02204585537918871 0.03522205206738132
0 0.3990299823633157 0.2833078101071976 0.013227513227513227 0.021439509954058193
0 0.38580246913580246 0.26952526799387444 0.013227513227513227 0.030627871362940276
0 0.43077601410934746 0.25191424196018375 0.013227513227513227 0.03522205206738132
0 0.44576719576719576 0.26263399693721284 0.013227513227513227 0.03522205206738132
0 0.4638447971781305 0.276416539050536 0.01763668430335097 0.03522205206738132
0 0.4669312169312169 0.2434915773353752 0.01146384479717813 0.02450229709035222
0 0.4731040564373898 0.23124042879019907 0.014991181657848324 0.027565084226646247
0 0.44576719576719576 0.35068912710566613 0.020282186948853614 0.045941807044410414
0 0.43253968253968256 0.3169984686064318 0.020282186948853614 0.045941807044410414
0 0.46649029982363316 0.32695252679938747 0.021164021164021163 0.04747320061255743
0 0.4973544973544973 0.32848392036753443 0.024691358024691357 0.04134762633996937
0 0.5066137566137566 0.27182235834609497 0.01675485008818342 0.03522205206738132
0 0.5224867724867724 0.28101071975497705 0.020282186948853614 0.04134762633996937
0 0.5220458553791887 0.24578866768759572 0.01763668430335097 0.03522205206738132
0 0.5440917107583775 0.2572741194486983 0.019400352733686066 0.039816232771822356
0 0.560405643738977 0.2833078101071976 0.02204585537918871 0.045941807044410414
0 0.5855379188712522 0.25957120980091886 0.019400352733686066 0.03828483920367534
0 0.5714285714285714 0.21822358346094947 0.012345679012345678 0.026033690658499236
0 0.5842151675485009 0.20520673813169985 0.01675485008818342 0.030627871362940276
0 0.6146384479717814 0.25344563552833077 0.01763668430335097 0.03215926493108729
0 0.6216931216931217 0.20673813169984687 0.01763668430335097 0.030627871362940276
0 0.6419753086419753 0.20673813169984687 0.015873015873015872 0.033690658499234305
0 0.6529982363315696 0.22434915773353753 0.014991181657848324 0.02909647779479326
0 0.6499118165784833 0.2557427258805513 0.019400352733686066 0.036753445635528334
0 0.6803350970017636 0.20903522205206737 0.01675485008818342 0.03522205206738132
0 0.6922398589065256 0.2327718223583461 0.015873015873015872 0.033690658499234305
0 0.6988536155202821 0.21822358346094947 0.01675485008818342 0.03828483920367534
0 0.6851851851851852 0.28177641653905056 0.021164021164021163 0.039816232771822356
0 0.7235449735449735 0.26263399693721284 0.020282186948853614 0.03828483920367534
0 0.7319223985890653 0.30704441041347624 0.019400352733686066 0.04134762633996937
0 0.6975308641975309 0.33078101071975496 0.02292768959435626 0.042879019908116385
0 0.6472663139329806 0.31546707503828486 0.02292768959435626 0.039816232771822356
0 0.6102292768959435 0.33537519142419603 0.029982363315696647 0.045941807044410414
0 0.541005291005291 0.3782542113323124 0.0291005291005291 0.055130168453292494
0 0.4731040564373898 0.43108728943338437 0.03791887125220458 0.05666156202143951
0 0.5317460317460317 0.44716692189892804 0.037037037037037035 0.07656967840735068
0 0.599647266313933 0.4655436447166922 0.03527336860670194 0.07656967840735068
0 0.6450617283950617 0.48621745788667686 0.03439153439153439 0.07503828483920368
0 0.6723985890652557 0.38591117917304746 0.030864197530864196 0.06125574272588055
0 0.6613756613756614 0.35068912710566613 0.021164021164021163 0.039816232771822356
0 0.6252204585537919 0.39127105666156203 0.029982363315696647 0.05359877488514548
0 0.7222222222222222 0.5696784073506891 0.04056437389770723 0.07656967840735068
0 0.7094356261022927 0.38131699846860645 0.027336860670194002 0.055130168453292494
0 0.7402998236331569 0.4234303215926493 0.030864197530864196 0.06278713629402756
0 0.7958553791887125 0.44027565084226644 0.03262786596119929 0.06278713629402756
0 0.8527336860670194 0.5413476263399694 0.04056437389770723 0.08422664624808576
0 0.8818342151675485 0.4885145482388974 0.03350970017636684 0.07656967840735068
0 0.9497354497354498 0.4892802450229709 0.03527336860670194 0.0781010719754977
0 0.8875661375661376 0.40505359877488517 0.027336860670194002 0.05972434915773354
0 0.8390652557319224 0.37136294027565087 0.023809523809523808 0.05053598774885146
0 0.8527336860670194 0.35145482388973964 0.019400352733686066 0.03828483920367534
0 0.8284832451499118 0.31316998468606433 0.018518518518518517 0.03828483920367534
0 0.8011463844797179 0.28407350689127103 0.018518518518518517 0.03828483920367534
0 0.7874779541446209 0.2725880551301684 0.01763668430335097 0.039816232771822356
0 0.7689594356261023 0.27182235834609497 0.021164021164021163 0.0444104134762634
0 0.7579365079365079 0.2434915773353752 0.020282186948853614 0.033690658499234305
0 0.8068783068783069 0.24272588055130168 0.015873015873015872 0.04134762633996937
0 0.8373015873015873 0.2450229709035222 0.01675485008818342 0.027565084226646247
0 0.8487654320987654 0.26952526799387444 0.01675485008818342 0.036753445635528334
0 0.8716931216931217 0.25957120980091886 0.01146384479717813 0.02909647779479326
0 0.8835978835978836 0.2771822358346095 0.015873015873015872 0.036753445635528334
0 0.9021164021164021 0.26339969372128635 0.015873015873015872 0.036753445635528334
0 0.8787477954144621 0.3330781010719755 0.020282186948853614 0.05053598774885146
0 0.904320987654321 0.34686064318529863 0.02204585537918871 0.04747320061255743
0 0.9290123456790124 0.33001531393568145 0.02204585537918871 0.03828483920367534
0 0.9307760141093474 0.29709035222052066 0.018518518518518517 0.039816232771822356
0 0.9488536155202821 0.3330781010719755 0.021164021164021163 0.05053598774885146
0 0.9554673721340388 0.31546707503828486 0.014991181657848324 0.033690658499234305
0 0.9739858906525574 0.2894333843797856 0.01146384479717813 0.02450229709035222
0 0.9779541446208113 0.3116385911179173 0.012345679012345678 0.03828483920367534
0 0.9761904761904762 0.3782542113323124 0.021164021164021163 0.045941807044410414