0 0.134232121922626 0.24012474012474014 0.022274325908558032 0.05197505197505198
0 0.14712778429073858 0.2588357588357588 0.0246189917936694 0.056133056133056136
0 0.1682297772567409 0.2525987525987526 0.022274325908558032 0.04781704781704782
0 0.2227432590855803 0.20374220374220375 0.023446658851113716 0.0498960498960499
0 0.2444314185228605 0.24220374220374222 0.022274325908558032 0.04365904365904366
0 0.2801875732708089 0.20582120582120583 0.01875732708089097 0.04158004158004158
0 0.30363423212192264 0.19542619542619544 0.016412661195779603 0.037422037422037424
0 0.3182883939038687 0.18087318087318088 0.017584994138335287 0.04158004158004158
0 0.33528722157092616 0.3004158004158004 0.032825322391559206 0.06860706860706861
0 0.46072684642438455 0.16424116424116425 0.02579132473622509 0.058212058212058215
0 0.5474794841735052 0.3232848232848233 0.0492379835873388 0.10187110187110188
0 0.5914419695193435 0.2505197505197505 0.038686987104337635 0.06860706860706861
0 0.6072684642438453 0.16735966735966737 0.021101992966002344 0.04365904365904366