0 0.3520309477756286 0.2103448275862069 0.019342359767891684 0.041379310344827586
0 0.40377176015473887 0.24655172413793103 0.022243713733075435 0.04482758620689655
0 0.4323017408123791 0.21551724137931033 0.013539651837524178 0.034482758620689655
0 0.45357833655706 0.2206896551724138 0.019342359767891684 0.041379310344827586
0 0.5125725338491296 0.21810344827586206 0.019342359767891684 0.03620689655172414
0 0.5164410058027079 0.18189655172413793 0.017408123791102514 0.029310344827586206
0 0.5522243713733076 0.19137931034482758 0.015473887814313346 0.03793103448275862
0 0.5981624758220503 0.16896551724137931 0.020309477756286266 0.03103448275862069
0 0.6373307543520309 0.1353448275862069 0.013539651837524178 0.032758620689655175
0 0.718568665377176 0.061206896551724135 0.013539651837524178 0.029310344827586206
0 0.7321083172147002 0.1810344827586207 0.019342359767891684 0.041379310344827586
0 0.6803675048355899 0.19224137931034482 0.0183752417794971 0.032758620689655175
0 0.6552224371373307 0.25517241379310346 0.022243713733075435 0.04482758620689655
0 0.7432301740812379 0.27586206896551724 0.022243713733075435 0.05517241379310345
0 0.7925531914893617 0.25862068965517243 0.020309477756286266 0.041379310344827586
0 0.8650870406189555 0.3422413793103448 0.022243713733075435 0.05
0 0.8863636363636364 0.2939655172413793 0.0183752417794971 0.05
0 0.8539651837524178 0.23103448275862068 0.015473887814313346 0.03793103448275862
0 0.8650870406189555 0.19827586206896552 0.014506769825918761 0.03793103448275862
0 0.9124758220502901 0.22241379310344828 0.01644100580270793 0.034482758620689655
0 0.9468085106382979 0.20862068965517241 0.015473887814313346 0.03793103448275862
0 0.9506769825918762 0.2810344827586207 0.017408123791102514 0.041379310344827586