0 0.9197120708748616 0.16895874263261296 0.018826135105204873 0.05108055009823183
0 0.9451827242524917 0.18860510805500982 0.012181616832779624 0.03536345776031434
0 0.7956810631229236 0.2131630648330059 0.018826135105204873 0.04518664047151277
0 0.8172757475083057 0.22789783889980353 0.0221483942414175 0.05108055009823183
0 0.6079734219269103 0.24361493123772102 0.0221483942414175 0.05108055009823183
0 0.526578073089701 0.13555992141453832 0.018826135105204873 0.043222003929273084
0 0.5764119601328903 0.12573673870333987 0.012181616832779624 0.0275049115913556
0 0.46677740863787376 0.15029469548133595 0.012181616832779624 0.025540275049115914
0 0.4894795127353267 0.15618860510805502 0.01107419712070875 0.029469548133595286
0 0.40420819490586934 0.19646365422396855 0.0221483942414175 0.0550098231827112
0 0.36046511627906974 0.224950884086444 0.021040974529346623 0.04911591355599214