0 0.09345047923322684 0.5542570951585977 0.052715654952076675 0.11352253756260434
0 0.1992811501597444 0.2921535893155259 0.02156549520766773 0.05008347245409015
0 0.21924920127795527 0.27462437395659434 0.02156549520766773 0.048414023372287146
0 0.2763578274760383 0.2353923205342237 0.020766773162939296 0.04674457429048414
0 0.3166932907348243 0.23121869782971619 0.019968051118210862 0.045075125208681135
0 0.33266773162939295 0.2270450751252087 0.019968051118210862 0.05342237061769616
0 0.3270766773162939 0.19031719532554256 0.016773162939297124 0.04006677796327212
0 0.3570287539936102 0.20784641068447413 0.019169329073482427 0.041736227045075125
0 0.36900958466453676 0.19282136894824708 0.01757188498402556 0.035058430717863104
0 0.3765974440894569 0.25626043405676124 0.019968051118210862 0.05175292153589316
0 0.39696485623003197 0.22537562604340566 0.01597444089456869 0.04340567612687813
0 0.4169329073482428 0.17028380634390652 0.01437699680511182 0.03672787979966611
0 0.4325079872204473 0.15943238731218698 0.013578274760383386 0.03171953255425709
0 0.44369009584664537 0.18447412353923207 0.015175718849840255 0.041736227045075125
0 0.46126198083067094 0.16110183639398998 0.018370607028753993 0.041736227045075125
0 0.4720447284345048 0.1327212020033389 0.012779552715654952 0.035058430717863104
0 0.48442492012779553 0.1669449081803005 0.016773162939297124 0.04674457429048414
0 0.4988019169329074 0.14440734557595994 0.015175718849840255 0.038397328881469114
0 0.5039936102236422 0.19699499165275458 0.01597444089456869 0.03672787979966611
0 0.4776357827476038 0.24290484140233723 0.020766773162939296 0.05509181969949917
0 0.444888178913738 0.29465776293823037 0.025559105431309903 0.05509181969949917
0 0.5531150159744409 0.22036727879799667 0.016773162939297124 0.04674457429048414
0 0.5315495207667732 0.15442404006677796 0.016773162939297124 0.038397328881469114
0 0.5587060702875399 0.15442404006677796 0.015175718849840255 0.038397328881469114
0 0.5603035143769968 0.1302170283806344 0.015175718849840255 0.0333889816360601
0 0.588258785942492 0.1285475792988314 0.015175718849840255 0.03672787979966611
0 0.6042332268370607 0.12103505843071787 0.016773162939297124 0.038397328881469114
0 0.5858626198083067 0.19449081803005008 0.016773162939297124 0.041736227045075125
0 0.5858626198083067 0.164440734557596 0.013578274760383386 0.035058430717863104
0 0.6086261980830671 0.17946577629382304 0.01437699680511182 0.038397328881469114
0 0.6277955271565495 0.18781302170283806 0.01757188498402556 0.041736227045075125
0 0.6206070287539937 0.15025041736227046 0.01597444089456869 0.03672787979966611
0 0.6257987220447284 0.12437395659432388 0.016773162939297124 0.041736227045075125
0 0.6501597444089456 0.13606010016694492 0.01437699680511182 0.038397328881469114
0 0.6641373801916933 0.14357262103505844 0.016773162939297124 0.04340567612687813
0 0.6601437699680511 0.17612687813021702 0.015175718849840255 0.038397328881469114
0 0.6912939297124601 0.15609348914858096 0.018370607028753993 0.045075125208681135
0 0.6972843450479234 0.1285475792988314 0.01757188498402556 0.04340567612687813
0 0.7192492012779552 0.14440734557595994 0.013578274760383386 0.038397328881469114
0 0.7108626198083067 0.20617696160267113 0.01757188498402556 0.041736227045075125
0 0.5798722044728435 0.328881469115192 0.027156549520766772 0.06343906510851419
0 0.6130191693290735 0.3030050083472454 0.026357827476038338 0.05843071786310518
0 0.6166134185303515 0.36978297161936563 0.02875399361022364 0.07178631051752922
0 0.6637380191693291 0.3989983305509182 0.03035143769968051 0.07679465776293823
0 0.6757188498402555 0.22537562604340566 0.023961661341853034 0.05342237061769616
0 0.7272364217252396 0.2570951585976628 0.02476038338658147 0.05676126878130217
0 0.7424121405750799 0.20701168614357263 0.016773162939297124 0.05008347245409015
0 0.7603833865814696 0.22287145242070117 0.020766773162939296 0.045075125208681135
0 0.7671725239616614 0.19031719532554256 0.015175718849840255 0.03672787979966611
0 0.7791533546325878 0.17445742904841402 0.013578274760383386 0.035058430717863104
0 0.8170926517571885 0.18447412353923207 0.01597444089456869 0.048414023372287146
0 0.8390575079872205 0.20701168614357263 0.016773162939297124 0.04340567612687813
0 0.8222843450479234 0.2395659432387312 0.016773162939297124 0.045075125208681135
0 0.8011182108626198 0.25041736227045075 0.020766773162939296 0.05008347245409015
0 0.7723642172523961 0.27796327212020033 0.020766773162939296 0.048414023372287146
0 0.8230830670926518 0.2938230383973289 0.02156549520766773 0.06343906510851419
0 0.731629392971246 0.3964941569282137 0.02875399361022364 0.06844741235392321
0 0.8099041533546326 0.4607679465776294 0.04153354632587859 0.08013355592654424
0 0.8849840255591054 0.41485809682804675 0.03035143769968051 0.07512520868113523
0 0.869408945686901 0.333889816360601 0.02156549520766773 0.05342237061769616
0 0.8650159744408946 0.513355592654424 0.03194888178913738 0.08514190317195326
0 0.8777955271565495 0.2262103505843072 0.01437699680511182 0.038397328881469114
0 0.8857827476038339 0.21118530884808012 0.012779552715654952 0.03171953255425709
0 0.9073482428115016 0.2295492487479132 0.01597444089456869 0.035058430717863104
0 0.9053514376996805 0.28213689482470783 0.02156549520766773 0.05676126878130217
0 0.9361022364217252 0.2629382303839733 0.01437699680511182 0.048414023372287146
0 0.9285143769968051 0.31886477462437396 0.016773162939297124 0.05342237061769616
0 0.952076677316294 0.36978297161936563 0.019169329073482427 0.0651085141903172
0 0.9564696485623003 0.4507512520868113 0.026357827476038338 0.07345575959933222
0 0.9812300319488818 0.3656093489148581 0.018370607028753993 0.05676126878130217
0 0.9808306709265175 0.32136894824707846 0.01597444089456869 0.045075125208681135
0 0.9800319488817891 0.2871452420701169 0.01597444089456869 0.04006677796327212
0 0.9880191693290735 0.2671118530884808 0.012779552715654952 0.0333889816360601
0 0.9560702875399361 0.2378964941569282 0.01437699680511182 0.041736227045075125