0 0.19848242811501599 0.3417015341701534 0.037539936102236424 0.07531380753138076
0 0.21805111821086262 0.2496513249651325 0.023961661341853034 0.04741980474198047
0 0.2515974440894569 0.2112970711297071 0.020766773162939296 0.03765690376569038
0 0.26038338658146964 0.25313807531380755 0.023961661341853034 0.04881450488145049
0 0.28115015974440893 0.24337517433751743 0.022364217252396165 0.04602510460251046
0 0.3354632587859425 0.25453277545327757 0.02875399361022364 0.05160390516039052
0 0.33027156549520764 0.22454672245467225 0.02476038338658147 0.04184100418410042
0 0.3238817891373802 0.300557880055788 0.031150159744408944 0.04881450488145049
0 0.34105431309904155 0.3842398884239888 0.051118210862619806 0.08786610878661087
0 0.35303514376996803 0.43584379358437936 0.04952076677316294 0.08507670850767085
0 0.4544728434504792 0.5641562064156206 0.07987220447284345 0.12691771269177127
0 0.43170926517571884 0.23709902370990238 0.027955271565495207 0.06694560669456066
0 0.4189297124600639 0.201534170153417 0.02156549520766773 0.05439330543933055