0 0.16745283018867924 0.48580968280467446 0.040566037735849055 0.08013355592654424
0 0.2490566037735849 0.2612687813021703 0.01509433962264151 0.03171953255425709
0 0.27122641509433965 0.2587646076794658 0.017924528301886792 0.0333889816360601
0 0.29056603773584905 0.2646076794657763 0.018867924528301886 0.041736227045075125
0 0.30943396226415093 0.2662771285475793 0.018867924528301886 0.048414023372287146
0 0.30849056603773584 0.21702838063439064 0.018867924528301886 0.0333889816360601
0 0.3287735849056604 0.21869782971619364 0.017924528301886792 0.03672787979966611
0 0.34764150943396227 0.21869782971619364 0.017924528301886792 0.04006677796327212
0 0.3433962264150943 0.2604340567612688 0.020754716981132074 0.04006677796327212
0 0.36745283018867925 0.27128547579298834 0.017924528301886792 0.041736227045075125
0 0.37075471698113205 0.18447412353923207 0.013207547169811321 0.028380634390651086
0 0.39433962264150946 0.20868113522537562 0.018867924528301886 0.0333889816360601
0 0.4037735849056604 0.27212020033388984 0.024528301886792454 0.05342237061769616
0 0.42924528301886794 0.2353923205342237 0.020754716981132074 0.03672787979966611
0 0.41509433962264153 0.18196994991652754 0.01509433962264151 0.03005008347245409
0 0.4009433962264151 0.17445742904841402 0.01509433962264151 0.03171953255425709
0 0.44669811320754715 0.18530884808013356 0.01981132075471698 0.0333889816360601
0 0.4721698113207547 0.2278797996661102 0.02169811320754717 0.045075125208681135
0 0.47971698113207545 0.19365609348914858 0.016037735849056604 0.0333889816360601
0 0.4995283018867924 0.19282136894824708 0.017924528301886792 0.035058430717863104
0 0.4811320754716981 0.167779632721202 0.013207547169811321 0.028380634390651086
0 0.4707547169811321 0.15609348914858096 0.016981132075471698 0.03171953255425709
0 0.4556603773584906 0.1419031719532554 0.013207547169811321 0.02671118530884808
0 0.49386792452830186 0.12353923205342238 0.012264150943396227 0.02671118530884808
0 0.5372641509433962 0.18447412353923207 0.017924528301886792 0.035058430717863104
0 0.5537735849056604 0.15525876460767946 0.013207547169811321 0.03005008347245409
0 0.5693396226415094 0.16277128547579298 0.016037735849056604 0.038397328881469114
0 0.5641509433962264 0.14023372287145242 0.011320754716981131 0.02671118530884808
0 0.5485849056603773 0.12353923205342238 0.014150943396226415 0.03005008347245409
0 0.575 0.12353923205342238 0.012264150943396227 0.03005008347245409
0 0.5952830188679246 0.1327212020033389 0.011320754716981131 0.028380634390651086
0 0.6117924528301887 0.1318864774624374 0.014150943396226415 0.0333889816360601
0 0.619811320754717 0.13939899833055092 0.013207547169811321 0.028380634390651086
0 0.6452830188679245 0.12437395659432388 0.011320754716981131 0.03171953255425709
0 0.6490566037735849 0.10684474123539232 0.009433962264150943 0.02337228714524207
0 0.6731132075471699 0.11268781302170283 0.012264150943396227 0.028380634390651086
0 0.6264150943396226 0.18280467445742904 0.016981132075471698 0.035058430717863104
0 0.55 0.2387312186978297 0.022641509433962263 0.04674457429048414
0 0.49056603773584906 0.3030050083472454 0.03018867924528302 0.05843071786310518
0 0.5764150943396227 0.2863105175292154 0.024528301886792454 0.05843071786310518
0 0.5995283018867924 0.3280467445742905 0.0330188679245283 0.06844741235392321
0 0.6183962264150943 0.24874791318864775 0.027358490566037737 0.05342237061769616
0 0.6745283018867925 0.2370617696160267 0.024528301886792454 0.05008347245409015
0 0.6702830188679245 0.19365609348914858 0.01981132075471698 0.04340567612687813
0 0.6599056603773585 0.169449081803005 0.016037735849056604 0.035058430717863104
0 0.6830188679245283 0.14273789649415694 0.016981132075471698 0.035058430717863104
0 0.7037735849056603 0.14357262103505844 0.013207547169811321 0.02671118530884808
0 0.7188679245283018 0.15859766277128548 0.016981132075471698 0.03672787979966611
0 0.7004716981132075 0.17946577629382304 0.017924528301886792 0.038397328881469114
0 0.7169811320754716 0.22120200333889817 0.026415094339622643 0.05175292153589316
0 0.7122641509433962 0.27212020033388984 0.026415094339622643 0.05008347245409015
0 0.7707547169811321 0.27462437395659434 0.022641509433962263 0.05509181969949917
0 0.7754716981132076 0.22454090150250416 0.024528301886792454 0.05175292153589316
0 0.7344339622641509 0.19449081803005008 0.02169811320754717 0.048414023372287146
0 0.7561320754716981 0.16193656093489148 0.016037735849056604 0.03672787979966611
0 0.7726415094339623 0.18196994991652754 0.01509433962264151 0.03672787979966611
0 0.7396226415094339 0.14440734557595994 0.016981132075471698 0.03171953255425709
0 0.7382075471698113 0.11435726210350584 0.014150943396226415 0.028380634390651086
0 0.7641509433962265 0.12771285475792987 0.01509433962264151 0.03171953255425709
0 0.7863207547169812 0.14691151919866444 0.014150943396226415 0.0333889816360601
0 0.8023584905660377 0.16277128547579298 0.017924528301886792 0.045075125208681135
0 0.8429245283018868 0.337228714524207 0.031132075471698113 0.05676126878130217
0 0.8566037735849057 0.24791318864774625 0.02830188679245283 0.05509181969949917
0 0.8490566037735849 0.21702838063439064 0.024528301886792454 0.04006677796327212
0 0.8330188679245283 0.14357262103505844 0.016981132075471698 0.03005008347245409
0 0.8627358490566037 0.14774624373956594 0.016037735849056604 0.038397328881469114
0 0.8783018867924528 0.16277128547579298 0.013207547169811321 0.035058430717863104
0 0.8952830188679245 0.14941569282136896 0.013207547169811321 0.03171953255425709
0 0.8924528301886793 0.1911519198664441 0.018867924528301886 0.038397328881469114
0 0.9188679245283019 0.22203672787979967 0.016981132075471698 0.04006677796327212
0 0.914622641509434 0.2637729549248748 0.02547169811320755 0.05342237061769616