0 0.1989247311827957 0.36818980667838314 0.047898338220918865 0.09314586994727592
0 0.28641251221896386 0.22144112478031636 0.013685239491691105 0.0351493848857645
0 0.3201368523949169 0.2398945518453427 0.016617790811339198 0.040421792618629174
0 0.32942326490713586 0.17926186291739896 0.013685239491691105 0.03163444639718805
0 0.3289345063538612 0.22144112478031636 0.01466275659824047 0.028119507908611598
0 0.35043988269794724 0.18717047451669597 0.016617790811339198 0.033391915641476276
0 0.3699902248289345 0.1977152899824253 0.016617790811339198 0.040421792618629174
0 0.3836754643206256 0.2460456942003515 0.01857282502443793 0.03866432337434095
0 0.37438905180840665 0.23462214411247803 0.015640273704789834 0.029876977152899824
0 0.40127077223851415 0.19244288224956063 0.01857282502443793 0.040421792618629174
0 0.4237536656891496 0.22583479789103691 0.01857282502443793 0.04745166959578207
0 0.4442815249266862 0.21616871704745166 0.01857282502443793 0.03866432337434095
0 0.4447702834799609 0.19068541300527242 0.015640273704789834 0.029876977152899824
0 0.4389051808406647 0.16608084358523725 0.015640273704789834 0.029876977152899824
0 0.41642228739002934 0.1687170474516696 0.015640273704789834 0.03163444639718805
0 0.4232649071358749 0.14235500878734622 0.011730205278592375 0.03163444639718805
0 0.458455522971652 0.14323374340949033 0.013685239491691105 0.033391915641476276
0 0.4706744868035191 0.140597539543058 0.01270772238514174 0.028119507908611598
0 0.4760508308895406 0.17926186291739896 0.019550342130987292 0.03866432337434095
0 0.5043988269794721 0.21353251318101935 0.019550342130987292 0.040421792618629174
0 0.49853372434017595 0.18892794376098418 0.013685239491691105 0.026362038664323375
0 0.49608993157380255 0.15817223198594024 0.01466275659824047 0.03163444639718805
0 0.48729227761485827 0.140597539543058 0.01270772238514174 0.02460456942003515
0 0.5019550342130987 0.11862917398945519 0.01270772238514174 0.029876977152899824
0 0.5195503421309873 0.1335676625659051 0.01466275659824047 0.03163444639718805
0 0.5356793743890518 0.16432337434094904 0.013685239491691105 0.033391915641476276
0 0.553763440860215 0.18541300527240773 0.016617790811339198 0.040421792618629174
0 0.555229716520039 0.1555360281195079 0.015640273704789834 0.029876977152899824
0 0.5469208211143695 0.140597539543058 0.010752688172043012 0.0210896309314587
0 0.5420332355816226 0.1195079086115993 0.01466275659824047 0.028119507908611598
0 0.570869990224829 0.1195079086115993 0.013685239491691105 0.028119507908611598
0 0.5850439882697948 0.17311072056239016 0.01857282502443793 0.03690685413005272
0 0.5791788856304986 0.11335676625659051 0.010752688172043012 0.022847100175746926
0 0.5977517106549365 0.1282952548330404 0.01466275659824047 0.03163444639718805
0 0.6099706744868035 0.10984182776801406 0.011730205278592375 0.026362038664323375
0 0.6212121212121212 0.15817223198594024 0.016617790811339198 0.03163444639718805
0 0.6319648093841642 0.1256590509666081 0.01466275659824047 0.033391915641476276
0 0.6573802541544477 0.13268892794376097 0.020527859237536656 0.03690685413005272
0 0.6593352883675464 0.10105448154657294 0.01466275659824047 0.026362038664323375
0 0.6925708699902249 0.11862917398945519 0.01270772238514174 0.026362038664323375
0 0.6911045943304008 0.0984182776801406 0.011730205278592375 0.0210896309314587
0 0.7116324535679375 0.1063268892794376 0.013685239491691105 0.029876977152899824
0 0.5669599217986315 0.24077328646748683 0.02541544477028348 0.056239015817223195
0 0.5371456500488758 0.29437609841827767 0.028347996089931573 0.054481546572934976
0 0.49266862170087977 0.28295254833040423 0.02932551319648094 0.0492091388400703
0 0.604594330400782 0.3145869947275923 0.030303030303030304 0.0632688927943761
0 0.6143695014662757 0.2530755711775044 0.022482893450635387 0.05272407732864675
0 0.6290322580645161 0.22495606326889278 0.022482893450635387 0.0492091388400703
0 0.6700879765395894 0.18629173989455183 0.020527859237536656 0.04569420035149385
0 0.6739980449657869 0.2504393673110721 0.026392961876832845 0.05799648506151142
0 0.6989247311827957 0.31282952548330406 0.02737047898338221 0.05272407732864675
0 0.7267839687194526 0.30755711775043937 0.022482893450635387 0.056239015817223195
0 0.7204301075268817 0.21704745166959577 0.019550342130987292 0.043936731107205626
0 0.7121212121212122 0.17926186291739896 0.01857282502443793 0.0351493848857645
0 0.6984359726295211 0.15992970123022848 0.01270772238514174 0.03163444639718805
0 0.7199413489736071 0.14850615114235502 0.016617790811339198 0.03690685413005272
0 0.7453567937438905 0.13796133567662566 0.01466275659824047 0.033391915641476276
0 0.7404692082111437 0.1616871704745167 0.01466275659824047 0.0351493848857645
0 0.7429130009775171 0.19244288224956063 0.017595307917888565 0.043936731107205626
0 0.7605083088954057 0.15992970123022848 0.013685239491691105 0.0351493848857645
0 0.7766373411534702 0.13093145869947276 0.01466275659824047 0.03690685413005272
0 0.7908113391984359 0.15992970123022848 0.017595307917888565 0.0351493848857645
0 0.7883675464320625 0.22407732864674867 0.020527859237536656 0.043936731107205626
0 0.7668621700879765 0.2390158172231986 0.022482893450635387 0.05272407732864675
0 0.7883675464320625 0.281195079086116 0.026392961876832845 0.056239015817223195
0 0.7478005865102639 0.37961335676625657 0.033235581622678395 0.08084358523725835
0 0.8186705767350929 0.3875219683655536 0.03421309872922776 0.07908611599297012
0 0.8333333333333334 0.31282952548330406 0.028347996089931573 0.070298769771529
0 0.8157380254154448 0.2521968365553603 0.022482893450635387 0.054481546572934976
0 0.8714565004887586 0.25746924428822493 0.022482893450635387 0.050966608084358524
0 0.8963831867057673 0.4288224956063269 0.033235581622678395 0.08787346221441125
0 0.9173998044965787 0.3347978910369069 0.03225806451612903 0.06854130052724078
0 0.9203323558162267 0.27855887521968364 0.026392961876832845 0.061511423550087874
0 0.886119257086999 0.22671353251318102 0.020527859237536656 0.05272407732864675
0 0.9310850439882697 0.2126537785588752 0.020527859237536656 0.03866432337434095