0 0.8982342007434945 0.132013201320132 0.008364312267657992 0.026402640264026403
0 0.9223977695167286 0.15759075907590758 0.008364312267657992 0.024752475247524754
0 0.9265799256505576 0.15759075907590758 0.011152416356877323 0.03135313531353135
0 0.9154275092936803 0.19141914191419143 0.013011152416356878 0.036303630363036306
0 0.9117100371747212 0.27887788778877887 0.01858736059479554 0.052805280528052806
0 0.8856877323420075 0.1773927392739274 0.011152416356877323 0.034653465346534656
0 0.8773234200743495 0.19966996699669967 0.016728624535315983 0.039603960396039604
0 0.8661710037174721 0.21534653465346534 0.016728624535315983 0.037953795379537955
0 0.8578066914498141 0.13943894389438943 0.011152416356877323 0.028052805280528052
0 0.8438661710037175 0.1542904290429043 0.013011152416356878 0.034653465346534656
0 0.8382899628252788 0.18234323432343233 0.01486988847583643 0.041254125412541254
0 0.8234200743494424 0.14273927392739275 0.013011152416356878 0.034653465346534656
0 0.8085501858736059 0.1674917491749175 0.01486988847583643 0.03135313531353135
0 0.8034386617100372 0.12953795379537955 0.010223048327137546 0.024752475247524754
0 0.783457249070632 0.1188118811881188 0.00929368029739777 0.026402640264026403
0 0.7894981412639405 0.14026402640264027 0.010223048327137546 0.0297029702970297
0 0.7904275092936803 0.18646864686468648 0.015799256505576207 0.039603960396039604
0 0.7760223048327137 0.1353135313531353 0.011152416356877323 0.033003300330033
0 0.7620817843866171 0.1617161716171617 0.01486988847583643 0.0429042904290429
0 0.6951672862453532 0.09900990099009901 0.011152416356877323 0.026402640264026403
0 0.7434944237918215 0.11221122112211221 0.013011152416356878 0.0297029702970297
0 0.7360594795539034 0.11963696369636964 0.013011152416356878 0.03135313531353135
0 0.7383828996282528 0.14026402640264027 0.013940520446096654 0.0297029702970297
0 0.7532527881040892 0.22524752475247525 0.019516728624535316 0.04455445544554455
0 0.733271375464684 0.19306930693069307 0.013011152416356878 0.036303630363036306
0 0.6979553903345725 0.21617161716171618 0.01858736059479554 0.04950495049504951
0 0.6905204460966543 0.17491749174917492 0.01486988847583643 0.039603960396039604
0 0.6802973977695167 0.1608910891089109 0.01486988847583643 0.034653465346534656
0 0.6603159851301115 0.1254125412541254 0.012081784386617101 0.0297029702970297
0 0.7030669144981413 0.1476897689768977 0.013940520446096654 0.037953795379537955
0 0.6394052044609665 0.18894389438943895 0.01858736059479554 0.037953795379537955
0 0.6570631970260223 0.20957095709570958 0.01858736059479554 0.039603960396039604
0 0.6533457249070632 0.2623762376237624 0.020446096654275093 0.052805280528052806
0 0.5971189591078067 0.22112211221122113 0.017657992565055763 0.039603960396039604
0 0.599907063197026 0.26732673267326734 0.02137546468401487 0.0462046204620462
0 0.6696096654275093 0.32838283828382836 0.02509293680297398 0.0627062706270627
0 0.6013011152416357 0.32425742574257427 0.024163568773234202 0.05115511551155116
0 0.712360594795539 0.283003300330033 0.02137546468401487 0.05115511551155116
0 0.7769516728624535 0.2962046204620462 0.024163568773234202 0.057755775577557754
0 0.6356877323420075 0.10561056105610561 0.00929368029739777 0.026402640264026403
0 0.6356877323420075 0.12623762376237624 0.011152416356877323 0.024752475247524754
0 0.6171003717472119 0.11138613861386139 0.011152416356877323 0.02145214521452145
0 0.5952602230483272 0.11056105610561057 0.010223048327137546 0.026402640264026403
0 0.5641263940520446 0.11303630363036303 0.00929368029739777 0.02145214521452145
0 0.5799256505576208 0.12376237623762376 0.00929368029739777 0.0231023102310231
0 0.5799256505576208 0.15841584158415842 0.013011152416356878 0.033003300330033
0 0.5306691449814126 0.13283828382838284 0.011152416356877323 0.024752475247524754
0 0.5232342007434945 0.14356435643564355 0.013011152416356878 0.033003300330033
0 0.5371747211895911 0.16419141914191418 0.01486988847583643 0.03135313531353135
0 0.550185873605948 0.14686468646864687 0.013011152416356878 0.033003300330033
0 0.520910780669145 0.2136963696369637 0.017657992565055763 0.037953795379537955
0 0.5641263940520446 0.25165016501650167 0.020446096654275093 0.05115511551155116
0 0.5529739776951673 0.29125412541254125 0.022304832713754646 0.054455445544554455
0 0.5027881040892194 0.17244224422442245 0.01486988847583643 0.034653465346534656
0 0.48234200743494426 0.13448844884488448 0.00929368029739777 0.024752475247524754
0 0.4679368029739777 0.16254125412541254 0.012081784386617101 0.034653465346534656
0 0.4879182156133829 0.20132013201320131 0.01486988847583643 0.033003300330033
0 0.4502788104089219 0.1716171617161716 0.012081784386617101 0.0297029702970297
0 0.4637546468401487 0.19554455445544555 0.01486988847583643 0.034653465346534656
0 0.47026022304832715 0.22442244224422442 0.01858736059479554 0.0429042904290429
0 0.4763011152416357 0.30775577557755773 0.019516728624535316 0.05115511551155116
0 0.4465613382899628 0.15759075907590758 0.012081784386617101 0.02145214521452145
0 0.4437732342007435 0.22112211221122113 0.015799256505576207 0.036303630363036306
0 0.4354089219330855 0.20462046204620463 0.013940520446096654 0.0297029702970297
0 0.4247211895910781 0.17574257425742573 0.011152416356877323 0.024752475247524754
0 0.4154275092936803 0.21864686468646866 0.01486988847583643 0.034653465346534656
0 0.38011152416356875 0.20132013201320131 0.011152416356877323 0.0297029702970297
0 0.3745353159851301 0.2235973597359736 0.01486988847583643 0.037953795379537955
0 0.4038104089219331 0.29207920792079206 0.017657992565055763 0.04950495049504951
0 0.3406133828996282 0.22854785478547854 0.013940520446096654 0.034653465346534656
0 0.3508364312267658 0.23514851485148514 0.013940520446096654 0.028052805280528052
0 0.33596654275092935 0.2755775577557756 0.015799256505576207 0.039603960396039604
0 0.3062267657992565 0.23184818481848185 0.012081784386617101 0.024752475247524754
0 0.25464684014869887 0.2747524752475248 0.013011152416356878 0.024752475247524754
0 0.2950743494423792 0.2632013201320132 0.015799256505576207 0.034653465346534656
0 0.3145910780669145 0.26815181518151815 0.015799256505576207 0.037953795379537955
0 0.046468401486988845 0.40016501650165015 0.027881040892193308 0.06765676567656766