0 0.1405511811023622 0.5395833333333333 0.03700787401574803 0.07361111111111111
0 0.22440944881889763 0.3368055555555556 0.014173228346456693 0.034722222222222224
0 0.25275590551181104 0.3576388888888889 0.01732283464566929 0.043055555555555555
0 0.2795275590551181 0.3125 0.015748031496062992 0.030555555555555555
0 0.284251968503937 0.3590277777777778 0.01889763779527559 0.043055555555555555
0 0.31338582677165355 0.38472222222222224 0.023622047244094488 0.03888888888888889
0 0.3413385826771654 0.2965277777777778 0.01653543307086614 0.020833333333333332
0 0.3405511811023622 0.32708333333333334 0.014960629921259842 0.03194444444444444
0 0.3783464566929134 0.26180555555555557 0.013385826771653543 0.02638888888888889
0 0.3704724409448819 0.34791666666666665 0.014960629921259842 0.0375
0 0.40039370078740155 0.33125 0.01653543307086614 0.0375
0 0.39291338582677166 0.2965277777777778 0.011023622047244094 0.02638888888888889
0 0.41181102362204725 0.27847222222222223 0.01889763779527559 0.03194444444444444
0 0.4137795275590551 0.25833333333333336 0.011811023622047244 0.022222222222222223
0 0.44881889763779526 0.24444444444444444 0.01889763779527559 0.025
0 0.4531496062992126 0.23958333333333334 0.008661417322834646 0.02638888888888889
0 0.44881889763779526 0.3104166666666667 0.015748031496062992 0.029166666666666667
0 0.43543307086614175 0.35138888888888886 0.01889763779527559 0.03611111111111111
0 0.4885826771653543 0.2722222222222222 0.014960629921259842 0.03333333333333333
0 0.5047244094488189 0.2722222222222222 0.015748031496062992 0.03333333333333333
0 0.5326771653543307 0.24305555555555555 0.013385826771653543 0.027777777777777776
0 0.5496062992125984 0.21736111111111112 0.011023622047244094 0.02638888888888889
0 0.5354330708661418 0.28402777777777777 0.011023622047244094 0.0375
0 0.4889763779527559 0.32916666666666666 0.01889763779527559 0.030555555555555555
0 0.5633858267716535 0.25972222222222224 0.014960629921259842 0.03333333333333333
0 0.5913385826771653 0.20625 0.011023622047244094 0.02361111111111111
0 0.5862204724409449 0.23055555555555557 0.01653543307086614 0.03333333333333333
0 0.5818897637795276 0.25277777777777777 0.012598425196850394 0.027777777777777776
0 0.6066929133858268 0.21597222222222223 0.013385826771653543 0.029166666666666667
0 0.618503937007874 0.2263888888888889 0.013385826771653543 0.027777777777777776
0 0.6405511811023622 0.21805555555555556 0.013385826771653543 0.03333333333333333
0 0.6551181102362205 0.22152777777777777 0.014173228346456693 0.04027777777777778
0 0.6728346456692913 0.22291666666666668 0.011811023622047244 0.02638888888888889
0 0.684251968503937 0.2520833333333333 0.014173228346456693 0.034722222222222224
0 0.6484251968503937 0.2791666666666667 0.01968503937007874 0.030555555555555555
0 0.6133858267716535 0.30486111111111114 0.02047244094488189 0.034722222222222224
0 0.5795275590551181 0.33541666666666664 0.023622047244094488 0.0375
0 0.5145669291338583 0.37777777777777777 0.01968503937007874 0.03888888888888889
0 0.45354330708661417 0.4076388888888889 0.02204724409448819 0.043055555555555555
0 0.5145669291338583 0.43333333333333335 0.02283464566929134 0.05
0 0.621259842519685 0.3527777777777778 0.01889763779527559 0.041666666666666664
0 0.5712598425196851 0.44583333333333336 0.027559055118110236 0.06666666666666667
0 0.6157480314960629 0.47152777777777777 0.03307086614173228 0.0625
0 0.6421259842519685 0.36180555555555555 0.025984251968503937 0.04027777777777778
0 0.6622047244094488 0.31805555555555554 0.023622047244094488 0.04722222222222222
0 0.6885826771653544 0.29791666666666666 0.01653543307086614 0.0375
0 0.7090551181102362 0.24861111111111112 0.013385826771653543 0.03333333333333333
0 0.7259842519685039 0.23125 0.015748031496062992 0.02361111111111111
0 0.7244094488188977 0.25625 0.01889763779527559 0.04027777777777778
0 0.6625984251968504 0.36736111111111114 0.025984251968503937 0.043055555555555555
0 0.6960629921259842 0.40069444444444446 0.031496062992125984 0.05416666666666667
0 0.6775590551181102 0.53125 0.03385826771653543 0.06805555555555555
0 0.75748031496063 0.24305555555555555 0.01889763779527559 0.03333333333333333
0 0.7366141732283464 0.2951388888888889 0.02125984251968504 0.034722222222222224
0 0.7511811023622047 0.27708333333333335 0.02204724409448819 0.04027777777777778
0 0.7822834645669291 0.24305555555555555 0.013385826771653543 0.027777777777777776
0 0.7881889763779527 0.27152777777777776 0.023622047244094488 0.0375
0 0.8188976377952756 0.2548611111111111 0.011023622047244094 0.029166666666666667
0 0.7940944881889764 0.30069444444444443 0.01811023622047244 0.03194444444444444
0 0.7858267716535433 0.3541666666666667 0.01889763779527559 0.05
0 0.8263779527559055 0.3576388888888889 0.02125984251968504 0.04861111111111111
0 0.8468503937007874 0.26180555555555557 0.013385826771653543 0.03194444444444444
0 0.8279527559055118 0.27847222222222223 0.01968503937007874 0.043055555555555555
0 0.8633858267716535 0.2791666666666667 0.013385826771653543 0.03611111111111111
0 0.9015748031496063 0.30625 0.02204724409448819 0.04583333333333333
0 0.9043307086614173 0.2798611111111111 0.013385826771653543 0.02361111111111111
0 0.8681102362204725 0.3458333333333333 0.01653543307086614 0.03611111111111111
0 0.878740157480315 0.3451388888888889 0.01889763779527559 0.043055555555555555
0 0.8822834645669292 0.4756944444444444 0.027559055118110236 0.059722222222222225
0 0.7480314960629921 0.43194444444444446 0.02047244094488189 0.05
0 0.7854330708661418 0.5083333333333333 0.03385826771653543 0.06666666666666667
0 0.8181102362204724 0.46111111111111114 0.025196850393700787 0.05
0 0.852755905511811 0.32430555555555557 0.023622047244094488 0.04861111111111111
0 0.8377952755905512 0.33402777777777776 0.015748031496062992 0.04583333333333333
0 0.8181102362204724 0.3277777777777778 0.02047244094488189 0.05
0 0.44448818897637793 0.2722222222222222 0.014960629921259842 0.027777777777777776
0 0.8988188976377953 0.3625 0.024409448818897637 0.041666666666666664
0 0.5692913385826772 0.4076388888888889 0.028346456692913385 0.04583333333333333
0 0.5559055118110237 0.21458333333333332 0.011023622047244094 0.018055555555555554
0 0.7929133858267716 0.33958333333333335 0.01889763779527559 0.043055555555555555