0 0.10414703110273327 0.419327731092437 0.04241281809613572 0.08571428571428572
0 0.29783223374175305 0.21512605042016808 0.015080113100848256 0.03697478991596639
0 0.3110273327049953 0.23109243697478993 0.01885014137606032 0.03529411764705882
0 0.3242224316682375 0.2445378151260504 0.01885014137606032 0.04201680672268908
0 0.3520263901979265 0.2445378151260504 0.0235626767200754 0.04201680672268908
0 0.3289349670122526 0.1865546218487395 0.016965127238454288 0.03697478991596639
0 0.3355325164938737 0.2042016806722689 0.01885014137606032 0.031932773109243695
0 0.3581526861451461 0.1899159663865546 0.01885014137606032 0.040336134453781515
0 0.39632422243166826 0.19831932773109243 0.016022620169651274 0.03361344537815126
0 0.38454288407163056 0.24789915966386555 0.01885014137606032 0.0453781512605042
0 0.412818096135721 0.2453781512605042 0.024505183788878417 0.05042016806722689
0 0.4194156456173421 0.20840336134453782 0.01885014137606032 0.043697478991596636
0 0.44062205466541 0.22605042016806723 0.0235626767200754 0.04201680672268908
0 0.38407163053722904 0.20336134453781513 0.01413760603204524 0.040336134453781515
0 0.4849198868991517 0.2218487394957983 0.017907634307257305 0.03697478991596639
0 0.4288407163053723 0.16470588235294117 0.015080113100848256 0.03361344537815126
0 0.43261074458058435 0.14201680672268907 0.01885014137606032 0.03529411764705882
0 0.4458058435438266 0.1689075630252101 0.015080113100848256 0.031932773109243695
0 0.4590009425070688 0.15714285714285714 0.013195098963242224 0.031932773109243695
0 0.470311027332705 0.14201680672268907 0.015080113100848256 0.03529411764705882
0 0.4943449575871819 0.1781512605042017 0.016022620169651274 0.03361344537815126
0 0.5226201696512723 0.18319327731092436 0.016022620169651274 0.03361344537815126
0 0.4938737040527804 0.15042016806722688 0.013195098963242224 0.02857142857142857
0 0.5080113100848256 0.14453781512605043 0.013195098963242224 0.02689075630252101
0 0.5047125353440151 0.11596638655462185 0.01413760603204524 0.023529411764705882
0 0.5268614514608859 0.12773109243697478 0.013195098963242224 0.02689075630252101
0 0.5442978322337417 0.12521008403361344 0.01413760603204524 0.02857142857142857
0 0.5527803958529689 0.18319327731092436 0.01413760603204524 0.03697478991596639
0 0.5452403393025448 0.16554621848739495 0.012252591894439209 0.025210084033613446
0 0.5636192271442035 0.15210084033613444 0.013195098963242224 0.031932773109243695
0 0.5490103675777568 0.1453781512605042 0.012252591894439209 0.021848739495798318
0 0.5749293119698398 0.12605042016806722 0.013195098963242224 0.030252100840336135
0 0.5805843543826579 0.1134453781512605 0.011310084825636193 0.025210084033613446
0 0.5852968897266729 0.16806722689075632 0.01885014137606032 0.03361344537815126
0 0.616870876531574 0.1546218487394958 0.016022620169651274 0.030252100840336135
0 0.5961357210179077 0.13277310924369748 0.017907634307257305 0.030252100840336135
0 0.6069745523091423 0.11260504201680673 0.011310084825636193 0.023529411764705882
0 0.6229971724787936 0.12352941176470589 0.015080113100848256 0.031932773109243695
0 0.6606974552309143 0.12184873949579832 0.015080113100848256 0.025210084033613446
0 0.6597549481621112 0.10168067226890756 0.013195098963242224 0.02857142857142857
0 0.6852026390197926 0.12436974789915967 0.015080113100848256 0.030252100840336135
0 0.6932139491046183 0.10840336134453782 0.01413760603204524 0.025210084033613446
0 0.7134778510838832 0.1092436974789916 0.015080113100848256 0.03361344537815126
0 0.6918001885014138 0.1546218487394958 0.01885014137606032 0.03697478991596639
0 0.7210179076343073 0.15714285714285714 0.016965127238454288 0.03865546218487395
0 0.708765315739868 0.18319327731092436 0.01885014137606032 0.040336134453781515
0 0.7139491046182846 0.21596638655462186 0.019792648444863337 0.0453781512605042
0 0.6861451460885957 0.23361344537815126 0.022620169651272386 0.047058823529411764
0 0.6748350612629594 0.1949579831932773 0.01885014137606032 0.043697478991596636
0 0.6267672007540056 0.23277310924369748 0.022620169651272386 0.04873949579831933
0 0.61875589066918 0.1991596638655462 0.017907634307257305 0.03529411764705882
0 0.5716305372290292 0.23781512605042016 0.027332704995287466 0.052100840336134456
0 0.5028275212064091 0.2781512605042017 0.03110273327049953 0.058823529411764705
0 0.5523091423185674 0.2957983193277311 0.033930254476908575 0.07058823529411765
0 0.6017907634307257 0.3302521008403361 0.02544769085768143 0.07226890756302522
0 0.6682375117813384 0.3378151260504202 0.03581526861451461 0.07394957983193277
0 0.7266729500471254 0.2949579831932773 0.024505183788878417 0.058823529411764705
0 0.7639019792648445 0.24285714285714285 0.0235626767200754 0.04873949579831933
0 0.7540056550424128 0.18907563025210083 0.01885014137606032 0.04201680672268908
0 0.7544769085768144 0.15210084033613444 0.01413760603204524 0.025210084033613446
0 0.7469368520263902 0.13025210084033614 0.01413760603204524 0.031932773109243695
0 0.7728557964184731 0.1361344537815126 0.013195098963242224 0.03361344537815126
0 0.7888784165881244 0.15378151260504203 0.016965127238454288 0.03529411764705882
0 0.8063147973609802 0.15378151260504203 0.016022620169651274 0.03865546218487395
0 0.7921771913289349 0.23445378151260504 0.021677662582469368 0.052100840336134456
0 0.8195098963242224 0.2411764705882353 0.019792648444863337 0.052100840336134456
0 0.7865221489161168 0.2957983193277311 0.0235626767200754 0.05714285714285714
0 0.7441093308199811 0.3840336134453782 0.03110273327049953 0.07899159663865546
0 0.8063147973609802 0.4235294117647059 0.03864278982092366 0.07394957983193277
0 0.8416588124410933 0.3176470588235294 0.030160226201696512 0.06386554621848739
0 0.8704052780395853 0.253781512605042 0.019792648444863337 0.047058823529411764
0 0.8864278982092366 0.22521008403361345 0.016022620169651274 0.047058823529411764
0 0.8873704052780396 0.4294117647058823 0.03298774740810556 0.08235294117647059
0 0.9081055607917059 0.33949579831932775 0.027332704995287466 0.07058823529411765
0 0.9170593779453345 0.2781512605042017 0.022620169651272386 0.05546218487394958
0 0.9307257304429783 0.22521008403361345 0.017907634307257305 0.05378151260504202