0 0.0674373795761079 0.3274410774410774 0.015414258188824663 0.03535353535353535
0 0.1069364161849711 0.30808080808080807 0.02119460500963391 0.04040404040404041
0 0.15944123314065511 0.2769360269360269 0.029865125240847785 0.05218855218855219
0 0.24470134874759153 0.23232323232323232 0.030828516377649325 0.05387205387205387
0 0.1994219653179191 0.47895622895622897 0.04816955684007707 0.09932659932659933
0 0.35067437379576105 0.25757575757575757 0.017341040462427744 0.04040404040404041
0 0.3699421965317919 0.25925925925925924 0.023121387283236993 0.04377104377104377
0 0.4272639691714836 0.2138047138047138 0.022157996146435453 0.04040404040404041
0 0.45327552986512526 0.2382154882154882 0.02023121387283237 0.04208754208754209
0 0.4344894026974952 0.27104377104377103 0.030828516377649325 0.04713804713804714
0 0.48554913294797686 0.31734006734006737 0.03468208092485549 0.05555555555555555
0 0.5703275529865125 0.29208754208754206 0.03468208092485549 0.06228956228956229
0 0.5423892100192679 0.1936026936026936 0.02119460500963391 0.03367003367003367
0 0.5024084778420038 0.1835016835016835 0.024084778420038536 0.037037037037037035
0 0.464354527938343 0.14393939393939395 0.015414258188824663 0.03198653198653199
0 0.4638728323699422 0.18686868686868688 0.018304431599229287 0.03367003367003367
0 0.44990366088631983 0.1776094276094276 0.019267822736030827 0.02861952861952862
0 0.6329479768786127 0.12457912457912458 0.019267822736030827 0.037037037037037035
0 0.7042389210019268 0.132996632996633 0.019267822736030827 0.04377104377104377
0 0.7307321772639692 0.16161616161616163 0.02023121387283237 0.04377104377104377
0 0.7316955684007708 0.132996632996633 0.014450867052023121 0.03367003367003367
0 0.7557803468208093 0.0968013468013468 0.02023121387283237 0.04208754208754209
0 0.815028901734104 0.1632996632996633 0.02119460500963391 0.04377104377104377
0 0.8265895953757225 0.08585858585858586 0.017341040462427744 0.037037037037037035
0 0.8925818882466281 0.20875420875420875 0.022157996146435453 0.04713804713804714
0 0.9725433526011561 0.11616161616161616 0.02023121387283237 0.037037037037037035