0 0.115625 0.3376383763837638 0.03333333333333333 0.07380073800738007
0 0.3098958333333333 0.235239852398524 0.019791666666666666 0.03874538745387454
0 0.3145833333333333 0.20571955719557194 0.01875 0.03874538745387454
0 0.34791666666666665 0.21125461254612546 0.020833333333333332 0.03505535055350553
0 0.4078125 0.20756457564575645 0.026041666666666668 0.042435424354243544
0 0.41302083333333334 0.16143911439114392 0.015625 0.03874538745387454
0 0.42552083333333335 0.17343173431734318 0.017708333333333333 0.03690036900369004
0 0.4432291666666667 0.20571955719557194 0.019791666666666666 0.04981549815498155
0 0.4505208333333333 0.18173431734317344 0.015625 0.03136531365313653
0 0.45 0.14944649446494465 0.014583333333333334 0.02952029520295203
0 0.46145833333333336 0.13745387453874539 0.0125 0.027675276752767528
0 0.4890625 0.17343173431734318 0.015625 0.03690036900369004
0 0.4984375 0.2140221402214022 0.021875 0.05166051660516605
0 0.5020833333333333 0.27767527675276754 0.03125 0.06088560885608856
0 0.5072916666666667 0.1429889298892989 0.014583333333333334 0.027675276752767528
0 0.5057291666666667 0.12084870848708487 0.011458333333333333 0.023985239852398525
0 0.5255208333333333 0.12084870848708487 0.013541666666666667 0.03136531365313653
0 0.534375 0.14206642066420663 0.014583333333333334 0.02952029520295203
0 0.5244791666666667 0.1540590405904059 0.015625 0.03505535055350553
0 0.5609375 0.18726937269372693 0.023958333333333335 0.042435424354243544
0 0.5619791666666667 0.15129151291512916 0.015625 0.03690036900369004
0 0.5505208333333333 0.12269372693726938 0.015625 0.03874538745387454
0 0.5875 0.11070110701107011 0.014583333333333334 0.033210332103321034
0 0.5895833333333333 0.17343173431734318 0.01875 0.04428044280442804
0 0.6036458333333333 0.14575645756457564 0.015625 0.04059040590405904
0 0.6296875 0.1448339483394834 0.013541666666666667 0.03136531365313653
0 0.6302083333333334 0.11623616236162361 0.0125 0.025830258302583026
0 0.6375 0.0940959409594096 0.0125 0.033210332103321034
0 0.6151041666666667 0.10239852398523985 0.011458333333333333 0.027675276752767528
0 0.6177083333333333 0.1392988929889299 0.0125 0.03136531365313653
0 0.6588541666666666 0.12638376383763839 0.017708333333333333 0.03136531365313653
0 0.6651041666666667 0.11439114391143912 0.013541666666666667 0.02952029520295203
0 0.6411458333333333 0.12269372693726938 0.011458333333333333 0.03136531365313653
0 0.68125 0.11900369003690037 0.0125 0.03505535055350553
0 0.6921875 0.11715867158671586 0.015625 0.03136531365313653
0 0.7109375 0.12177121771217712 0.013541666666666667 0.02952029520295203
0 0.7244791666666667 0.1466789667896679 0.013541666666666667 0.03505535055350553
0 0.7109375 0.1577490774907749 0.015625 0.03505535055350553
0 0.7052083333333333 0.2047970479704797 0.020833333333333332 0.04059040590405904
0 0.671875 0.2158671586715867 0.020833333333333332 0.04428044280442804
0 0.6619791666666667 0.17896678966789667 0.019791666666666666 0.04059040590405904
0 0.6317708333333333 0.20571955719557194 0.026041666666666668 0.046125461254612546
0 0.6401041666666667 0.25 0.023958333333333335 0.04981549815498155
0 0.6177083333333333 0.2952029520295203 0.029166666666666667 0.07011070110701106
0 0.584375 0.2730627306273063 0.027083333333333334 0.06642066420664207
0 0.59375 0.2370848708487085 0.025 0.046125461254612546
0 0.6802083333333333 0.26476014760147604 0.025 0.04981549815498155
0 0.6791666666666667 0.3274907749077491 0.035416666666666666 0.07933579335793357
0 0.740625 0.4095940959409594 0.041666666666666664 0.07749077490774908
0 0.8348958333333333 0.35977859778597787 0.040625 0.05904059040590406
0 0.8390625 0.3044280442804428 0.028125 0.05904059040590406
0 0.815625 0.283210332103321 0.027083333333333334 0.06457564575645756
0 0.8203125 0.24907749077490776 0.023958333333333335 0.04428044280442804
0 0.7296875 0.22601476014760147 0.023958333333333335 0.046125461254612546
0 0.7447916666666666 0.17158671586715868 0.01875 0.03690036900369004
0 0.7588541666666667 0.12730627306273062 0.015625 0.033210332103321034
0 0.7682291666666666 0.14022140221402213 0.017708333333333333 0.04059040590405904
0 0.7875 0.13837638376383765 0.016666666666666666 0.033210332103321034
0 0.778125 0.18542435424354242 0.01875 0.03874538745387454
0 0.7963541666666667 0.16974169741697417 0.015625 0.03690036900369004
0 0.8041666666666667 0.19833948339483395 0.01875 0.042435424354243544
0 0.8177083333333334 0.1900369003690037 0.022916666666666665 0.04428044280442804
0 0.8322916666666667 0.16605166051660517 0.016666666666666666 0.04059040590405904
0 0.8489583333333334 0.18081180811808117 0.014583333333333334 0.03690036900369004
0 0.85 0.15498154981549817 0.014583333333333334 0.03690036900369004
0 0.8666666666666667 0.1752767527675277 0.016666666666666666 0.03690036900369004
0 0.8552083333333333 0.21217712177121772 0.01875 0.04059040590405904
0 0.8895833333333333 0.23154981549815498 0.020833333333333332 0.05350553505535055
0 0.896875 0.1937269372693727 0.01875 0.04428044280442804
0 0.8791666666666667 0.15867158671586715 0.014583333333333334 0.04059040590405904
0 0.8911458333333333 0.15867158671586715 0.013541666666666667 0.033210332103321034
0 0.9166666666666666 0.16512915129151293 0.016666666666666666 0.03874538745387454
0 0.9473958333333333 0.1752767527675277 0.013541666666666667 0.03690036900369004
0 0.9520833333333333 0.21217712177121772 0.014583333333333334 0.033210332103321034
0 0.9369791666666667 0.235239852398524 0.017708333333333333 0.03874538745387454
0 0.9328125 0.25461254612546125 0.017708333333333333 0.04059040590405904
0 0.9255208333333333 0.2915129151291513 0.021875 0.05166051660516605
0 0.9130208333333333 0.31642066420664205 0.026041666666666668 0.06088560885608856
0 0.8802083333333334 0.30719557195571956 0.027083333333333334 0.04981549815498155