0 0.24060150375939848 0.2456813819577735 0.02577873254564984 0.04990403071017274
0 0.30773361976369495 0.2034548944337812 0.022556390977443608 0.04222648752399232
0 0.4087003222341568 0.27543186180422263 0.024704618689581095 0.04798464491362764
0 0.42105263157894735 0.21401151631477927 0.01933404940923738 0.036468330134357005
0 0.47046186895810954 0.23416506717850288 0.01933404940923738 0.03838771593090211
0 0.49731471535982813 0.2380038387715931 0.021482277121374866 0.03838771593090211
0 0.6015037593984962 0.2523992322456814 0.023630504833512353 0.044145873320537425
0 0.6557465091299678 0.2476007677543186 0.024704618689581095 0.061420345489443376
0 0.5263157894736842 0.1401151631477927 0.01288936627282492 0.026871401151631478
0 0.5929108485499462 0.11516314779270634 0.01288936627282492 0.026871401151631478
0 0.617078410311493 0.09884836852207293 0.011815252416756176 0.028790786948176585
0 0.6283566058002148 0.11900191938579655 0.015037593984962405 0.023032629558541268
0 0.6578947368421053 0.11516314779270634 0.013963480128893663 0.026871401151631478