0 0.23640399556048836 0.3814229249011858 0.05327413984461709 0.1067193675889328
0 0.5521642619311876 0.18379446640316205 0.018867924528301886 0.043478260869565216
0 0.5510543840177581 0.283596837944664 0.029966703662597113 0.06521739130434782
0 0.6337402885682575 0.18873517786561264 0.022197558268590455 0.045454545454545456
0 0.672031076581576 0.18280632411067194 0.023307436182019976 0.045454545454545456
0 0.6792452830188679 0.20355731225296442 0.026637069922308545 0.04743083003952569
0 0.6725860155382908 0.2440711462450593 0.03107658157602664 0.05731225296442688
0 0.6692563817980022 0.3092885375494071 0.033296337402885685 0.0691699604743083
0 0.7130965593784684 0.1976284584980237 0.023307436182019976 0.05138339920948617
0 0.7475027746947835 0.20454545454545456 0.025527192008879023 0.05731225296442688
0 0.755826859045505 0.2341897233201581 0.01997780244173141 0.04940711462450593
0 0.7280799112097669 0.2628458498023715 0.026637069922308545 0.05533596837944664
0 0.8312985571587126 0.35968379446640314 0.03107658157602664 0.06324110671936758
0 0.9162042175360711 0.3804347826086957 0.03440621531631521 0.08102766798418973