0 0.13171355498721227 0.5083916083916084 0.04859335038363171 0.08531468531468532
0 0.2246376811594203 0.33076923076923076 0.021312872975277068 0.03776223776223776
0 0.2557544757033248 0.33356643356643356 0.02216538789428815 0.04055944055944056
0 0.28218243819266836 0.3531468531468531 0.02216538789428815 0.03776223776223776
0 0.283461210571185 0.2993006993006993 0.0196078431372549 0.03636363636363636
0 0.3294970161977835 0.3622377622377622 0.023017902813299233 0.05034965034965035
0 0.35038363171355497 0.3181818181818182 0.01875532821824382 0.032167832167832165
0 0.3533674339300938 0.28321678321678323 0.0196078431372549 0.03496503496503497
0 0.38832054560954815 0.3230769230769231 0.0196078431372549 0.03636363636363636
0 0.4092071611253197 0.320979020979021 0.023870417732310314 0.03776223776223776
0 0.4075021312872975 0.2909090909090909 0.01875532821824382 0.03076923076923077
0 0.396845694799659 0.2517482517482518 0.017902813299232736 0.03076923076923077
0 0.42668371696504687 0.25104895104895103 0.01619778346121057 0.026573426573426574
0 0.4454390451832907 0.25384615384615383 0.014492753623188406 0.026573426573426574
0 0.43478260869565216 0.2986013986013986 0.020460358056265986 0.03776223776223776
0 0.45865302642796246 0.3293706293706294 0.02216538789428815 0.043356643356643354
0 0.4761295822676897 0.3006993006993007 0.0196078431372549 0.03636363636363636
0 0.4616368286445013 0.23846153846153847 0.01619778346121057 0.03496503496503497
0 0.47485080988917305 0.25314685314685315 0.013640238704177323 0.03076923076923077
0 0.47271952259164535 0.2216783216783217 0.014492753623188406 0.026573426573426574
0 0.4978687127024723 0.25384615384615383 0.013640238704177323 0.026573426573426574
0 0.5098039215686274 0.25034965034965034 0.011935208866155157 0.025174825174825177
0 0.520460358056266 0.23426573426573427 0.014492753623188406 0.026573426573426574
0 0.525149190110827 0.2692307692307692 0.017050298380221655 0.03496503496503497
0 0.546462063086104 0.24825174825174826 0.017050298380221655 0.03496503496503497
0 0.5630861040068201 0.2664335664335664 0.017902813299232736 0.04055944055944056
0 0.5068201193520887 0.3118881118881119 0.021312872975277068 0.044755244755244755
0 0.5822676896845694 0.24825174825174826 0.013640238704177323 0.032167832167832165
0 0.572463768115942 0.2125874125874126 0.01278772378516624 0.027972027972027972
0 0.5933503836317136 0.22517482517482518 0.013640238704177323 0.025174825174825177
0 0.6095481670929241 0.23776223776223776 0.015345268542199489 0.03636363636363636
0 0.613384484228474 0.21188811188811188 0.011082693947144074 0.023776223776223775
0 0.6172208013640239 0.1972027972027972 0.011935208866155157 0.027972027972027972
0 0.6427962489343564 0.24055944055944056 0.015345268542199489 0.033566433566433566
0 0.6419437340153452 0.2111888111888112 0.015345268542199489 0.027972027972027972
0 0.6768968456947997 0.2006993006993007 0.015345268542199489 0.026573426573426574
0 0.684995737425405 0.22097902097902097 0.011082693947144074 0.027972027972027972
0 0.6982097186700768 0.213986013986014 0.017050298380221655 0.03636363636363636
0 0.6786018755328218 0.26853146853146853 0.020460358056265986 0.04195804195804196
0 0.6389599317988065 0.293006993006993 0.021312872975277068 0.04055944055944056
0 0.6048593350383632 0.3195804195804196 0.023017902813299233 0.043356643356643354
0 0.6014492753623188 0.35874125874125873 0.028132992327365727 0.05454545454545454
0 0.5532821824381927 0.3951048951048951 0.030690537084398978 0.05174825174825175
0 0.5426257459505541 0.3531468531468531 0.026427962489343565 0.05174825174825175
0 0.5089514066496164 0.36643356643356645 0.04092071611253197 0.05314685314685315
0 0.6197783461210571 0.41748251748251747 0.03239556692242114 0.06293706293706294
0 0.6491901108269394 0.45244755244755247 0.03836317135549872 0.06293706293706294
0 0.6734867860187553 0.3713286713286713 0.030690537084398978 0.06293706293706294
0 0.6551577152600171 0.32727272727272727 0.0247229326513214 0.044755244755244755
0 0.69693094629156 0.2811188811188811 0.017902813299232736 0.039160839160839164
0 0.7216538789428815 0.293006993006993 0.0196078431372549 0.043356643356643354
0 0.7161125319693095 0.24195804195804196 0.015345268542199489 0.03076923076923077
0 0.7527706734867861 0.24545454545454545 0.015345268542199489 0.032167832167832165
0 0.7468030690537084 0.23286713286713287 0.013640238704177323 0.026573426573426574
0 0.7608695652173914 0.22237762237762237 0.014492753623188406 0.033566433566433566
0 0.7033248081841432 0.34545454545454546 0.027280477408354646 0.05314685314685315
0 0.7382779198635976 0.3916083916083916 0.028985507246376812 0.05314685314685315
0 0.7088661551577152 0.5265734265734265 0.043478260869565216 0.07412587412587412
0 0.7988064791133845 0.4104895104895105 0.03239556692242114 0.057342657342657345
0 0.8282182438192668 0.34965034965034963 0.023017902813299233 0.05034965034965035
0 0.829923273657289 0.2881118881118881 0.017902813299232736 0.03076923076923077
0 0.7787723785166241 0.2748251748251748 0.01619778346121057 0.043356643356643354
0 0.7919863597612958 0.25874125874125875 0.017050298380221655 0.03076923076923077
0 0.7966751918158568 0.23076923076923078 0.01619778346121057 0.033566433566433566
0 0.8252344416027281 0.23706293706293707 0.015345268542199489 0.032167832167832165
0 0.8324808184143222 0.25944055944055944 0.017902813299232736 0.032167832167832165
0 0.8597612958226769 0.25104895104895103 0.014492753623188406 0.02937062937062937
0 0.8674339300937767 0.2636363636363636 0.014492753623188406 0.032167832167832165
0 0.8618925831202046 0.3076923076923077 0.01875532821824382 0.04755244755244755
0 0.8772378516624041 0.36643356643356645 0.02216538789428815 0.05314685314685315
0 0.8653026427962489 0.43286713286713285 0.030690537084398978 0.06293706293706294
0 0.8473998294970162 0.5006993006993007 0.0392156862745098 0.06713286713286713
0 0.9416027280477408 0.45384615384615384 0.03324808184143223 0.06013986013986014
0 0.9352088661551577 0.3811188811188811 0.027280477408354646 0.05174825174825175
0 0.9497016197783461 0.35174825174825175 0.023870417732310314 0.046153846153846156
0 0.927536231884058 0.320979020979021 0.01875532821824382 0.046153846153846156
0 0.8849104859335039 0.3265734265734266 0.020460358056265986 0.03776223776223776
0 0.8917306052855924 0.24685314685314685 0.017050298380221655 0.032167832167832165
0 0.9134697357203752 0.2699300699300699 0.0196078431372549 0.04195804195804196
0 0.9518329070758739 0.29790209790209793 0.017902813299232736 0.033566433566433566
0 0.953537936913896 0.26223776223776224 0.014492753623188406 0.032167832167832165
0 0.9326513213981245 0.29790209790209793 0.015345268542199489 0.03076923076923077