0 0.032516493873704054 0.3945578231292517 0.021677662582469368 0.05782312925170068
0 0.2629594721960415 0.2950680272108844 0.015080113100848256 0.03571428571428571
0 0.29264844486333647 0.28401360544217685 0.017907634307257305 0.030612244897959183
0 0.30348727615457116 0.266156462585034 0.01885014137606032 0.03571428571428571
0 0.3176248821866164 0.22534013605442177 0.015080113100848256 0.02891156462585034
0 0.34872761545711595 0.23979591836734693 0.016965127238454288 0.034013605442176874
0 0.3911404335532517 0.2100340136054422 0.01885014137606032 0.03571428571428571
0 0.3751178133836004 0.24064625850340135 0.020735155513666354 0.03231292517006803
0 0.3416588124410933 0.2925170068027211 0.017907634307257305 0.034013605442176874
0 0.41423185673892554 0.18112244897959184 0.01413760603204524 0.025510204081632654
0 0.42648444863336477 0.19472789115646258 0.019792648444863337 0.025510204081632654
0 0.45617342130065974 0.1598639455782313 0.016965127238454288 0.023809523809523808
0 0.4820923656927427 0.1564625850340136 0.012252591894439209 0.027210884353741496
0 0.4877474081055608 0.17091836734693877 0.016022620169651274 0.02891156462585034
0 0.5080113100848256 0.1556122448979592 0.013195098963242224 0.01870748299319728
0 0.5395852968897267 0.14200680272108843 0.017907634307257305 0.02891156462585034
0 0.560320452403393 0.12244897959183673 0.012252591894439209 0.023809523809523808
0 0.5999057492931197 0.1054421768707483 0.01413760603204524 0.027210884353741496
0 0.5956644674835061 0.125 0.013195098963242224 0.025510204081632654
0 0.620640904806786 0.11224489795918367 0.01413760603204524 0.023809523809523808
0 0.6517436380772855 0.10799319727891156 0.010367577756833177 0.022108843537414966
0 0.648444863336475 0.1326530612244898 0.016965127238454288 0.030612244897959183
0 0.6196983977379831 0.14965986394557823 0.019792648444863337 0.034013605442176874
0 0.5777568331762488 0.1683673469387755 0.01885014137606032 0.034013605442176874
0 0.562205466540999 0.16751700680272108 0.021677662582469368 0.025510204081632654
0 0.5480678605089538 0.20578231292517007 0.019792648444863337 0.034013605442176874
0 0.4948162111215834 0.20578231292517007 0.016965127238454288 0.027210884353741496
0 0.472196041470311 0.20833333333333334 0.016965127238454288 0.03231292517006803
0 0.46277097078228085 0.2032312925170068 0.016965127238454288 0.03231292517006803
0 0.43072573044297835 0.22789115646258504 0.016965127238454288 0.030612244897959183
0 0.4349670122525919 0.2729591836734694 0.021677662582469368 0.04251700680272109
0 0.4707822808671065 0.24489795918367346 0.021677662582469368 0.03741496598639456
0 0.4816211121583412 0.31462585034013607 0.024505183788878417 0.04081632653061224
0 0.5480678605089538 0.3078231292517007 0.02544769085768143 0.05442176870748299
0 0.6116870876531574 0.3460884353741497 0.03204524033930255 0.04931972789115646
0 0.6861451460885957 0.34183673469387754 0.024505183788878417 0.05102040816326531
0 0.6352497643732328 0.20578231292517007 0.01885014137606032 0.03741496598639456
0 0.6201696512723845 0.2729591836734694 0.024505183788878417 0.04251700680272109
0 0.5692742695570217 0.24829931972789115 0.02827521206409048 0.05102040816326531
0 0.6800188501413761 0.12585034013605442 0.01413760603204524 0.027210884353741496
0 0.7054665409990575 0.10289115646258504 0.012252591894439209 0.03231292517006803
0 0.7431668237511782 0.1284013605442177 0.01413760603204524 0.03571428571428571
0 0.7596606974552309 0.11904761904761904 0.015080113100848256 0.027210884353741496
0 0.7723845428840717 0.13945578231292516 0.019792648444863337 0.030612244897959183
0 0.7865221489161168 0.12414965986394558 0.01413760603204524 0.03741496598639456
0 0.8063147973609802 0.13945578231292516 0.016022620169651274 0.030612244897959183
0 0.8270499528746466 0.12670068027210885 0.012252591894439209 0.03571428571428571
0 0.8402450518378888 0.1445578231292517 0.01413760603204524 0.03741496598639456
0 0.8727615457115928 0.1326530612244898 0.015080113100848256 0.027210884353741496
0 0.9043355325164939 0.13435374149659865 0.010367577756833177 0.030612244897959183
0 0.8732327992459944 0.1598639455782313 0.016022620169651274 0.03741496598639456
0 0.8614514608859567 0.17091836734693877 0.016965127238454288 0.04251700680272109
0 0.8548539114043355 0.20408163265306123 0.020735155513666354 0.04081632653061224
0 0.8308199811498587 0.17346938775510204 0.016022620169651274 0.034013605442176874
0 0.8058435438265787 0.18622448979591838 0.016965127238454288 0.03571428571428571
0 0.7747408105560791 0.17261904761904762 0.022620169651272386 0.03231292517006803
0 0.7540056550424128 0.16071428571428573 0.016965127238454288 0.03571428571428571
0 0.9340245051837889 0.15051020408163265 0.011310084825636193 0.02891156462585034
0 0.9392082940622055 0.18027210884353742 0.017907634307257305 0.030612244897959183
0 0.9321394910461829 0.21768707482993196 0.020735155513666354 0.03741496598639456
0 0.8972667295004713 0.2108843537414966 0.016965127238454288 0.034013605442176874
0 0.9052780395852968 0.1760204081632653 0.019792648444863337 0.03231292517006803
0 0.8746465598491989 0.24149659863945577 0.022620169651272386 0.04081632653061224
0 0.9307257304429783 0.2950680272108844 0.0235626767200754 0.05952380952380952
0 0.8223374175306315 0.23214285714285715 0.0235626767200754 0.05612244897959184
0 0.7648444863336475 0.23214285714285715 0.0235626767200754 0.05272108843537415
0 0.7408105560791706 0.20578231292517007 0.016965127238454288 0.04421768707482993
0 0.7163053722902922 0.1488095238095238 0.015080113100848256 0.0391156462585034
0 0.6979264844486334 0.1649659863945578 0.019792648444863337 0.03741496598639456
0 0.6635249764373233 0.18112244897959184 0.016965127238454288 0.03231292517006803
0 0.6672950047125353 0.21258503401360543 0.016965127238454288 0.05102040816326531
0 0.7054665409990575 0.22363945578231292 0.021677662582469368 0.04251700680272109
0 0.6639962299717248 0.2763605442176871 0.027332704995287466 0.04591836734693878
0 0.736569274269557 0.2857142857142857 0.027332704995287466 0.061224489795918366
0 0.8011310084825636 0.30272108843537415 0.020735155513666354 0.061224489795918366
0 0.5933081998114986 0.14965986394557823 0.016022620169651274 0.030612244897959183
0 0.5240339302544769 0.17261904761904762 0.01885014137606032 0.03571428571428571