0 0.07489878542510121 0.6515151515151515 0.05425101214574899 0.1265597147950089
0 0.21619433198380567 0.28609625668449196 0.021052631578947368 0.0481283422459893
0 0.22591093117408906 0.3155080213903743 0.024291497975708502 0.053475935828877004
0 0.2736842105263158 0.2611408199643494 0.019433198380566803 0.044563279857397504
0 0.29068825910931173 0.26559714795008915 0.017813765182186234 0.053475935828877004
0 0.3089068825910931 0.22370766488413546 0.01700404858299595 0.040998217468805706
0 0.32672064777327936 0.24955436720142601 0.020242914979757085 0.049910873440285206
0 0.3469635627530364 0.23351158645276293 0.01862348178137652 0.04634581105169341
0 0.36194331983805667 0.21746880570409982 0.017813765182186234 0.0427807486631016
0 0.3882591093117409 0.20677361853832443 0.015384615384615385 0.035650623885918005
0 0.36882591093117406 0.2816399286987522 0.01862348178137652 0.049910873440285206
0 0.39352226720647776 0.2718360071301248 0.017813765182186234 0.0481283422459893
0 0.42955465587044533 0.2103386809269162 0.015384615384615385 0.0427807486631016
0 0.4348178137651822 0.18538324420677363 0.017813765182186234 0.0427807486631016
0 0.4352226720647773 0.32620320855614976 0.02186234817813765 0.0570409982174688
0 0.4688259109311741 0.2647058823529412 0.021052631578947368 0.05169340463458111
0 0.4530364372469636 0.18449197860962566 0.015384615384615385 0.030303030303030304
0 0.4647773279352227 0.18716577540106952 0.012955465587044534 0.0392156862745098
0 0.4854251012145749 0.1711229946524064 0.015384615384615385 0.035650623885918005
0 0.4777327935222672 0.19429590017825313 0.017813765182186234 0.04634581105169341
0 0.494331983805668 0.22549019607843138 0.015384615384615385 0.044563279857397504
0 0.517004048582996 0.18716577540106952 0.01700404858299595 0.04634581105169341
0 0.5251012145748988 0.17557932263814616 0.015384615384615385 0.0374331550802139
0 0.554251012145749 0.15062388591800357 0.012145748987854251 0.0374331550802139
0 0.557085020242915 0.16934046345811052 0.016194331983805668 0.035650623885918005
0 0.5732793522267207 0.15508021390374332 0.014574898785425101 0.0392156862745098
0 0.5518218623481781 0.24777183600713013 0.01862348178137652 0.0427807486631016
0 0.5817813765182186 0.1889483065953654 0.015384615384615385 0.0392156862745098
0 0.6004048582995951 0.1354723707664884 0.015384615384615385 0.035650623885918005
0 0.6076923076923076 0.16934046345811052 0.015384615384615385 0.035650623885918005
0 0.6109311740890688 0.19429590017825313 0.01700404858299595 0.04634581105169341
0 0.6206477732793523 0.21568627450980393 0.01700404858299595 0.04634581105169341
0 0.6299595141700405 0.14705882352941177 0.012955465587044534 0.0374331550802139
0 0.6672064777327935 0.14616755793226383 0.012955465587044534 0.035650623885918005
0 0.6566801619433198 0.16488413547237077 0.014574898785425101 0.0374331550802139
0 0.6582995951417004 0.20231729055258468 0.012955465587044534 0.040998217468805706
0 0.6619433198380567 0.24509803921568626 0.01862348178137652 0.05525846702317291
0 0.6927125506072874 0.15508021390374332 0.012145748987854251 0.035650623885918005
0 0.6874493927125506 0.17023172905525846 0.014574898785425101 0.044563279857397504
0 0.7133603238866397 0.17023172905525846 0.014574898785425101 0.044563279857397504
0 0.6979757085020243 0.23529411764705882 0.016194331983805668 0.053475935828877004
0 0.6153846153846154 0.31996434937611407 0.024291497975708502 0.062388591800356503
0 0.5773279352226721 0.36452762923351156 0.027530364372469637 0.05525846702317291
0 0.6060728744939271 0.3966131907308378 0.02348178137651822 0.058823529411764705
0 0.6611336032388664 0.43137254901960786 0.02348178137651822 0.06417112299465241
0 0.7234817813765182 0.42513368983957217 0.026720647773279354 0.0659536541889483
0 0.7238866396761133 0.2816399286987522 0.019433198380566803 0.053475935828877004
0 0.7437246963562752 0.25133689839572193 0.01700404858299595 0.0427807486631016
0 0.751417004048583 0.21390374331550802 0.016194331983805668 0.0392156862745098
0 0.7740890688259109 0.20320855614973263 0.014574898785425101 0.0427807486631016
0 0.7817813765182187 0.22727272727272727 0.01700404858299595 0.044563279857397504
0 0.8105263157894737 0.21212121212121213 0.014574898785425101 0.0392156862745098
0 0.823076923076923 0.24866310160427807 0.01862348178137652 0.0374331550802139
0 0.802834008097166 0.26916221033868093 0.01862348178137652 0.04634581105169341
0 0.8178137651821862 0.3244206773618538 0.019433198380566803 0.0570409982174688
0 0.7526315789473684 0.32085561497326204 0.02186234817813765 0.0570409982174688
0 0.8004048582995952 0.4714795008912656 0.031578947368421054 0.08377896613190731
0 0.8676113360323887 0.5187165775401069 0.02834008097165992 0.09269162210338681
0 0.8854251012145749 0.43404634581105167 0.020242914979757085 0.0766488413547237
0 0.8688259109311741 0.37433155080213903 0.021052631578947368 0.06417112299465241
0 0.8651821862348178 0.33868092691622104 0.015384615384615385 0.049910873440285206
0 0.8874493927125506 0.32085561497326204 0.019433198380566803 0.04634581105169341
0 0.874089068825911 0.25935828877005346 0.015384615384615385 0.0374331550802139
0 0.8449392712550607 0.23351158645276293 0.015384615384615385 0.0392156862745098
0 0.8744939271255061 0.23529411764705882 0.017813765182186234 0.04634581105169341
0 0.9012145748987854 0.24331550802139038 0.014574898785425101 0.044563279857397504
0 0.9048582995951417 0.2825311942959002 0.013765182186234818 0.044563279857397504
0 0.954251012145749 0.2718360071301248 0.015384615384615385 0.040998217468805706
0 0.9842105263157894 0.2914438502673797 0.013765182186234818 0.044563279857397504
0 0.9801619433198381 0.3315508021390374 0.013765182186234818 0.03208556149732621
0 0.9761133603238866 0.35472370766488415 0.01862348178137652 0.0427807486631016
0 0.9777327935222672 0.3966131907308378 0.015384615384615385 0.05525846702317291
0 0.9323886639676113 0.29411764705882354 0.015384615384615385 0.04634581105169341
0 0.9279352226720647 0.35561497326203206 0.016194331983805668 0.05525846702317291
0 0.9489878542510122 0.41354723707664887 0.019433198380566803 0.07130124777183601
0 0.9607287449392713 0.48128342245989303 0.02348178137651822 0.08199643493761141