0 0.22861507128309572 0.36654478976234006 0.062118126272912425 0.11882998171846434
0 0.4424643584521385 0.22120658135283364 0.025458248472505093 0.04753199268738574
0 0.4684317718940937 0.2376599634369287 0.020366598778004074 0.043875685557586835
0 0.5325865580448065 0.2020109689213894 0.020366598778004074 0.04570383912248629
0 0.6186354378818737 0.19744058500914077 0.021384928716904276 0.051188299817184646
0 0.6359470468431772 0.2312614259597806 0.025458248472505093 0.05301645338208409
0 0.679735234215886 0.20749542961608775 0.025458248472505093 0.05301645338208409
0 0.6705702647657841 0.16910420475319926 0.019348268839103868 0.04570383912248629
0 0.714867617107943 0.18372943327239488 0.018329938900203666 0.038391224862888484
0 0.6883910386965377 0.25685557586837293 0.028513238289205704 0.04936014625228519
0 0.7265784114052953 0.30438756855575866 0.025458248472505093 0.05301645338208409
0 0.8228105906313645 0.24314442413162707 0.026476578411405296 0.054844606946983544
0 0.8691446028513238 0.2477148080438757 0.025458248472505093 0.05301645338208409
0 0.9063136456211812 0.3117001828153565 0.028513238289205704 0.06398537477148081
0 0.9368635437881874 0.31992687385740404 0.03054989816700611 0.06946983546617916