0 0.30848748639825896 0.23017408123791103 0.01632208922742111 0.030947775628626693
0 0.35092491838955386 0.20019342359767892 0.014145810663764961 0.029013539651837523
0 0.4134929270946681 0.20986460348162475 0.015233949945593036 0.0367504835589942
0 0.4368879216539717 0.2611218568665377 0.018498367791077257 0.03868471953578337
0 0.4439608269858542 0.23210831721470018 0.017410228509249184 0.030947775628626693
0 0.4396082698585419 0.18762088974854932 0.01958650707290533 0.03481624758220503
0 0.4624591947769314 0.14313346228239845 0.01088139281828074 0.027079303675048357
0 0.4912948857453754 0.16924564796905223 0.014145810663764961 0.03288201160541586
0 0.5059847660500544 0.2079303675048356 0.01958650707290533 0.0367504835589942
0 0.5603917301414582 0.18762088974854932 0.015233949945593036 0.030947775628626693
0 0.5462459194776932 0.17408123791102514 0.013057671381936888 0.030947775628626693
0 0.6305767138193689 0.12572533849129594 0.011969532100108813 0.030947775628626693
0 0.6278563656147987 0.2205029013539652 0.017410228509249184 0.03481624758220503
0 0.6365614798694232 0.3191489361702128 0.023939064200217627 0.05415860735009671
0 0.6381936887921654 0.27176015473887816 0.022850924918389554 0.04061895551257253
0 0.6735582154515778 0.29690522243713735 0.023939064200217627 0.05222437137330754
0 0.6741022850924918 0.3617021276595745 0.03373231773667029 0.06576402321083172
0 0.6681175190424374 0.23210831721470018 0.01958650707290533 0.04642166344294004
0 0.6659412404787813 0.19439071566731142 0.015233949945593036 0.03288201160541586
0 0.7312295973884657 0.2369439071566731 0.02176278563656148 0.04448742746615087
0 0.7731229597388466 0.2765957446808511 0.022850924918389554 0.05415860735009671
0 0.8188248095756256 0.2562862669245648 0.018498367791077257 0.04448742746615087
0 0.8443960826985855 0.31237911025145065 0.02176278563656148 0.05609284332688588
0 0.8656147986942329 0.2678916827852998 0.022850924918389554 0.05222437137330754
0 0.9085963003264418 0.3481624758220503 0.023939064200217627 0.0735009671179884
0 0.9309031556039173 0.23500967117988394 0.014145810663764961 0.03288201160541586
0 0.9646354733405876 0.2369439071566731 0.018498367791077257 0.048355899419729204