0 0.17166979362101314 0.33943427620632277 0.03564727954971857 0.07986688851913477
0 0.2101313320825516 0.3668885191347754 0.0300187617260788 0.07820299500831947
0 0.2570356472795497 0.2820299500831947 0.0225140712945591 0.04159733777038269
0 0.29362101313320826 0.2612312811980033 0.020637898686679174 0.033277870216306155
0 0.31378986866791747 0.27121464226289516 0.019699812382739212 0.033277870216306155
0 0.32645403377110693 0.25374376039933444 0.01876172607879925 0.04159733777038269
0 0.3128517823639775 0.22296173044925124 0.017823639774859287 0.029950083194675542
0 0.34568480300187615 0.21547420965058237 0.017823639774859287 0.03494176372712146
0 0.37570356472795496 0.22628951747088186 0.017823639774859287 0.036605657237936774
0 0.38602251407129456 0.19800332778702162 0.017823639774859287 0.033277870216306155
0 0.42870544090056284 0.21630615640599002 0.0150093808630394 0.036605657237936774
0 0.4540337711069418 0.22296173044925124 0.0225140712945591 0.03993344425956739
0 0.4718574108818011 0.24792013311148087 0.024390243902439025 0.03993344425956739
0 0.4165103189493433 0.16472545757071547 0.0150093808630394 0.029950083194675542
0 0.425891181988743 0.18469217970049917 0.016885553470919325 0.029950083194675542
0 0.4451219512195122 0.18635607321131448 0.019699812382739212 0.036605657237936774
0 0.4549718574108818 0.17554076539101499 0.01876172607879925 0.03161397670549085
0 0.45168855534709196 0.14143094841930118 0.01594746716697936 0.029950083194675542
0 0.47842401500938087 0.19717138103161397 0.0225140712945591 0.04159733777038269
0 0.5168855534709194 0.19966722129783693 0.0225140712945591 0.04326123128119801
0 0.48405253283302063 0.13311148086522462 0.0150093808630394 0.026622296173044926
0 0.4709193245778612 0.14725457570715475 0.013133208255159476 0.024958402662229616
0 0.5084427767354597 0.1622296173044925 0.013133208255159476 0.03161397670549085
0 0.5384615384615384 0.12479201331114809 0.013133208255159476 0.026622296173044926
0 0.5525328330206379 0.15557404326123128 0.01876172607879925 0.04492512479201331
0 0.5736397748592871 0.1772046589018303 0.017823639774859287 0.03494176372712146
0 0.5576923076923077 0.10732113144758736 0.014071294559099437 0.028286189683860232
0 0.5778611632270169 0.14226289517470883 0.013133208255159476 0.03494176372712146
0 0.5811444652908068 0.12312811980033278 0.012195121951219513 0.026622296173044926
0 0.5961538461538461 0.11813643926788686 0.012195121951219513 0.029950083194675542
0 0.6158536585365854 0.14226289517470883 0.017823639774859287 0.03826955074875208
0 0.6210131332082551 0.10815307820299501 0.0150093808630394 0.029950083194675542
0 0.6313320825515948 0.09484193011647254 0.01125703564727955 0.02329450915141431
0 0.648217636022514 0.09650582362728785 0.01125703564727955 0.026622296173044926
0 0.6716697936210131 0.11896838602329451 0.013133208255159476 0.024958402662229616
0 0.6890243902439024 0.09484193011647254 0.014071294559099437 0.036605657237936774
0 0.5084427767354597 0.29534109816971715 0.024390243902439025 0.048252911813643926
0 0.5323639774859287 0.33610648918469216 0.02345215759849906 0.04991680532445923
0 0.5712945590994372 0.23876871880199668 0.0225140712945591 0.048252911813643926
0 0.6083489681050657 0.2612312811980033 0.02345215759849906 0.04991680532445923
0 0.6022514071294559 0.30782029950083195 0.02626641651031895 0.059900166389351084
0 0.6350844277673546 0.20549084858569053 0.024390243902439025 0.04159733777038269
0 0.6618198874296435 0.20715474209650583 0.019699812382739212 0.04492512479201331
0 0.6702626641651032 0.17637271214642264 0.01594746716697936 0.036605657237936774
0 0.6937148217636022 0.18386023294509152 0.021575984990619138 0.04159733777038269
0 0.700750469043152 0.14559068219633944 0.020637898686679174 0.03826955074875208
0 0.723264540337711 0.14309484193011648 0.020637898686679174 0.04326123128119801
0 0.7368667917448405 0.12229617304492513 0.017823639774859287 0.03494176372712146
0 0.7453095684803002 0.10232945091514144 0.01594746716697936 0.03161397670549085
0 0.7504690431519699 0.14226289517470883 0.0150093808630394 0.03494176372712146
0 0.7659474671669794 0.13227953410981697 0.014071294559099437 0.03826955074875208
0 0.7837711069418386 0.12312811980033278 0.012195121951219513 0.029950083194675542
0 0.8053470919324578 0.12396006655574043 0.01594746716697936 0.03826955074875208
0 0.7898686679174484 0.18718801996672213 0.016885553470919325 0.03494176372712146
0 0.7523452157598499 0.16971713810316139 0.0150093808630394 0.03993344425956739
0 0.7415572232645403 0.1913477537437604 0.021575984990619138 0.04326123128119801
0 0.7101313320825516 0.27454242928452577 0.028142589118198873 0.056572379367720464
0 0.6613508442776735 0.29866888519134777 0.03189493433395872 0.05490848585690516
0 0.6651031894934334 0.36023294509151416 0.0300187617260788 0.064891846921797
0 0.6904315196998124 0.22129783693843594 0.028142589118198873 0.04658901830282862
0 0.774390243902439 0.2237936772046589 0.02345215759849906 0.05490848585690516
0 0.7875234521575984 0.28036605657237934 0.02345215759849906 0.051580698835274545
0 0.8062851782363978 0.2562396006655574 0.02345215759849906 0.05324459234608985
0 0.8161350844277674 0.16638935108153077 0.020637898686679174 0.04326123128119801
0 0.8461538461538461 0.17054908485856904 0.016885553470919325 0.04492512479201331
0 0.8461538461538461 0.13643926788685523 0.013133208255159476 0.026622296173044926
0 0.8653846153846154 0.14143094841930118 0.01594746716697936 0.033277870216306155
0 0.8911819887429644 0.16888519134775373 0.016885553470919325 0.04159733777038269
0 0.8930581613508443 0.14226289517470883 0.0150093808630394 0.024958402662229616
0 0.8888367729831145 0.2146422628951747 0.021575984990619138 0.04658901830282862
0 0.9263602251407129 0.2504159733777038 0.027204502814258912 0.048252911813643926
0 0.9235459662288931 0.19384359400998336 0.017823639774859287 0.04159733777038269
0 0.9282363977485929 0.15557404326123128 0.017823639774859287 0.03494176372712146