0 0.19821092278719396 0.3516666666666667 0.044256120527306965 0.09333333333333334
0 0.2843691148775895 0.2525 0.02448210922787194 0.045
0 0.3149717514124294 0.21666666666666667 0.014124293785310734 0.02666666666666667
0 0.3154425612052731 0.265 0.01694915254237288 0.03333333333333333
0 0.3375706214689266 0.2683333333333333 0.01977401129943503 0.03666666666666667
0 0.3455743879472693 0.22 0.018832391713747645 0.03333333333333333
0 0.3714689265536723 0.20833333333333334 0.014124293785310734 0.03333333333333333
0 0.3785310734463277 0.22833333333333333 0.02071563088512241 0.03
0 0.39030131826742 0.1975 0.021657250470809793 0.045
0 0.4307909604519774 0.2825 0.023540489642184557 0.055
0 0.423728813559322 0.21416666666666667 0.02071563088512241 0.041666666666666664
0 0.4256120527306968 0.17166666666666666 0.01694915254237288 0.03
0 0.4406779661016949 0.19416666666666665 0.018832391713747645 0.035
0 0.4599811676082863 0.215 0.017890772128060263 0.03666666666666667
0 0.4628060263653484 0.18833333333333332 0.017890772128060263 0.03333333333333333
0 0.449623352165725 0.17083333333333334 0.017890772128060263 0.028333333333333332
0 0.4505649717514124 0.14583333333333334 0.0160075329566855 0.025
0 0.4726930320150659 0.1525 0.015065913370998116 0.035
0 0.4957627118644068 0.18916666666666668 0.01977401129943503 0.035
0 0.5037664783427496 0.17416666666666666 0.01694915254237288 0.028333333333333332
0 0.4872881355932203 0.12833333333333333 0.014124293785310734 0.02666666666666667
0 0.524482109227872 0.14 0.018832391713747645 0.03333333333333333
0 0.5508474576271186 0.15916666666666668 0.01694915254237288 0.035
0 0.5461393596986818 0.1925 0.02071563088512241 0.041666666666666664
0 0.5739171374764596 0.16416666666666666 0.0160075329566855 0.03833333333333333
0 0.5555555555555556 0.12083333333333333 0.013182674199623353 0.03166666666666667
0 0.5828625235404896 0.1175 0.015065913370998116 0.025
0 0.5805084745762712 0.13666666666666666 0.0160075329566855 0.023333333333333334
0 0.5918079096045198 0.09916666666666667 0.0160075329566855 0.025
0 0.6078154425612052 0.115 0.01224105461393597 0.02666666666666667
0 0.6177024482109228 0.0975 0.013182674199623353 0.025
0 0.6214689265536724 0.13833333333333334 0.01694915254237288 0.03333333333333333
0 0.6374764595103578 0.10916666666666666 0.013182674199623353 0.028333333333333332
0 0.6501883239171374 0.09916666666666667 0.0160075329566855 0.03166666666666667
0 0.667608286252354 0.11833333333333333 0.01694915254237288 0.03
0 0.6925612052730696 0.09666666666666666 0.0160075329566855 0.03333333333333333
0 0.6572504708097928 0.16083333333333333 0.022598870056497175 0.045
0 0.6657250470809792 0.19833333333333333 0.02071563088512241 0.05333333333333334
0 0.6064030131826742 0.20833333333333334 0.026365348399246705 0.04666666666666667
0 0.6101694915254238 0.2525 0.030131826741996232 0.055
0 0.5621468926553672 0.2475 0.026365348399246705 0.04833333333333333
0 0.5470809792843692 0.30583333333333335 0.03389830508474576 0.065
0 0.4934086629001883 0.2975 0.02824858757062147 0.051666666666666666
0 0.6817325800376648 0.3275 0.032015065913371 0.065
0 0.6106403013182674 0.33666666666666667 0.038606403013182675 0.07
0 0.6652542372881356 0.25 0.01977401129943503 0.05
0 0.7095103578154426 0.22083333333333333 0.023540489642184557 0.04833333333333333
0 0.7184557438794726 0.2816666666666667 0.030131826741996232 0.06666666666666667
0 0.7711864406779662 0.2841666666666667 0.026365348399246705 0.055
0 0.6972693032015066 0.17833333333333334 0.017890772128060263 0.04
0 0.6963276836158192 0.1425 0.017890772128060263 0.03833333333333333
0 0.7123352165725048 0.1325 0.017890772128060263 0.045
0 0.7349340866290018 0.12666666666666668 0.0160075329566855 0.03333333333333333
0 0.7490583804143126 0.1425 0.014124293785310734 0.035
0 0.7368173258003766 0.16083333333333333 0.017890772128060263 0.03833333333333333
0 0.7490583804143126 0.18666666666666668 0.017890772128060263 0.04666666666666667
0 0.7603578154425612 0.1775 0.014124293785310734 0.03833333333333333
0 0.7669491525423728 0.13083333333333333 0.0160075329566855 0.03166666666666667
0 0.754708097928437 0.10333333333333333 0.0160075329566855 0.02666666666666667
0 0.8027306967984934 0.17583333333333334 0.021657250470809793 0.041666666666666664
0 0.8121468926553672 0.12583333333333332 0.01224105461393597 0.03166666666666667
0 0.8050847457627118 0.14083333333333334 0.013182674199623353 0.021666666666666667
0 0.8328625235404896 0.13583333333333333 0.0160075329566855 0.03833333333333333
0 0.826271186440678 0.1675 0.0160075329566855 0.03833333333333333
0 0.847457627118644 0.18583333333333332 0.01694915254237288 0.04833333333333333
0 0.867231638418079 0.16416666666666666 0.018832391713747645 0.03833333333333333
0 0.8691148775894538 0.13416666666666666 0.015065913370998116 0.028333333333333332
0 0.8813559322033898 0.18333333333333332 0.02071563088512241 0.04666666666666667
0 0.8728813559322034 0.22583333333333333 0.022598870056497175 0.051666666666666666
0 0.9180790960451978 0.2783333333333333 0.02448210922787194 0.06
0 0.923728813559322 0.18416666666666667 0.018832391713747645 0.041666666666666664
0 0.897834274952919 0.16583333333333333 0.014124293785310734 0.035
0 0.9020715630885122 0.13 0.015065913370998116 0.03
0 0.9265536723163842 0.1475 0.015065913370998116 0.03166666666666667