0 0.10211591536338546 0.4316309719934102 0.025758969641214352 0.06260296540362438
0 0.12143514259429623 0.3418451400329489 0.02391904323827047 0.047775947281713346
0 0.14305427782888686 0.3369028006589786 0.019319227230910764 0.04118616144975288
0 0.19043238270469182 0.27347611202635913 0.02207911683532659 0.036243822075782535
0 0.16513339466421342 0.3830313014827018 0.028518859245630176 0.06754530477759473
0 0.17893284268629256 0.49093904448105435 0.045078196872125116 0.08237232289950576
0 0.3638454461821527 0.17545304777594728 0.013799448022079117 0.03459637561779242
0 0.41766329346826125 0.17215815485996705 0.014719411223551058 0.03789126853377265
0 0.6619135234590616 0.10790774299835255 0.017479300827966882 0.04118616144975288
0 0.7419503219871205 0.12191103789126853 0.021159153633854646 0.04942339373970346
0 0.750229990800368 0.26935749588138386 0.05243790248390064 0.1070840197693575
0 0.7769089236430543 0.2775947281713344 0.046918123275068994 0.07413509060955518
0 0.5551977920883164 0.05601317957166392 0.015639374425023 0.026359143327841845