0 0.8793650793650793 0.4225941422594142 0.031746031746031744 0.08089260808926081
0 0.796031746031746 0.38842398884239887 0.026984126984126985 0.0794979079497908
0 0.834920634920635 0.3186889818688982 0.023809523809523808 0.06276150627615062
0 0.8896825396825396 0.301952580195258 0.023809523809523808 0.05439330543933055
0 0.8563492063492063 0.25174337517433754 0.020634920634920634 0.04881450488145049
0 0.8702380952380953 0.23570432357043236 0.018253968253968255 0.05299860529986053
0 0.9055555555555556 0.25453277545327757 0.01904761904761905 0.04881450488145049
0 0.9134920634920635 0.24337517433751743 0.022222222222222223 0.04881450488145049
0 0.8944444444444445 0.15620641562064155 0.012698412698412698 0.030683403068340307
0 0.8888888888888888 0.17782426778242677 0.015873015873015872 0.03486750348675035
0 0.8539682539682539 0.16527196652719664 0.014285714285714285 0.03486750348675035
0 0.8376984126984127 0.12273361227336123 0.011904761904761904 0.02789400278940028
0 0.819047619047619 0.14435146443514643 0.009523809523809525 0.03207810320781032
0 0.7992063492063493 0.17852161785216178 0.015873015873015872 0.03626220362622036
0 0.8218253968253968 0.2196652719665272 0.016666666666666666 0.03486750348675035
0 0.8138888888888889 0.23500697350069735 0.016666666666666666 0.040446304044630406
0 0.8067460317460318 0.1206415620641562 0.011904761904761904 0.029288702928870293
0 0.7805555555555556 0.11436541143654114 0.00873015873015873 0.02789400278940028
0 0.7781746031746032 0.16178521617852162 0.013492063492063493 0.030683403068340307
0 0.7313492063492063 0.11227336122733612 0.010317460317460317 0.026499302649930265
0 0.75 0.14156206415620642 0.012698412698412698 0.026499302649930265
0 0.7444444444444445 0.16596931659693165 0.015873015873015872 0.03347280334728033
0 0.7154761904761905 0.16596931659693165 0.013492063492063493 0.02789400278940028
0 0.7238095238095238 0.1799163179916318 0.015873015873015872 0.03626220362622036
0 0.7063492063492064 0.21687587168758718 0.01746031746031746 0.043235704323570434
0 0.7742063492063492 0.20641562064156208 0.018253968253968255 0.04184100418410042
0 0.7658730158730159 0.22454672245467225 0.015873015873015872 0.03905160390516039
0 0.7662698412698413 0.29358437935843795 0.018253968253968255 0.040446304044630406
0 0.6916666666666667 0.10739191073919108 0.011904761904761904 0.02789400278940028
0 0.6662698412698412 0.12273361227336123 0.011904761904761904 0.02510460251046025
0 0.6757936507936508 0.1910739191073919 0.01507936507936508 0.04184100418410042
0 0.651984126984127 0.22524407252440726 0.016666666666666666 0.040446304044630406
0 0.6575396825396825 0.2608089260808926 0.02142857142857143 0.058577405857740586
0 0.6376984126984127 0.09623430962343096 0.010317460317460317 0.02510460251046025
0 0.6440476190476191 0.11157601115760112 0.010317460317460317 0.02510460251046025
0 0.6384920634920634 0.13179916317991633 0.013492063492063493 0.03765690376569038
0 0.5904761904761905 0.100418410041841 0.006349206349206349 0.016736401673640166
0 0.6091269841269841 0.11297071129707113 0.00873015873015873 0.019525801952580194
0 0.6083333333333333 0.14853556485355648 0.011904761904761904 0.03207810320781032
0 0.5634920634920635 0.12622036262203626 0.009523809523809525 0.023709902370990237
0 0.584920634920635 0.14853556485355648 0.012698412698412698 0.029288702928870293
0 0.6023809523809524 0.21269177126917713 0.015873015873015872 0.03765690376569038
0 0.6027777777777777 0.25871687587168757 0.01984126984126984 0.05439330543933055
0 0.6313492063492063 0.29567642956764295 0.024603174603174603 0.061366806136680614
0 0.5650793650793651 0.24686192468619247 0.01746031746031746 0.04741980474198047
0 0.5432539682539682 0.28172942817294283 0.02619047619047619 0.061366806136680614
0 0.5626984126984127 0.17573221757322174 0.014285714285714285 0.03347280334728033
0 0.5468253968253968 0.16178521617852162 0.014285714285714285 0.030683403068340307
0 0.5273809523809524 0.1387726638772664 0.011904761904761904 0.026499302649930265
0 0.5047619047619047 0.13668061366806136 0.007936507936507936 0.022315202231520222
0 0.5154761904761904 0.1603905160390516 0.011904761904761904 0.02510460251046025
0 0.5003968253968254 0.18340306834030684 0.016666666666666666 0.04602510460251046
0 0.49126984126984125 0.15760111576011157 0.009523809523809525 0.022315202231520222
0 0.45357142857142857 0.14435146443514643 0.010317460317460317 0.026499302649930265
0 0.4650793650793651 0.15690376569037656 0.009523809523809525 0.026499302649930265
0 0.4376984126984127 0.1694560669456067 0.010317460317460317 0.029288702928870293
0 0.4496031746031746 0.16875871687587168 0.011904761904761904 0.02510460251046025
0 0.4496031746031746 0.21269177126917713 0.01507936507936508 0.03765690376569038
0 0.4642857142857143 0.23640167364016737 0.020634920634920634 0.04602510460251046
0 0.41309523809523807 0.19316596931659694 0.011904761904761904 0.029288702928870293
0 0.3976190476190476 0.2308228730822873 0.015873015873015872 0.03486750348675035
0 0.3884920634920635 0.26220362622036264 0.016666666666666666 0.03626220362622036
0 0.31547619047619047 0.24476987447698745 0.01507936507936508 0.03765690376569038
0 0.326984126984127 0.25662482566248257 0.015873015873015872 0.03626220362622036
0 0.348015873015873 0.2412831241283124 0.01507936507936508 0.04184100418410042
0 0.348015873015873 0.21199442119944212 0.016666666666666666 0.03626220362622036
0 0.37023809523809526 0.23500697350069735 0.01507936507936508 0.03207810320781032
0 0.35714285714285715 0.2580195258019526 0.01904761904761905 0.03905160390516039
0 0.20753968253968255 0.40585774058577406 0.0373015873015873 0.07810320781032078