0 0.17015285599356395 0.4831697054698457 0.04424778761061947 0.06591865357643759
0 0.2932421560740145 0.2643758765778401 0.02172164119066774 0.04067321178120617
0 0.3089300080450523 0.22230014025245443 0.016090104585679808 0.02664796633941094
0 0.33467417538214 0.22510518934081347 0.019308125502815767 0.029453015427769985
0 0.3600160901045857 0.2152875175315568 0.016894609814963796 0.02664796633941094
0 0.3700724054706356 0.24544179523141654 0.017699115044247787 0.033660589060308554
0 0.3254223652453741 0.26718092566619916 0.02172164119066774 0.03506311360448808
0 0.39662107803700725 0.2496493688639551 0.02252614641995173 0.0364656381486676
0 0.3930008045052293 0.28190743338008417 0.02654867256637168 0.05049088359046283
0 0.38495575221238937 0.22019635343618513 0.016894609814963796 0.030855539971949508
0 0.4022526146419952 0.2187938288920056 0.017699115044247787 0.03927068723702665
0 0.413113435237329 0.19424964936886396 0.016894609814963796 0.037868162692847124
0 0.43925985518905875 0.16549789621318373 0.012872083668543845 0.030855539971949508
0 0.4497184231697506 0.17251051893408134 0.014481094127111826 0.025245441795231416
0 0.4581657280772325 0.1388499298737728 0.013676588897827836 0.030855539971949508
0 0.4766693483507643 0.14305750350631136 0.012067578439259855 0.025245441795231416
0 0.48551890587288815 0.1388499298737728 0.013676588897827836 0.030855539971949508
0 0.5140788415124699 0.13113604488078542 0.012872083668543845 0.02664796633941094
0 0.5321802091713597 0.1276297335203366 0.012067578439259855 0.025245441795231416
0 0.5695897023330652 0.11150070126227209 0.012872083668543845 0.02664796633941094
0 0.5937248592115849 0.10659186535764376 0.016090104585679808 0.028050490883590462
0 0.5663716814159292 0.1332398316970547 0.016090104585679808 0.0364656381486676
0 0.5233306516492358 0.15638148667601684 0.016894609814963796 0.029453015427769985
0 0.5370072405470635 0.17601683029453016 0.0249396621078037 0.029453015427769985
0 0.5088495575221239 0.18723702664796635 0.02172164119066774 0.037868162692847124
0 0.4485116653258246 0.21458625525946703 0.02333065164923572 0.03927068723702665
0 0.47385358004827033 0.24333800841514727 0.027353177795655673 0.04067321178120617
0 0.588093322606597 0.16129032258064516 0.02091713596138375 0.0364656381486676
0 0.6122284794851166 0.13955119214586256 0.017699115044247787 0.037868162692847124
0 0.6194690265486725 0.105890603085554 0.011263073209975865 0.021037868162692847
0 0.6267095736122285 0.09046283309957924 0.012872083668543845 0.021037868162692847
0 0.6452131938857603 0.09607293127629733 0.014481094127111826 0.021037868162692847
0 0.6488334674175382 0.1276297335203366 0.01850362027353178 0.02244039270687237
0 0.672968624296058 0.09396914446002805 0.013676588897827836 0.019635343618513323
0 0.6769911504424779 0.11991584852734923 0.016894609814963796 0.03506311360448808
0 0.6950925181013676 0.09957924263674614 0.012872083668543845 0.016830294530154277
0 0.7546259050683829 0.10799438990182328 0.016090104585679808 0.028050490883590462
0 0.7956556717618665 0.105890603085554 0.011263073209975865 0.02664796633941094
0 0.8173773129525342 0.11781206171107994 0.012872083668543845 0.030855539971949508
0 0.8419147224456959 0.12833099579242638 0.013676588897827836 0.029453015427769985
0 0.8479485116653258 0.12131837307152875 0.011263073209975865 0.02664796633941094
0 0.8793242156074015 0.13043478260869565 0.012872083668543845 0.028050490883590462
0 0.8724859211584876 0.1458625525946704 0.013676588897827836 0.033660589060308554
0 0.8612228479485117 0.15568022440392706 0.01850362027353178 0.03927068723702665
0 0.825422365245374 0.15918653576437589 0.017699115044247787 0.03506311360448808
0 0.7855993563958166 0.1514726507713885 0.015285599356395816 0.03927068723702665
0 0.8061142397425584 0.1774193548387097 0.017699115044247787 0.03506311360448808
0 0.7276749798873693 0.12903225806451613 0.016894609814963796 0.030855539971949508
0 0.7465808527755431 0.14165497896213183 0.017699115044247787 0.033660589060308554
0 0.7349155269509252 0.17391304347826086 0.02011263073209976 0.033660589060308554
0 0.6926790024135157 0.15568022440392706 0.017699115044247787 0.025245441795231416
0 0.6926790024135157 0.18513323983169705 0.017699115044247787 0.03927068723702665
0 0.7067578439259855 0.2152875175315568 0.02172164119066774 0.04908835904628331
0 0.674979887369268 0.22019635343618513 0.02091713596138375 0.033660589060308554
0 0.666532582461786 0.258765778401122 0.0249396621078037 0.043478260869565216
0 0.6255028157683025 0.20476858345021037 0.01850362027353178 0.04488078541374474
0 0.6130329847144006 0.2426367461430575 0.02574416733708769 0.047685834502103785
0 0.5683829444891392 0.24684431977559607 0.0249396621078037 0.03927068723702665
0 0.5386162510056315 0.2959326788218794 0.031375703942075624 0.056100981767180924
0 0.6134352373290426 0.3225806451612903 0.031375703942075624 0.05329593267882188
0 0.7558326629123089 0.22510518934081347 0.0249396621078037 0.05750350631136045
0 0.7831858407079646 0.19845722300140253 0.015285599356395816 0.037868162692847124
0 0.7731295253419147 0.28541374474053294 0.027353177795655673 0.051893408134642355
0 0.8238133547868061 0.2517531556802244 0.02091713596138375 0.043478260869565216
0 0.8399034593724859 0.21037868162692847 0.017699115044247787 0.030855539971949508
0 0.913515687851971 0.13464235624123422 0.013676588897827836 0.028050490883590462
0 0.9066773934030571 0.14866760168302945 0.016090104585679808 0.033660589060308554
0 0.9392598551890587 0.15287517531556802 0.015285599356395816 0.028050490883590462
0 0.8982300884955752 0.18022440392706873 0.016894609814963796 0.03225806451612903
0 0.8797264682220435 0.21248246844319776 0.015285599356395816 0.03506311360448808
0 0.9283990345937249 0.22791023842917252 0.019308125502815767 0.043478260869565216
0 0.9400643604183427 0.20196353436185133 0.016894609814963796 0.033660589060308554
0 0.8930008045052292 0.2503506311360449 0.02413515687851971 0.04067321178120617
0 0.8576025744167337 0.2861150070126227 0.027353177795655673 0.04488078541374474
0 0.913113435237329 0.32748948106591863 0.02413515687851971 0.0546984572230014
0 0.8177795655671762 0.35694249649368864 0.036202735317779566 0.06591865357643759
0 0.8849557522123894 0.41304347826086957 0.03700724054706356 0.07152875175315568