0 0.12974051896207583 0.4698046181172291 0.05788423153692615 0.10479573712255773
0 0.312874251497006 0.2246891651865009 0.016966067864271458 0.047957371225577264
0 0.312874251497006 0.1989342806394316 0.012974051896207584 0.028419182948490232
0 0.34830339321357284 0.1936056838365897 0.013972055888223553 0.03197158081705151
0 0.4106786427145709 0.19182948490230906 0.016966067864271458 0.03907637655417407
0 0.44610778443113774 0.20159857904085257 0.015968063872255488 0.037300177619893425
0 0.44610778443113774 0.16785079928952043 0.013972055888223553 0.02664298401420959
0 0.4755489021956088 0.21492007104795738 0.018962075848303395 0.046181172291296625
0 0.47954091816367267 0.18561278863232683 0.016966067864271458 0.03374777975133215
0 0.530938123752495 0.1980461811722913 0.017964071856287425 0.037300177619893425
0 0.561377245508982 0.15186500888099466 0.014970059880239521 0.03374777975133215
0 0.5823353293413174 0.15719360568383658 0.016966067864271458 0.03374777975133215
0 0.6142714570858283 0.09147424511545293 0.010978043912175649 0.02664298401420959
0 0.6866267465069861 0.11545293072824156 0.011976047904191617 0.03197158081705151
0 0.6996007984031936 0.11101243339253997 0.011976047904191617 0.02664298401420959
0 0.5129740518962076 0.29307282415630553 0.01996007984031936 0.05328596802841918
0 0.5828343313373253 0.2291296625222025 0.01996007984031936 0.04262877442273535
0 0.5898203592814372 0.283303730017762 0.017964071856287425 0.05150976909413854
0 0.6062874251497006 0.2824156305506217 0.02694610778443114 0.0674955595026643
0 0.625748502994012 0.2690941385435169 0.02594810379241517 0.0586145648312611
0 0.6781437125748503 0.2353463587921847 0.020958083832335328 0.04085257548845471
0 0.688622754491018 0.32238010657193605 0.033932135728542916 0.07282415630550622
0 0.6746506986027944 0.20426287744227353 0.01996007984031936 0.04262877442273535
0 0.6761477045908184 0.1660746003552398 0.014970059880239521 0.03374777975133215
0 0.7060878243512974 0.1847246891651865 0.016966067864271458 0.046181172291296625
0 0.7215568862275449 0.21936056838365897 0.01996007984031936 0.04440497335701599
0 0.7250499001996008 0.35168738898756663 0.0249500998003992 0.06394316163410302
0 0.7425149700598802 0.16785079928952043 0.011976047904191617 0.037300177619893425
0 0.7619760479041916 0.14120781527531084 0.012974051896207584 0.03374777975133215
0 0.7839321357285429 0.1269982238010657 0.010978043912175649 0.023090586145648313
0 0.7869261477045908 0.16785079928952043 0.014970059880239521 0.04440497335701599
0 0.8013972055888223 0.1891651865008881 0.013972055888223553 0.037300177619893425
0 0.8288423153692615 0.1714031971580817 0.012974051896207584 0.03019538188277087
0 0.841816367265469 0.1447602131438721 0.012974051896207584 0.03374777975133215
0 0.841816367265469 0.1811722912966252 0.014970059880239521 0.04262877442273535
0 0.8677644710578842 0.17761989342806395 0.012974051896207584 0.03197158081705151
0 0.904690618762475 0.15541740674955595 0.012974051896207584 0.037300177619893425
0 0.9406187624750499 0.1660746003552398 0.014970059880239521 0.03019538188277087
0 0.8383233532934131 0.23001776198934282 0.017964071856287425 0.04085257548845471
0 0.8078842315369261 0.25754884547069273 0.018962075848303395 0.046181172291296625
0 0.813872255489022 0.27886323268206037 0.018962075848303395 0.046181172291296625
0 0.8158682634730539 0.3463587921847247 0.02694610778443114 0.06039076376554174
0 0.846307385229541 0.31793960923623443 0.023952095808383235 0.06039076376554174
0 0.9031936127744511 0.413854351687389 0.02594810379241517 0.07460035523978685
0 0.9201596806387226 0.3241563055062167 0.01996007984031936 0.05150976909413854
0 0.909181636726547 0.30017761989342806 0.023952095808383235 0.046181172291296625
0 0.8672654690618763 0.28685612788632325 0.021956087824351298 0.03374777975133215
0 0.8887225548902196 0.22291296625222023 0.016966067864271458 0.05150976909413854
0 0.9291417165668663 0.238898756660746 0.017964071856287425 0.047957371225577264
0 0.9461077844311377 0.19982238010657194 0.013972055888223553 0.03019538188277087
0 0.9236526946107785 0.15808170515097691 0.010978043912175649 0.03197158081705151
0 0.8802395209580839 0.14120781527531084 0.011976047904191617 0.03019538188277087
0 0.8772455089820359 0.15896980461811722 0.011976047904191617 0.03374777975133215
0 0.8163672654690619 0.18206039076376554 0.015968063872255488 0.047957371225577264
0 0.6297405189620758 0.216696269982238 0.01996007984031936 0.04262877442273535
0 0.4181636726546906 0.14653641207815277 0.011976047904191617 0.019538188277087035
0 0.4181636726546906 0.1660746003552398 0.013972055888223553 0.03019538188277087
0 0.47355289421157687 0.14564831261101244 0.010978043912175649 0.028419182948490232
0 0.49500998003992014 0.14298401420959148 0.011976047904191617 0.03019538188277087
0 0.5179640718562875 0.15008880994671403 0.013972055888223553 0.03374777975133215
0 0.5354291417165669 0.12788632326820604 0.010978043912175649 0.028419182948490232
0 0.593812375249501 0.10035523978685613 0.00998003992015968 0.023090586145648313
0 0.5878243512974052 0.14120781527531084 0.015968063872255488 0.03019538188277087
0 0.6312375249500998 0.0941385435168739 0.008982035928143712 0.021314387211367674
0 0.6357285429141717 0.11900532859680284 0.00998003992015968 0.028419182948490232
0 0.6317365269461078 0.13587921847246892 0.011976047904191617 0.03019538188277087
0 0.654690618762475 0.12788632326820604 0.011976047904191617 0.028419182948490232
0 0.5494011976047904 0.152753108348135 0.010978043912175649 0.028419182948490232