0 0.12913385826771653 0.506859756097561 0.050393700787401574 0.11432926829268293
0 0.2389763779527559 0.25 0.01653543307086614 0.039634146341463415
0 0.24645669291338582 0.2652439024390244 0.02047244094488189 0.042682926829268296
0 0.29133858267716534 0.22713414634146342 0.01889763779527559 0.039634146341463415
0 0.3106299212598425 0.23094512195121952 0.01968503937007874 0.041158536585365856
0 0.3224409448818898 0.20045731707317074 0.01811023622047244 0.038109756097560975
0 0.34291338582677167 0.20884146341463414 0.01968503937007874 0.039634146341463415
0 0.3637795275590551 0.20045731707317074 0.01732283464566929 0.0350609756097561
0 0.3775590551181102 0.18902439024390244 0.014960629921259842 0.03048780487804878
0 0.37913385826771656 0.24923780487804878 0.02125984251968504 0.04725609756097561
0 0.4019685039370079 0.18140243902439024 0.014960629921259842 0.036585365853658534
0 0.4149606299212598 0.21646341463414634 0.01732283464566929 0.036585365853658534
0 0.45236220472440947 0.2842987804878049 0.02283464566929134 0.053353658536585365
0 0.4456692913385827 0.16158536585365854 0.01732283464566929 0.03048780487804878
0 0.4452755905511811 0.1836890243902439 0.01653543307086614 0.038109756097560975
0 0.4763779527559055 0.15548780487804878 0.015748031496062992 0.03353658536585366
0 0.49015748031496065 0.16615853658536586 0.01653543307086614 0.039634146341463415
0 0.5086614173228347 0.14557926829268292 0.012598425196850394 0.03201219512195122
0 0.5283464566929134 0.16158536585365854 0.01732283464566929 0.039634146341463415
0 0.5366141732283465 0.15320121951219512 0.014960629921259842 0.038109756097560975
0 0.5070866141732283 0.19664634146341464 0.02047244094488189 0.036585365853658534
0 0.48346456692913387 0.23170731707317074 0.02204724409448819 0.04878048780487805
0 0.5606299212598426 0.2035060975609756 0.01732283464566929 0.0350609756097561
0 0.5641732283464567 0.13414634146341464 0.01653543307086614 0.03353658536585366
0 0.568503937007874 0.15396341463414634 0.015748031496062992 0.036585365853658534
0 0.5877952755905512 0.18673780487804878 0.01653543307086614 0.0350609756097561
0 0.5929133858267717 0.1638719512195122 0.01732283464566929 0.0350609756097561
0 0.5877952755905512 0.13338414634146342 0.01653543307086614 0.03201219512195122
0 0.610236220472441 0.11509146341463415 0.015748031496062992 0.028963414634146343
0 0.6165354330708661 0.14786585365853658 0.015748031496062992 0.03048780487804878
0 0.621259842519685 0.16844512195121952 0.014173228346456693 0.038109756097560975
0 0.6311023622047244 0.1875 0.014960629921259842 0.036585365853658534
0 0.6248031496062992 0.2766768292682927 0.024409448818897637 0.05945121951219512
0 0.587007874015748 0.31402439024390244 0.027559055118110236 0.04573170731707317
0 0.6122047244094488 0.3513719512195122 0.029133858267716535 0.05945121951219512
0 0.6413385826771654 0.12728658536585366 0.013385826771653543 0.0350609756097561
0 0.6716535433070866 0.13490853658536586 0.015748031496062992 0.028963414634146343
0 0.6653543307086615 0.14634146341463414 0.015748031496062992 0.03353658536585366
0 0.6688976377952756 0.1722560975609756 0.013385826771653543 0.03048780487804878
0 0.6854330708661417 0.17530487804878048 0.013385826771653543 0.03353658536585366
0 0.6988188976377953 0.13033536585365854 0.014960629921259842 0.03201219512195122
0 0.7181102362204724 0.1486280487804878 0.015748031496062992 0.0350609756097561
0 0.7074803149606299 0.2027439024390244 0.01811023622047244 0.042682926829268296
0 0.6708661417322834 0.23323170731707318 0.02204724409448819 0.054878048780487805
0 0.6669291338582677 0.3803353658536585 0.025196850393700787 0.05945121951219512
0 0.7311023622047244 0.3673780487804878 0.025984251968503937 0.06097560975609756
0 0.7547244094488189 0.18445121951219512 0.014960629921259842 0.03048780487804878
0 0.7444881889763779 0.19588414634146342 0.014960629921259842 0.038109756097560975
0 0.7492125984251968 0.21798780487804878 0.01811023622047244 0.039634146341463415
0 0.7326771653543307 0.24695121951219512 0.01968503937007874 0.054878048780487805
0 0.7598425196850394 0.2736280487804878 0.02204724409448819 0.04725609756097561
0 0.7791338582677165 0.16996951219512196 0.01653543307086614 0.025914634146341462
0 0.7838582677165354 0.2027439024390244 0.01653543307086614 0.039634146341463415
0 0.8137795275590551 0.1836890243902439 0.014960629921259842 0.038109756097560975
0 0.8224409448818898 0.21265243902439024 0.01653543307086614 0.041158536585365856
0 0.8023622047244094 0.22942073170731708 0.01732283464566929 0.04420731707317073
0 0.8094488188976378 0.2919207317073171 0.02204724409448819 0.056402439024390245
0 0.8496062992125984 0.20579268292682926 0.01732283464566929 0.036585365853658534
0 0.8688976377952756 0.22103658536585366 0.01811023622047244 0.03353658536585366
0 0.8830708661417322 0.21798780487804878 0.01653543307086614 0.039634146341463415
0 0.9114173228346457 0.21951219512195122 0.01653543307086614 0.039634146341463415
0 0.9043307086614173 0.24466463414634146 0.014960629921259842 0.0350609756097561
0 0.9346456692913386 0.2553353658536585 0.015748031496062992 0.038109756097560975
0 0.9519685039370078 0.2339939024390244 0.014173228346456693 0.041158536585365856
0 0.9287401574803149 0.3079268292682927 0.014960629921259842 0.04878048780487805
0 0.8909448818897637 0.27439024390243905 0.01811023622047244 0.039634146341463415
0 0.8767716535433071 0.29573170731707316 0.01811023622047244 0.042682926829268296
0 0.862992125984252 0.3178353658536585 0.01889763779527559 0.053353658536585365
0 0.8866141732283465 0.3696646341463415 0.02204724409448819 0.06554878048780488
0 0.8740157480314961 0.45960365853658536 0.026771653543307086 0.08079268292682927
0 0.8 0.4184451219512195 0.029921259842519685 0.0899390243902439
0 0.9633858267716535 0.4214939024390244 0.025984251968503937 0.05945121951219512
0 0.9523622047244095 0.3589939024390244 0.02125984251968504 0.056402439024390245
0 0.9755905511811024 0.3429878048780488 0.01732283464566929 0.042682926829268296
0 0.989763779527559 0.2660060975609756 0.014173228346456693 0.0350609756097561
0 0.978740157480315 0.29039634146341464 0.012598425196850394 0.0350609756097561
0 0.9771653543307086 0.3132621951219512 0.015748031496062992 0.04420731707317073