0 0.1279397930385701 0.3442211055276382 0.024459078080903106 0.04522613065326633
0 0.18062088428974601 0.48408710217755446 0.04891815616180621 0.09045226130653267
0 0.20084666039510818 0.40703517587939697 0.03292568203198495 0.06365159128978225
0 0.1975540921919097 0.31239530988274705 0.01881467544684854 0.04522613065326633
0 0.2262464722483537 0.3098827470686767 0.027281279397930385 0.05695142378559464
0 0.24553151458137348 0.2705192629815745 0.020696142991533398 0.04187604690117253
0 0.2610536218250235 0.3685092127303183 0.036688617121354655 0.07370184254606366
0 0.3551269990592662 0.17839195979899497 0.023518344308560677 0.04187604690117253
0 0.42944496707431795 0.17336683417085427 0.027281279397930385 0.048576214405360134
0 0.5489181561618062 0.18927973199329984 0.017873941674506115 0.04690117252931323
0 0.6773283160865475 0.10720268006700168 0.020696142991533398 0.04020100502512563
0 0.7681091251175918 0.07370184254606366 0.017873941674506115 0.03685092127303183
0 0.70931326434619 0.19095477386934673 0.022577610536218252 0.04690117252931323
0 0.8292568203198495 0.3174204355108878 0.053621825023518345 0.10217755443886097
0 0.8297271872060207 0.26549413735343386 0.041392285983066796 0.07537688442211055