0 0.1702127659574468 0.48807495741056217 0.04061895551257253 0.07666098807495741
0 0.2746615087040619 0.2632027257240204 0.019342359767891684 0.03236797274275979
0 0.3578336557059961 0.1950596252129472 0.017408123791102514 0.03236797274275979
0 0.3650870406189555 0.2734241908006814 0.0183752417794971 0.03577512776831346
0 0.4081237911025145 0.22572402044293016 0.017408123791102514 0.03577512776831346
0 0.45164410058027077 0.22061328790459966 0.019342359767891684 0.039182282793867124
0 0.41392649903288203 0.1643952299829642 0.017408123791102514 0.03577512776831346
0 0.4647001934235977 0.13798977853492334 0.0183752417794971 0.030664395229982964
0 0.5203094777562862 0.131175468483816 0.013539651837524178 0.027257240204429302
0 0.5328820116054158 0.12691652470187392 0.013539651837524178 0.028960817717206135
0 0.5585106382978723 0.10902896081771721 0.012572533849129593 0.020442930153321975
0 0.558027079303675 0.13202725724020442 0.013539651837524178 0.028960817717206135
0 0.5783365570599613 0.12180579216354344 0.01160541586073501 0.02555366269165247
0 0.6039651837524178 0.12691652470187392 0.012572533849129593 0.02555366269165247
0 0.6131528046421664 0.1524701873935264 0.015473887814313346 0.028960817717206135
0 0.6470019342359767 0.13373083475298125 0.015473887814313346 0.022146507666098807
0 0.5565764023210832 0.18313458262350937 0.0183752417794971 0.03236797274275979
0 0.4961315280464217 0.3023850085178876 0.019342359767891684 0.03577512776831346
0 0.5367504835589942 0.32964224872231684 0.025145067698259187 0.04599659284497445
0 0.5512572533849129 0.25383304940374785 0.019342359767891684 0.044293015332197615
0 0.6058994197292069 0.262350936967632 0.024177949709864602 0.044293015332197615
0 0.6513539651837524 0.22061328790459966 0.020309477756286266 0.039182282793867124
0 0.6518375241779497 0.1737649063032368 0.017408123791102514 0.04088586030664395
0 0.687137330754352 0.1575809199318569 0.022243713733075435 0.049403747870528106
0 0.7108317214700194 0.1788756388415673 0.019342359767891684 0.04088586030664395
0 0.6653771760154739 0.3228279386712095 0.029013539651837523 0.06984667802385008
0 0.7229206963249516 0.2580919931856899 0.02611218568665377 0.059625212947189095
0 0.746615087040619 0.3083475298126065 0.02321083172147002 0.054514480408858604
0 0.7524177949709865 0.2223168654173765 0.02127659574468085 0.04599659284497445
0 0.7770793036750484 0.19846678023850084 0.0183752417794971 0.04599659284497445
0 0.7703094777562862 0.28023850085178875 0.02611218568665377 0.059625212947189095
0 0.8060928433268859 0.23764906303236796 0.020309477756286266 0.049403747870528106
0 0.7867504835589942 0.38841567291311757 0.031914893617021274 0.06132879045996593
0 0.8370406189555126 0.29982964224872233 0.02804642166344294 0.06132879045996593
0 0.8902321083172147 0.3534923339011925 0.035783365570599614 0.07666098807495741
0 0.9095744680851063 0.32793867120954 0.02611218568665377 0.049403747870528106
0 0.8346228239845261 0.1303236797274276 0.01160541586073501 0.028960817717206135
0 0.8268858800773694 0.14054514480408858 0.01160541586073501 0.02555366269165247
0 0.8544487427466151 0.14991482112436116 0.01644100580270793 0.027257240204429302
0 0.8636363636363636 0.12436115843270869 0.01160541586073501 0.027257240204429302
0 0.8974854932301741 0.141396933560477 0.009671179883945842 0.020442930153321975
0 0.9221470019342359 0.1524701873935264 0.010638297872340425 0.018739352640545145
0 0.7712765957446809 0.151618398637138 0.0183752417794971 0.02385008517887564