0 0.18358633776091082 0.47591362126245845 0.04459203036053131 0.08471760797342193
0 0.34582542694497154 0.2599667774086379 0.018026565464895637 0.03488372093023256
0 0.36527514231499053 0.2599667774086379 0.018975332068311195 0.044850498338870434
0 0.42172675521821634 0.21677740863787376 0.018026565464895637 0.03820598006644518
0 0.4501897533206831 0.23421926910299004 0.021821631878557873 0.03322259136212625
0 0.5251423149905123 0.1818936877076412 0.016129032258064516 0.03488372093023256
0 0.48719165085388993 0.19102990033222592 0.019924098671726755 0.03986710963455149
0 0.45113851992409865 0.1852159468438538 0.018026565464895637 0.03156146179401993
0 0.45683111954459205 0.1478405315614618 0.010436432637571158 0.016611295681063124
0 0.4653700189753321 0.15863787375415284 0.018026565464895637 0.03156146179401993
0 0.49383301707779886 0.09385382059800665 0.010436432637571158 0.02159468438538206
0 0.5332068311195446 0.07225913621262459 0.018975332068311195 0.024916943521594685
0 0.6328273244781784 0.08471760797342193 0.020872865275142316 0.03322259136212625
0 0.6527514231499051 0.10465116279069768 0.018975332068311195 0.029900332225913623
0 0.6603415559772297 0.08222591362126246 0.013282732447817837 0.024916943521594685
0 0.7006641366223909 0.07890365448504984 0.014231499051233396 0.02823920265780731
0 0.7661290322580645 0.10215946843853821 0.016129032258064516 0.03488372093023256
0 0.8823529411764706 0.20681063122923588 0.017077798861480076 0.03488372093023256
0 0.5602466793168881 0.2799003322259136 0.023719165085388995 0.04817275747508306
0 0.5550284629981025 0.23006644518272426 0.022770398481973434 0.03820598006644518
0 0.48956356736242884 0.30481727574750833 0.030360531309297913 0.044850498338870434
0 0.4297912713472486 0.26993355481727577 0.026565464895635674 0.044850498338870434