0 0.23061430010070494 0.29744525547445255 0.030211480362537766 0.058394160583941604
0 0.24521651560926486 0.24361313868613138 0.023162134944612285 0.05291970802919708
0 0.2618328298086606 0.21715328467153286 0.028197381671701913 0.05474452554744526
0 0.30513595166163143 0.1989051094890511 0.022155085599194362 0.043795620437956206
0 0.32779456193353473 0.17791970802919707 0.013091641490433032 0.03467153284671533
0 0.30513595166163143 0.22354014598540145 0.032225579053373615 0.04562043795620438
0 0.31419939577039274 0.26277372262773724 0.032225579053373615 0.06204379562043796
0 0.3413897280966767 0.2664233576642336 0.032225579053373615 0.07664233576642336
0 0.4395770392749245 0.26094890510948904 0.03323262839879154 0.05474452554744526
0 0.44108761329305135 0.20437956204379562 0.030211480362537766 0.06934306569343066
0 0.47079556898288016 0.1478102189781022 0.027190332326283987 0.06204379562043796
0 0.4778449144008056 0.20346715328467152 0.027190332326283987 0.05656934306569343
0 0.5030211480362538 0.2281021897810219 0.027190332326283987 0.06569343065693431
0 0.6505538771399798 0.1478102189781022 0.02416918429003021 0.04744525547445255