0 0.9132543103448276 0.3694817658349328 0.020474137931034482 0.04798464491362764
0 0.8394396551724138 0.3531669865642994 0.03017241379310345 0.06525911708253358
0 0.8512931034482759 0.30710172744721687 0.01939655172413793 0.053742802303262956
0 0.869073275862069 0.28790786948176583 0.016163793103448277 0.046065259117082535
0 0.9240301724137931 0.2927063339731286 0.022629310344827586 0.05182341650671785
0 0.921875 0.2399232245681382 0.014008620689655173 0.03838771593090211
0 0.9331896551724138 0.23416506717850288 0.015086206896551725 0.03838771593090211
0 0.9143318965517241 0.1727447216890595 0.011853448275862068 0.030710172744721688
0 0.8841594827586207 0.14779270633397312 0.014008620689655173 0.030710172744721688
0 0.884698275862069 0.2236084452975048 0.017241379310344827 0.044145873320537425
0 0.8518318965517241 0.21305182341650672 0.014008620689655173 0.0345489443378119
0 0.8475215517241379 0.14107485604606526 0.011853448275862068 0.036468330134357005
0 0.8297413793103449 0.16794625719769674 0.008620689655172414 0.028790786948176585
0 0.890625 0.1852207293666027 0.014008620689655173 0.03262955854126679
0 0.8076508620689655 0.18809980806142035 0.014008620689655173 0.03838771593090211
0 0.7914870689655172 0.21017274472168906 0.016163793103448277 0.044145873320537425
0 0.7720905172413793 0.18042226487523993 0.014008620689655173 0.0345489443378119
0 0.7553879310344828 0.11708253358925144 0.010775862068965518 0.030710172744721688
0 0.7860991379310345 0.13339731285988485 0.011853448275862068 0.036468330134357005
0 0.8130387931034483 0.2629558541266795 0.018318965517241378 0.046065259117082535
0 0.8087284482758621 0.2907869481765835 0.022629310344827586 0.05566218809980806
0 0.7182112068965517 0.23512476007677544 0.020474137931034482 0.05182341650671785
0 0.709051724137931 0.18809980806142035 0.015086206896551725 0.0345489443378119
0 0.7365301724137931 0.1813819577735125 0.016163793103448277 0.04030710172744722
0 0.765625 0.14491362763915547 0.011853448275862068 0.03262955854126679
0 0.7543103448275862 0.3550863723608445 0.03017241379310345 0.06525911708253358
0 0.6707974137931034 0.2965451055662188 0.020474137931034482 0.05182341650671785
0 0.6864224137931034 0.34836852207293667 0.028017241379310345 0.06333973128598848
0 0.671875 0.17562380038387715 0.014008620689655173 0.04030710172744722
0 0.6681034482758621 0.22840690978886757 0.01939655172413793 0.046065259117082535
0 0.6896551724137931 0.12092130518234165 0.010775862068965518 0.026871401151631478
0 0.7268318965517241 0.07389635316698656 0.011853448275862068 0.028790786948176585
0 0.6314655172413793 0.06525911708253358 0.010775862068965518 0.023032629558541268
0 0.6082974137931034 0.06525911708253358 0.009698275862068966 0.023032629558541268
0 0.578125 0.06429942418426103 0.009698275862068966 0.02111324376199616
0 0.6314655172413793 0.11324376199616124 0.010775862068965518 0.030710172744721688
0 0.6395474137931034 0.1401151631477927 0.011853448275862068 0.030710172744721688
0 0.6616379310344828 0.1295585412667946 0.01293103448275862 0.028790786948176585
0 0.6751077586206896 0.1017274472168906 0.011853448275862068 0.023032629558541268
0 0.6584051724137931 0.10268714011516315 0.010775862068965518 0.02495201535508637
0 0.6244612068965517 0.2053742802303263 0.018318965517241378 0.046065259117082535
0 0.6163793103448276 0.2581573896353167 0.017241379310344827 0.04798464491362764
0 0.6136853448275862 0.30614203454894434 0.02693965517241379 0.05950095969289827
0 0.5662715517241379 0.2523992322456814 0.020474137931034482 0.044145873320537425
0 0.5506465517241379 0.29942418426103645 0.028017241379310345 0.061420345489443376
0 0.5474137931034483 0.1833013435700576 0.01293103448275862 0.036468330134357005
0 0.5511853448275862 0.15930902111324377 0.011853448275862068 0.0345489443378119
0 0.5824353448275862 0.15163147792706333 0.014008620689655173 0.030710172744721688
0 0.5323275862068966 0.05470249520153551 0.008620689655172414 0.02111324376199616
0 0.5242456896551724 0.15067178502879078 0.014008620689655173 0.03262955854126679
0 0.49407327586206895 0.15451055662188098 0.014008620689655173 0.036468330134357005
0 0.46012931034482757 0.13723608445297505 0.01293103448275862 0.028790786948176585
0 0.4795258620689655 0.17178502879078694 0.015086206896551725 0.04030710172744722
0 0.45635775862068967 0.17178502879078694 0.016163793103448277 0.03262955854126679
0 0.44288793103448276 0.14971209213051823 0.015086206896551725 0.030710172744721688
0 0.47898706896551724 0.2255278310940499 0.018318965517241378 0.044145873320537425
0 0.41487068965517243 0.15547024952015356 0.01293103448275862 0.026871401151631478
0 0.4197198275862069 0.1746641074856046 0.014008620689655173 0.030710172744721688
0 0.4105603448275862 0.21209213051823417 0.01939655172413793 0.036468330134357005
0 0.44127155172413796 0.22456813819577734 0.020474137931034482 0.04222648752399232
0 0.3421336206896552 0.17754318618042225 0.016163793103448277 0.03262955854126679
0 0.34967672413793105 0.190978886756238 0.011853448275862068 0.028790786948176585
0 0.3076508620689655 0.23512476007677544 0.016163793103448277 0.044145873320537425
0 0.5026939655172413 0.272552783109405 0.020474137931034482 0.04990403071017274
0 0.18911637931034483 0.45297504798464494 0.03987068965517242 0.09596928982725528