0 0.833998403830806 0.20523648648648649 0.014365522745411013 0.03885135135135135
0 0.8810853950518756 0.21875 0.012769353551476457 0.04560810810810811
0 0.872705506783719 0.23395270270270271 0.013567438148443736 0.04222972972972973
0 0.8743016759776536 0.4045608108108108 0.018355945730247406 0.06925675675675676
0 0.8643256185155627 0.33952702702702703 0.014365522745411013 0.060810810810810814
0 0.9477254588986432 0.375 0.019952114924181964 0.060810810810810814
0 0.9652833200319234 0.44003378378378377 0.018355945730247406 0.06587837837837837
0 0.9245810055865922 0.31841216216216217 0.013567438148443736 0.052364864864864864
0 0.975658419792498 0.33192567567567566 0.010375099760574621 0.04222972972972973
0 0.9776536312849162 0.36317567567567566 0.012769353551476457 0.04391891891891892
0 0.9393455706304868 0.2668918918918919 0.012769353551476457 0.04391891891891892
0 0.9505187549880287 0.23902027027027026 0.0111731843575419 0.03885135135135135
0 0.9864325618515563 0.2626689189189189 0.009577015163607342 0.03547297297297297
0 0.9828411811652035 0.30405405405405406 0.011971268954509178 0.04054054054054054
0 0.9110135674381484 0.22635135135135134 0.013567438148443736 0.04054054054054054
0 0.8886671987230647 0.2660472972972973 0.015163607342378291 0.048986486486486486
0 0.9022346368715084 0.24408783783783783 0.011971268954509178 0.03885135135135135
0 0.819632881085395 0.2939189189189189 0.019154030327214685 0.05405405405405406
0 0.7150837988826816 0.14864864864864866 0.0111731843575419 0.030405405405405407
0 0.7162809257781325 0.20777027027027026 0.011971268954509178 0.04391891891891892
0 0.7250598563447725 0.26942567567567566 0.01675977653631285 0.048986486486486486
0 0.7370311252992817 0.21114864864864866 0.011971268954509178 0.04054054054054054
0 0.7597765363128491 0.22972972972972974 0.01596169193934557 0.0472972972972973
0 0.7689545091779728 0.28040540540540543 0.018355945730247406 0.0472972972972973
0 0.7837190742218675 0.16554054054054054 0.012769353551476457 0.04054054054054054
0 0.7801276935355148 0.20608108108108109 0.01675977653631285 0.05067567567567568
0 0.8144453312051078 0.1858108108108108 0.013567438148443736 0.04391891891891892
0 0.816440542697526 0.23648648648648649 0.012769353551476457 0.05067567567567568
0 0.795291300877893 0.25 0.01675977653631285 0.04391891891891892
0 0.7326416600159616 0.3876689189189189 0.025538707102952914 0.06587837837837837
0 0.8060654429369514 0.45861486486486486 0.028731045490822026 0.08277027027027027
0 0.8619313647246608 0.5152027027027027 0.025538707102952914 0.08108108108108109
0 0.6105347166799681 0.36993243243243246 0.020750199521149242 0.057432432432432436
0 0.6608140462889066 0.4045608108108108 0.023942537909018357 0.07263513513513513
0 0.6185155626496409 0.28631756756756754 0.020750199521149242 0.05574324324324324
0 0.6312849162011173 0.19087837837837837 0.012769353551476457 0.04391891891891892
0 0.6671987230646449 0.24408783783783783 0.019154030327214685 0.05912162162162162
0 0.6671987230646449 0.17820945945945946 0.012769353551476457 0.03547297297297297
0 0.660415003990423 0.14527027027027026 0.010375099760574621 0.037162162162162164
0 0.6975259377494014 0.13597972972972974 0.0111731843575419 0.03209459459459459
0 0.6895450917797287 0.15878378378378377 0.012769353551476457 0.04054054054054054
0 0.6456504389465283 0.13344594594594594 0.012769353551476457 0.037162162162162164
0 0.6013567438148444 0.12077702702702703 0.011971268954509178 0.03547297297297297
0 0.5822027134876296 0.13429054054054054 0.013567438148443736 0.03547297297297297
0 0.6225059856344772 0.1241554054054054 0.0111731843575419 0.03209459459459459
0 0.6189146049481244 0.15202702702702703 0.013567438148443736 0.030405405405405407
0 0.5283320031923384 0.15625 0.0111731843575419 0.03547297297297297
0 0.5566640063846767 0.13597972972972974 0.011971268954509178 0.03885135135135135
0 0.5534716679968077 0.15878378378378377 0.013567438148443736 0.037162162162162164
0 0.5750199521149242 0.19256756756756757 0.013567438148443736 0.04054054054054054
0 0.5554668794892259 0.21283783783783783 0.01596169193934557 0.04054054054054054
0 0.49561053471668 0.14695945945945946 0.0111731843575419 0.030405405405405407
0 0.4493216280925778 0.1570945945945946 0.012769353551476457 0.037162162162162164
0 0.4361532322426177 0.1866554054054054 0.013567438148443736 0.03885135135135135
0 0.416999201915403 0.16976351351351351 0.011971268954509178 0.02533783783783784
0 0.4022346368715084 0.18327702702702703 0.012769353551476457 0.03547297297297297
0 0.40422984836392656 0.23141891891891891 0.011971268954509178 0.04054054054054054
0 0.47166799680766164 0.24577702702702703 0.01596169193934557 0.048986486486486486
0 0.480047885075818 0.16131756756756757 0.015163607342378291 0.04222972972972973
0 0.5019952114924182 0.20270270270270271 0.014365522745411013 0.04391891891891892
0 0.3583399840383081 0.20523648648648649 0.01596169193934557 0.03885135135135135
0 0.37110933758978454 0.2626689189189189 0.01596169193934557 0.052364864864864864
0 0.4405426975259378 0.30236486486486486 0.019154030327214685 0.060810810810810814
0 0.3172386272944932 0.20101351351351351 0.015163607342378291 0.04391891891891892
0 0.33000798084596966 0.22972972972972974 0.01675977653631285 0.0472972972972973
0 0.3088587390263368 0.23057432432432431 0.01596169193934557 0.03885135135135135
0 0.27693535514764567 0.23479729729729729 0.017557861133280128 0.037162162162162164
0 0.2063048683160415 0.2652027027027027 0.015163607342378291 0.04391891891891892
0 0.21827613727055067 0.28209459459459457 0.018355945730247406 0.0472972972972973
0 0.3659217877094972 0.19172297297297297 0.01675977653631285 0.028716216216216218
0 0.5646448523543496 0.33952702702702703 0.02154828411811652 0.057432432432432436
0 0.10215482841181166 0.5675675675675675 0.03830806065442937 0.11486486486486487