0 0.08946877912395154 0.45819672131147543 0.027958993476234855 0.07049180327868852
0 0.28564771668219946 0.2639344262295082 0.013979496738117428 0.03278688524590164
0 0.27632805219012113 0.23852459016393443 0.013979496738117428 0.03442622950819672
0 0.3066169617893756 0.2483606557377049 0.014911463187325256 0.027868852459016394
0 0.33131407269338303 0.2540983606557377 0.015843429636533086 0.036065573770491806
0 0.31873252562907733 0.21475409836065573 0.0130475302889096 0.03278688524590164
0 0.33084808946877914 0.21721311475409835 0.0130475302889096 0.027868852459016394
0 0.35181733457595527 0.2278688524590164 0.013979496738117428 0.03278688524590164
0 0.3620689655172414 0.2459016393442623 0.017707362534948742 0.03934426229508197
0 0.3746505125815471 0.22540983606557377 0.014911463187325256 0.03114754098360656
0 0.37092264678471576 0.19098360655737706 0.0130475302889096 0.03442622950819672
0 0.38397017707362535 0.18442622950819673 0.0130475302889096 0.027868852459016394
0 0.41565703634669154 0.18934426229508197 0.0130475302889096 0.027868852459016394
0 0.3886300093196645 0.260655737704918 0.01863932898415657 0.03278688524590164
0 0.4217148182665424 0.25573770491803277 0.017707362534948742 0.04262295081967213
0 0.43103448275862066 0.22459016393442624 0.0195712954333644 0.03278688524590164
0 0.4608574091332712 0.23114754098360657 0.017707362534948742 0.04590163934426229
0 0.4767008387698043 0.19754098360655736 0.021435228331780055 0.027868852459016394
0 0.43895619757688725 0.17704918032786884 0.014911463187325256 0.02622950819672131
0 0.4515377446411929 0.18688524590163935 0.013979496738117428 0.022950819672131147
0 0.4613233923578751 0.14508196721311475 0.0130475302889096 0.02459016393442623
0 0.4967381174277726 0.16885245901639345 0.014911463187325256 0.03278688524590164
0 0.4748369058713886 0.1319672131147541 0.012115563839701771 0.021311475409836064
0 0.5368126747437092 0.1819672131147541 0.02050326188257223 0.036065573770491806
0 0.53215284249767 0.1581967213114754 0.0130475302889096 0.027868852459016394
0 0.5438024231127679 0.15081967213114755 0.012115563839701771 0.02622950819672131
0 0.5633737185461324 0.17049180327868851 0.015843429636533086 0.029508196721311476
0 0.5605778191985089 0.12459016393442623 0.013979496738117428 0.036065573770491806
0 0.6001863932898416 0.15081967213114755 0.016775396085740912 0.02622950819672131
0 0.5857409133271202 0.12540983606557377 0.013979496738117428 0.027868852459016394
0 0.6067101584342963 0.12704918032786885 0.016775396085740912 0.02459016393442623
0 0.6272134203168686 0.1377049180327869 0.014911463187325256 0.029508196721311476
0 0.6351351351351351 0.12131147540983607 0.010251630941286114 0.02622950819672131
0 0.6584342963653308 0.12131147540983607 0.010251630941286114 0.02622950819672131
0 0.4827586206896552 0.3008196721311475 0.0260950605778192 0.054098360655737705
0 0.538210624417521 0.3040983606557377 0.02702702702702703 0.060655737704918035
0 0.6011183597390494 0.3139344262295082 0.033550792171481825 0.05737704918032787
0 0.5712954333643989 0.2180327868852459 0.01863932898415657 0.04262295081967213
0 0.5987884436160298 0.19672131147540983 0.021435228331780055 0.04262295081967213
0 0.6458527493010252 0.21639344262295082 0.01863932898415657 0.04262295081967213
0 0.6435228331780056 0.26311475409836066 0.021435228331780055 0.047540983606557376
0 0.608574091332712 0.2680327868852459 0.02982292637465051 0.04426229508196721
0 0.7082945013979497 0.28032786885245903 0.024231127679403542 0.04262295081967213
0 0.6933830382106244 0.23114754098360657 0.024231127679403542 0.04262295081967213
0 0.6626281453867661 0.1819672131147541 0.016775396085740912 0.03278688524590164
0 0.6831314072693383 0.1901639344262295 0.014911463187325256 0.036065573770491806
0 0.6845293569431501 0.16557377049180327 0.012115563839701771 0.029508196721311476
0 0.7027027027027027 0.16475409836065574 0.016775396085740912 0.03114754098360656
0 0.701304753028891 0.13934426229508196 0.012115563839701771 0.02622950819672131
0 0.7273998136067101 0.1959016393442623 0.015843429636533086 0.040983606557377046
0 0.7479030754892824 0.2319672131147541 0.023299161230195712 0.040983606557377046
0 0.7642124883504194 0.2713114754098361 0.0260950605778192 0.054098360655737705
0 0.8289841565703635 0.3237704918032787 0.02516309412861137 0.05737704918032787
0 0.8583410997204101 0.23278688524590163 0.024231127679403542 0.04918032786885246
0 0.9133271202236719 0.2565573770491803 0.01863932898415657 0.04426229508196721
0 0.9105312208760484 0.22049180327868853 0.014911463187325256 0.03442622950819672
0 0.8839701770736254 0.20163934426229507 0.015843429636533086 0.03278688524590164
0 0.885834109972041 0.1737704918032787 0.015843429636533086 0.029508196721311476
0 0.8867660764212488 0.14508196721311475 0.013979496738117428 0.027868852459016394
0 0.8457595526561044 0.16147540983606556 0.013979496738117428 0.027868852459016394
0 0.8383038210624417 0.18934426229508197 0.015843429636533086 0.03770491803278689
0 0.820596458527493 0.20163934426229507 0.017707362534948742 0.04262295081967213
0 0.7870456663560111 0.17131147540983607 0.017707362534948742 0.03770491803278689
0 0.766076421248835 0.20327868852459016 0.02050326188257223 0.03934426229508197
0 0.7576887232059646 0.16967213114754098 0.014911463187325256 0.03114754098360656
0 0.7730661696178938 0.1418032786885246 0.015843429636533086 0.02459016393442623
0 0.7972972972972973 0.13114754098360656 0.012115563839701771 0.029508196721311476
0 0.8187325256290774 0.13524590163934427 0.013979496738117428 0.03114754098360656
0 0.7562907735321528 0.12540983606557377 0.015843429636533086 0.03114754098360656
0 0.7409133271202236 0.14590163934426228 0.014911463187325256 0.029508196721311476
0 0.7367194780987885 0.12049180327868853 0.013979496738117428 0.02459016393442623