0 0.136327185244587 0.34812760055478503 0.03528468323977546 0.06934812760055478
0 0.18404170008019247 0.3869625520110957 0.0408981555733761 0.07489597780859916
0 0.2169206094627105 0.4056865464632455 0.034482758620689655 0.07628294036061026
0 0.2181234963913392 0.36893203883495146 0.03528468323977546 0.06657420249653259
0 0.18604651162790697 0.31345353675450766 0.0272654370489174 0.049930651872399444
0 0.25100240577385724 0.28363384188626906 0.0272654370489174 0.06241331484049931
0 0.29190056134723336 0.26768377253814146 0.030473135525260625 0.06934812760055478
0 0.35926222935044105 0.30097087378640774 0.040096230954290296 0.08044382801664356
0 0.38933440256615875 0.2434119278779473 0.034482758620689655 0.07350901525658807
0 0.48556535685645547 0.25866851595006934 0.042502004811547714 0.07628294036061026
0 0.5605453087409783 0.3030513176144244 0.03528468323977546 0.059639389736477116