0 0.12539021852237253 0.36203703703703705 0.04058272632674298 0.08703703703703704
0 0.2767950052029136 0.2175925925925926 0.02081165452653486 0.03148148148148148
0 0.3085327783558793 0.22592592592592592 0.01768990634755463 0.037037037037037035
0 0.33662851196670135 0.17962962962962964 0.015608740894901144 0.03333333333333333
0 0.33298647242455776 0.23425925925925925 0.018730489073881373 0.03518518518518519
0 0.3668054110301769 0.18611111111111112 0.013527575442247659 0.03518518518518519
0 0.37513007284079086 0.15833333333333333 0.013527575442247659 0.027777777777777776
0 0.3720083246618106 0.22870370370370371 0.019771071800208116 0.03888888888888889
0 0.4011446409989594 0.1962962962962963 0.01768990634755463 0.03333333333333333
0 0.4183142559833507 0.19907407407407407 0.02081165452653486 0.03518518518518519
0 0.4006243496357961 0.23333333333333334 0.01664932362122789 0.03333333333333333
0 0.42039542143600417 0.2462962962962963 0.02081165452653486 0.037037037037037035
0 0.44484911550468265 0.20092592592592592 0.023933402705515087 0.03888888888888889
0 0.4141519250780437 0.16296296296296298 0.01664932362122789 0.02962962962962963
0 0.4417273673257024 0.16203703703703703 0.015608740894901144 0.03148148148148148
0 0.48126951092611864 0.18425925925925926 0.021852237252861603 0.03518518518518519
0 0.48595213319458896 0.14444444444444443 0.012486992715920915 0.02962962962962963
0 0.5015608740894901 0.1175925925925926 0.01040582726326743 0.024074074074074074
0 0.5213319458896982 0.13148148148148148 0.014568158168574402 0.018518518518518517
0 0.5509885535900104 0.125 0.013527575442247659 0.020370370370370372
0 0.5124869927159209 0.15092592592592594 0.015608740894901144 0.027777777777777776
0 0.5202913631633714 0.1787037037037037 0.018730489073881373 0.03518518518518519
0 0.5426638917793964 0.15648148148148147 0.015608740894901144 0.03518518518518519
0 0.5634755463059313 0.15462962962962962 0.01768990634755463 0.03888888888888889
0 0.5561914672216441 0.1824074074074074 0.015608740894901144 0.03148148148148148
0 0.5900104058272633 0.15833333333333333 0.01664932362122789 0.03518518518518519
0 0.605098855359001 0.14444444444444443 0.01768990634755463 0.02962962962962963
0 0.5998959417273674 0.11574074074074074 0.015608740894901144 0.027777777777777776
0 0.631633714880333 0.1111111111111111 0.014568158168574402 0.022222222222222223
0 0.6472424557752341 0.1037037037037037 0.012486992715920915 0.025925925925925925
0 0.6337148803329865 0.14907407407407408 0.014568158168574402 0.027777777777777776
0 0.6576482830385015 0.14814814814814814 0.014568158168574402 0.025925925925925925
0 0.6867845993756504 0.10462962962962963 0.012486992715920915 0.024074074074074074
0 0.6940686784599376 0.12222222222222222 0.01664932362122789 0.025925925925925925
0 0.7127991675338189 0.10740740740740741 0.012486992715920915 0.025925925925925925
0 0.619146722164412 0.2074074074074074 0.02081165452653486 0.040740740740740744
0 0.5697190426638917 0.24166666666666667 0.023933402705515087 0.05
0 0.6425598335067638 0.23981481481481481 0.021852237252861603 0.053703703703703705
0 0.6716961498439126 0.21574074074074073 0.026014568158168574 0.05
0 0.6675338189386056 0.17777777777777778 0.01768990634755463 0.040740740740740744
0 0.7122788761706556 0.17962962962962964 0.01768990634755463 0.037037037037037035
0 0.7294484911550468 0.14444444444444443 0.014568158168574402 0.037037037037037035
0 0.7513007284079084 0.12962962962962962 0.014568158168574402 0.02962962962962963
0 0.7767950052029137 0.13148148148148148 0.013527575442247659 0.022222222222222223
0 0.799687825182102 0.14166666666666666 0.013527575442247659 0.027777777777777776
0 0.8215400624349636 0.13055555555555556 0.013527575442247659 0.027777777777777776
0 0.8782518210197711 0.1111111111111111 0.01664932362122789 0.03333333333333333
0 0.9297606659729448 0.10925925925925926 0.01768990634755463 0.03333333333333333
0 0.9063475546305931 0.1712962962962963 0.014568158168574402 0.03148148148148148
0 0.9391259105098856 0.16574074074074074 0.011446409989594173 0.024074074074074074
0 0.9490114464099896 0.1824074074074074 0.01664932362122789 0.024074074074074074
0 0.8959417273673257 0.18611111111111112 0.01664932362122789 0.03148148148148148
0 0.8746097814776275 0.18796296296296297 0.01768990634755463 0.03518518518518519
0 0.8605619146722164 0.13796296296296295 0.012486992715920915 0.020370370370370372
0 0.8454734651404787 0.14814814814814814 0.021852237252861603 0.025925925925925925
0 0.8288241415192508 0.17592592592592593 0.01768990634755463 0.03333333333333333
0 0.7934443288241415 0.1675925925925926 0.01768990634755463 0.024074074074074074
0 0.8111342351716961 0.18981481481481483 0.021852237252861603 0.03518518518518519
0 0.7934443288241415 0.20833333333333334 0.021852237252861603 0.04259259259259259
0 0.7559833506763788 0.19444444444444445 0.015608740894901144 0.037037037037037035
0 0.7388137356919875 0.17962962962962964 0.01664932362122789 0.03333333333333333
0 0.7388137356919875 0.23981481481481481 0.018730489073881373 0.03888888888888889
0 0.7669094693028096 0.24444444444444444 0.02081165452653486 0.037037037037037035
0 0.696149843912591 0.2564814814814815 0.027055150884495317 0.05
0 0.7008324661810614 0.3175925925925926 0.036420395421436005 0.06851851851851852
0 0.7533818938605619 0.3648148148148148 0.03329864724245578 0.05185185185185185
0 0.7934443288241415 0.30092592592592593 0.026014568158168574 0.046296296296296294
0 0.8340270551508845 0.24351851851851852 0.019771071800208116 0.046296296296296294
0 0.8439125910509886 0.21944444444444444 0.014568158168574402 0.03518518518518519
0 0.931321540062435 0.3472222222222222 0.02497398543184183 0.05740740740740741
0 0.9386056191467221 0.25925925925925924 0.014568158168574402 0.037037037037037035
0 0.9292403746097815 0.21574074074074073 0.018730489073881373 0.03888888888888889
0 0.8980228928199792 0.24259259259259258 0.018730489073881373 0.04814814814814815
0 0.9042663891779397 0.21203703703703702 0.01664932362122789 0.03518518518518519