0 0.16865079365079366 0.2473404255319149 0.021825396825396824 0.040780141843971635
0 0.2390873015873016 0.24556737588652483 0.023809523809523808 0.047872340425531915
0 0.19444444444444445 0.5132978723404256 0.05555555555555555 0.09042553191489362
0 0.2867063492063492 0.22695035460992907 0.01984126984126984 0.04609929078014184
0 0.3288690476190476 0.19414893617021275 0.020833333333333332 0.03723404255319149
0 0.3323412698412698 0.23138297872340424 0.017857142857142856 0.047872340425531915
0 0.3566468253968254 0.25620567375886527 0.020833333333333332 0.047872340425531915
0 0.4290674603174603 0.24911347517730498 0.022817460317460316 0.040780141843971635
0 0.34672619047619047 0.2127659574468085 0.018849206349206348 0.031914893617021274
0 0.3804563492063492 0.19680851063829788 0.020833333333333332 0.0425531914893617
0 0.43154761904761907 0.20833333333333334 0.023809523809523808 0.03723404255319149
0 0.46478174603174605 0.21453900709219859 0.020833333333333332 0.03900709219858156
0 0.41369047619047616 0.1551418439716312 0.011904761904761904 0.030141843971631204
0 0.4375 0.15159574468085107 0.017857142857142856 0.01950354609929078
0 0.4409722222222222 0.17553191489361702 0.020833333333333332 0.028368794326241134
0 0.4806547619047619 0.15336879432624115 0.012896825396825396 0.030141843971631204
0 0.4945436507936508 0.17907801418439717 0.016865079365079364 0.03546099290780142
0 0.5014880952380952 0.22606382978723405 0.022817460317460316 0.040780141843971635
0 0.558531746031746 0.18173758865248227 0.01984126984126984 0.040780141843971635
0 0.49702380952380953 0.2695035460992908 0.025793650793650792 0.05319148936170213
0 0.5277777777777778 0.12322695035460993 0.015873015873015872 0.026595744680851064
0 0.5034722222222222 0.15070921985815602 0.012896825396825396 0.028368794326241134
0 0.5441468253968254 0.13297872340425532 0.01488095238095238 0.028368794326241134
0 0.5486111111111112 0.15159574468085107 0.017857142857142856 0.02304964539007092
0 0.5798611111111112 0.16843971631205673 0.01488095238095238 0.031914893617021274
0 0.5729166666666666 0.13386524822695037 0.01488095238095238 0.026595744680851064
0 0.5798611111111112 0.1099290780141844 0.012896825396825396 0.024822695035460994
0 0.621031746031746 0.14716312056737588 0.011904761904761904 0.024822695035460994
0 0.6051587301587301 0.12145390070921985 0.013888888888888888 0.026595744680851064
0 0.6264880952380952 0.11613475177304965 0.010912698412698412 0.02304964539007092
0 0.6428571428571429 0.12854609929078015 0.015873015873015872 0.026595744680851064
0 0.6448412698412699 0.10726950354609929 0.013888888888888888 0.026595744680851064
0 0.6646825396825397 0.11879432624113476 0.013888888888888888 0.031914893617021274
0 0.691468253968254 0.10460992907801418 0.011904761904761904 0.024822695035460994
0 0.6879960317460317 0.1276595744680851 0.012896825396825396 0.028368794326241134
0 0.6547619047619048 0.17819148936170212 0.017857142857142856 0.03368794326241135
0 0.6150793650793651 0.2322695035460993 0.015873015873015872 0.04609929078014184
0 0.5401785714285714 0.31117021276595747 0.028769841269841268 0.0549645390070922
0 0.5684523809523809 0.2553191489361702 0.025793650793650792 0.04609929078014184
0 0.6106150793650794 0.32269503546099293 0.030753968253968252 0.0673758865248227
0 0.6775793650793651 0.34929078014184395 0.03373015873015873 0.05673758865248227
0 0.7316468253968254 0.4051418439716312 0.030753968253968252 0.06205673758865248
0 0.6622023809523809 0.2828014184397163 0.0248015873015873 0.0549645390070922
0 0.7237103174603174 0.30851063829787234 0.0248015873015873 0.05319148936170213
0 0.7718253968253969 0.31382978723404253 0.023809523809523808 0.06028368794326241
0 0.8462301587301587 0.324468085106383 0.025793650793650792 0.06382978723404255
0 0.8998015873015873 0.34574468085106386 0.027777777777777776 0.05673758865248227
0 0.9077380952380952 0.29521276595744683 0.01984126984126984 0.03723404255319149
0 0.8655753968253969 0.2969858156028369 0.020833333333333332 0.040780141843971635
0 0.8040674603174603 0.24645390070921985 0.0248015873015873 0.05319148936170213
0 0.8010912698412699 0.20301418439716312 0.016865079365079364 0.03368794326241135
0 0.7619047619047619 0.2429078014184397 0.023809523809523808 0.0425531914893617
0 0.7326388888888888 0.2296099290780142 0.022817460317460316 0.044326241134751775
0 0.6964285714285714 0.20833333333333334 0.021825396825396824 0.040780141843971635
0 0.6994047619047619 0.17375886524822695 0.013888888888888888 0.028368794326241134
0 0.7197420634920635 0.14716312056737588 0.01488095238095238 0.028368794326241134
0 0.7033730158730159 0.12056737588652482 0.00992063492063492 0.028368794326241134
0 0.7495039682539683 0.13297872340425532 0.016865079365079364 0.03546099290780142
0 0.7782738095238095 0.13918439716312056 0.01488095238095238 0.03368794326241135
0 0.8774801587301587 0.22783687943262412 0.016865079365079364 0.03723404255319149
0 0.9285714285714286 0.2225177304964539 0.01984126984126984 0.044326241134751775
0 0.9642857142857143 0.1551418439716312 0.015873015873015872 0.040780141843971635