0 0.41117478510028654 0.24744027303754265 0.03151862464183381 0.06484641638225255
0 0.2717287488061127 0.22184300341296928 0.014326647564469915 0.030716723549488054
0 0.35864374403056354 0.22696245733788395 0.018147086914995225 0.040955631399317405
0 0.37010506208213945 0.19112627986348124 0.014326647564469915 0.03754266211604096
0 0.39207258834765996 0.19112627986348124 0.014326647564469915 0.034129692832764506
0 0.39207258834765996 0.1680887372013652 0.012416427889207259 0.02901023890784983
0 0.42120343839541546 0.1621160409556314 0.011461318051575931 0.027303754266211604
0 0.4259789875835721 0.15187713310580206 0.011461318051575931 0.027303754266211604
0 0.44173829990448904 0.1697952218430034 0.014326647564469915 0.032423208191126277
0 0.41212989493791785 0.21160409556313994 0.01623686723973257 0.040955631399317405
0 0.4274116523400191 0.22013651877133106 0.01623686723973257 0.040955631399317405
0 0.4455587392550143 0.25597269624573377 0.021967526265520534 0.04436860068259386
0 0.45558739255014324 0.21075085324232082 0.019102196752626553 0.042662116040955635
0 0.498567335243553 0.2158703071672355 0.022922636103151862 0.04948805460750853
0 0.48519579751671443 0.1825938566552901 0.019102196752626553 0.03754266211604096
0 0.4871060171919771 0.15358361774744028 0.013371537726838587 0.034129692832764506
0 0.4761222540592168 0.13737201365187712 0.012416427889207259 0.02901023890784983
0 0.49379178605539636 0.14249146757679182 0.013371537726838587 0.025597269624573378
0 0.5109837631327603 0.1476109215017065 0.017191977077363897 0.02901023890784983
0 0.5191021967526266 0.13225255972696245 0.012416427889207259 0.025597269624573378
0 0.5334288443170965 0.1416382252559727 0.012416427889207259 0.027303754266211604
0 0.5386819484240688 0.13822525597269625 0.011461318051575931 0.023890784982935155
0 0.5358166189111748 0.16723549488054607 0.015281757402101241 0.034129692832764506
0 0.5253104106972302 0.17918088737201365 0.017191977077363897 0.040955631399317405
0 0.5401146131805158 0.20392491467576793 0.02387774594078319 0.04948805460750853
0 0.5682903533906399 0.13822525597269625 0.015281757402101241 0.023890784982935155
0 0.5807067812798472 0.12457337883959044 0.013371537726838587 0.023890784982935155
0 0.5978987583572111 0.1348122866894198 0.015281757402101241 0.034129692832764506
0 0.606494746895893 0.11689419795221843 0.011461318051575931 0.02901023890784983
0 0.6170009551098377 0.11348122866894197 0.011461318051575931 0.02901023890784983
0 0.6275071633237822 0.11348122866894197 0.011461318051575931 0.02901023890784983
0 0.6351480420248329 0.12542662116040956 0.013371537726838587 0.02901023890784983
0 0.620821394460363 0.14419795221843004 0.019102196752626553 0.032423208191126277
0 0.5792741165234002 0.1757679180887372 0.018147086914995225 0.03754266211604096
0 0.5754536771728749 0.24829351535836178 0.02387774594078319 0.052901023890784986
0 0.5678127984718243 0.28668941979522183 0.029608404966571154 0.05802047781569966
0 0.6308500477554919 0.24829351535836178 0.02387774594078319 0.04948805460750853
0 0.6413562559694365 0.19795221843003413 0.02005730659025788 0.040955631399317405
0 0.6556829035339063 0.14249146757679182 0.014326647564469915 0.02901023890784983
0 0.6590257879656161 0.12627986348122866 0.015281757402101241 0.023890784982935155
0 0.6556829035339063 0.11433447098976109 0.012416427889207259 0.023890784982935155
0 0.6872015281757402 0.10494880546075085 0.014326647564469915 0.02901023890784983
0 0.6867239732569246 0.12372013651877133 0.011461318051575931 0.02901023890784983
0 0.7096466093600764 0.11860068259385666 0.015281757402101241 0.032423208191126277
0 0.6986628462273161 0.181740614334471 0.01623686723973257 0.03924914675767918
0 0.6575931232091691 0.18515358361774745 0.01623686723973257 0.042662116040955635
0 0.673352435530086 0.22013651877133106 0.022922636103151862 0.040955631399317405
0 0.6895893027698186 0.25853242320819114 0.021012416427889206 0.04607508532423208
0 0.7277936962750716 0.2986348122866894 0.02865329512893983 0.05460750853242321
0 0.724450811843362 0.23464163822525597 0.021967526265520534 0.04607508532423208
0 0.7473734479465138 0.2090443686006826 0.018147086914995225 0.04607508532423208
0 0.7406876790830945 0.14505119453924914 0.01623686723973257 0.034129692832764506
0 0.7507163323782235 0.1757679180887372 0.017191977077363897 0.030716723549488054
0 0.7511938872970392 0.14590443686006827 0.014326647564469915 0.02901023890784983
0 0.7612225405921681 0.1348122866894198 0.013371537726838587 0.034129692832764506
0 0.7836676217765043 0.14675767918088736 0.014326647564469915 0.034129692832764506
0 0.7999044890162369 0.1296928327645051 0.014326647564469915 0.034129692832764506
0 0.8218720152817574 0.13907849829351535 0.012416427889207259 0.02901023890784983
0 0.8557784145176696 0.15273037542662116 0.013371537726838587 0.02901023890784983
0 0.8767908309455588 0.15358361774744028 0.011461318051575931 0.030716723549488054
0 0.9130850047755492 0.15784982935153583 0.013371537726838587 0.02901023890784983
0 0.9321872015281757 0.17491467576791808 0.011461318051575931 0.03583617747440273
0 0.9474689589302769 0.17406143344709898 0.013371537726838587 0.030716723549488054
0 0.9469914040114613 0.2150170648464164 0.012416427889207259 0.03754266211604096
0 0.9336198662846227 0.23122866894197952 0.018147086914995225 0.042662116040955635
0 0.9245463228271251 0.24488054607508533 0.017191977077363897 0.04607508532423208
0 0.9274116523400191 0.28498293515358364 0.021012416427889206 0.05802047781569966
0 0.9188156638013372 0.3361774744027304 0.02865329512893983 0.06484641638225255
0 0.8447946513849093 0.3216723549488055 0.025787965616045846 0.05631399317406143
0 0.8591212989493792 0.2790102389078498 0.02387774594078319 0.04948805460750853
0 0.8385864374403056 0.2295221843003413 0.017191977077363897 0.042662116040955635
0 0.8424068767908309 0.20477815699658702 0.017191977077363897 0.034129692832764506
0 0.8533906399235912 0.18600682593856654 0.01623686723973257 0.034129692832764506
0 0.8744030563514804 0.18344709897610922 0.01623686723973257 0.02901023890784983
0 0.890639923591213 0.22866894197952217 0.021967526265520534 0.03754266211604096
0 0.8347659980897804 0.15870307167235495 0.015281757402101241 0.034129692832764506
0 0.8118433619866284 0.15443686006825938 0.015281757402101241 0.032423208191126277
0 0.7984718242597899 0.16467576791808874 0.015281757402101241 0.032423208191126277
0 0.8319006685768864 0.1885665529010239 0.017191977077363897 0.032423208191126277
0 0.7841451766953199 0.2150170648464164 0.021012416427889206 0.040955631399317405
0 0.768385864374403 0.24829351535836178 0.021967526265520534 0.04607508532423208
0 0.7946513849092646 0.3003412969283277 0.02865329512893983 0.06143344709897611