0 0.20176348547717843 0.3612662942271881 0.04045643153526971 0.08193668528864059
0 0.2925311203319502 0.21508379888268156 0.016597510373443983 0.035381750465549346
0 0.3303941908713693 0.2206703910614525 0.01970954356846473 0.035381750465549346
0 0.34232365145228216 0.20204841713221602 0.01867219917012448 0.03165735567970205
0 0.34647302904564314 0.18063314711359404 0.016597510373443983 0.0260707635009311
0 0.35632780082987553 0.22532588454376165 0.017634854771784232 0.0335195530726257
0 0.3801867219917012 0.24487895716945995 0.021784232365145227 0.03910614525139665
0 0.37863070539419086 0.22346368715083798 0.01867219917012448 0.0335195530726257
0 0.39056016597510373 0.18994413407821228 0.017634854771784232 0.0335195530726257
0 0.40975103734439833 0.20297951582867785 0.016597510373443983 0.037243947858473
0 0.4149377593360996 0.18994413407821228 0.016597510373443983 0.037243947858473
0 0.4139004149377593 0.1610800744878957 0.016597510373443983 0.035381750465549346
0 0.44242738589211617 0.16573556797020483 0.017634854771784232 0.037243947858473
0 0.43775933609958506 0.22998137802607077 0.02074688796680498 0.04655493482309125
0 0.4434647302904564 0.21415270018621974 0.01970954356846473 0.040968342644320296
0 0.4828838174273859 0.2169459962756052 0.021784232365145227 0.03910614525139665
0 0.48184647302904565 0.1713221601489758 0.013485477178423237 0.0297951582867784
0 0.4704356846473029 0.14990689013035383 0.013485477178423237 0.027932960893854747
0 0.45435684647302904 0.14338919925512103 0.014522821576763486 0.0297951582867784
0 0.46732365145228216 0.1303538175046555 0.011410788381742738 0.0260707635009311
0 0.49118257261410786 0.13314711359404097 0.00933609958506224 0.020484171322160148
0 0.491701244813278 0.15549348230912477 0.016597510373443983 0.03165735567970205
0 0.520746887966805 0.17225325884543763 0.014522821576763486 0.03910614525139665
0 0.5337136929460581 0.18808193668528864 0.015560165975103735 0.037243947858473
0 0.5015560165975104 0.11731843575418995 0.013485477178423237 0.0297951582867784
0 0.5233402489626556 0.12569832402234637 0.011410788381742738 0.027932960893854747
0 0.5399377593360996 0.1424581005586592 0.015560165975103735 0.03165735567970205
0 0.5534232365145229 0.15921787709497207 0.015560165975103735 0.03910614525139665
0 0.5456431535269709 0.1266294227188082 0.012448132780082987 0.0260707635009311
0 0.5840248962655602 0.17225325884543763 0.02074688796680498 0.035381750465549346
0 0.5798755186721992 0.11731843575418995 0.012448132780082987 0.0297951582867784
0 0.591804979253112 0.10800744878957169 0.00933609958506224 0.0297951582867784
0 0.6026970954356846 0.11824953445065177 0.012448132780082987 0.027932960893854747
0 0.6135892116182573 0.10893854748603352 0.011410788381742738 0.024208566108007448
0 0.625 0.11080074487895716 0.011410788381742738 0.027932960893854747
0 0.6156639004149378 0.14804469273743018 0.015560165975103735 0.03165735567970205
0 0.5705394190871369 0.24394785847299813 0.024896265560165973 0.0521415270018622
0 0.5809128630705395 0.276536312849162 0.026970954356846474 0.05772811918063315
0 0.49118257261410786 0.2849162011173184 0.028008298755186723 0.0633147113594041
0 0.6094398340248963 0.3221601489757914 0.032157676348547715 0.0633147113594041
0 0.6307053941908713 0.21880819366852886 0.02074688796680498 0.04655493482309125
0 0.6436721991701245 0.22625698324022347 0.021784232365145227 0.054003724394785846
0 0.6462655601659751 0.12756052141527002 0.014522821576763486 0.03165735567970205
0 0.6639004149377593 0.09962756052141528 0.012448132780082987 0.027932960893854747
0 0.6649377593360996 0.1387337057728119 0.016597510373443983 0.03165735567970205
0 0.6820539419087137 0.12756052141527002 0.015560165975103735 0.027932960893854747
0 0.6898340248962656 0.09962756052141528 0.01037344398340249 0.027932960893854747
0 0.7136929460580913 0.11173184357541899 0.016597510373443983 0.0297951582867784
0 0.696058091286307 0.14990689013035383 0.016597510373443983 0.03165735567970205
0 0.6721991701244814 0.17970204841713222 0.016597510373443983 0.03910614525139665
0 0.6804979253112033 0.24394785847299813 0.024896265560165973 0.055865921787709494
0 0.6913900414937759 0.30074487895716945 0.03008298755186722 0.061452513966480445
0 0.7235477178423236 0.297951582867784 0.023858921161825725 0.055865921787709494
0 0.7479253112033195 0.3761638733705773 0.035269709543568464 0.074487895716946
0 0.7380705394190872 0.22811918063314712 0.023858921161825725 0.04655493482309125
0 0.7178423236514523 0.1750465549348231 0.02074688796680498 0.040968342644320296
0 0.7468879668049793 0.16573556797020483 0.02074688796680498 0.037243947858473
0 0.7557053941908713 0.1787709497206704 0.01970954356846473 0.0446927374301676
0 0.7520746887966805 0.12476722532588454 0.014522821576763486 0.0260707635009311
0 0.7774896265560166 0.1387337057728119 0.015560165975103735 0.035381750465549346
0 0.799792531120332 0.17039106145251395 0.014522821576763486 0.035381750465549346
0 0.7977178423236515 0.22253258845437615 0.02074688796680498 0.04283054003724395
0 0.7697095435684648 0.24581005586592178 0.02074688796680498 0.048417132216014895
0 0.7971991701244814 0.2877094972067039 0.025933609958506226 0.054003724394785846
0 0.8174273858921162 0.25139664804469275 0.024896265560165973 0.0521415270018622
0 0.8319502074688797 0.31191806331471134 0.024896265560165973 0.07635009310986965
0 0.8148340248962656 0.39106145251396646 0.03423236514522822 0.07076350093109869
0 0.8978215767634855 0.43854748603351956 0.04045643153526971 0.08752327746741155
0 0.9175311203319502 0.3361266294227188 0.032157676348547715 0.06517690875232775
0 0.9201244813278008 0.2914338919925512 0.022821576763485476 0.04655493482309125
0 0.9258298755186722 0.22439478584729983 0.017634854771784232 0.04283054003724395
0 0.8822614107883817 0.22625698324022347 0.023858921161825725 0.04655493482309125
0 0.8687759336099585 0.2774674115456238 0.021784232365145227 0.0521415270018622