0 0.8404461687681862 0.2046232876712329 0.014548981571290009 0.03595890410958904
0 0.8336566440349176 0.2285958904109589 0.016488845780795344 0.03595890410958904
0 0.8656644034917556 0.2842465753424658 0.020368574199806012 0.04794520547945205
0 0.8889427740058196 0.22345890410958905 0.014548981571290009 0.03595890410958904
0 0.9291949563530553 0.23886986301369864 0.011639185257032008 0.032534246575342464
0 0.9287099903006789 0.2808219178082192 0.016488845780795344 0.0410958904109589
0 0.9097963142580019 0.3450342465753425 0.02133850630455868 0.05650684931506849
0 0.8404461687681862 0.3407534246575342 0.02424830261881668 0.04794520547945205
0 0.7929194956353055 0.3142123287671233 0.02424830261881668 0.06678082191780822
0 0.7580019398642095 0.2551369863013699 0.01842870999030068 0.04452054794520548
0 0.7264791464597479 0.2928082191780822 0.02133850630455868 0.05821917808219178
0 0.7298739088263821 0.1797945205479452 0.016488845780795344 0.0410958904109589
0 0.6619786614936954 0.1969178082191781 0.014548981571290009 0.03767123287671233
0 0.6382153249272551 0.2457191780821918 0.015518913676042677 0.046232876712328765
0 0.6784675072744908 0.2585616438356164 0.02424830261881668 0.04794520547945205
0 0.5926285160038798 0.238013698630137 0.01745877788554801 0.04452054794520548
0 0.5824442289039767 0.17893835616438356 0.014548981571290009 0.03595890410958904
0 0.6212415130940834 0.1421232876712329 0.01066925315227934 0.0273972602739726
0 0.507274490785645 0.14982876712328766 0.011639185257032008 0.02910958904109589
0 0.49757516973811833 0.18835616438356165 0.013579049466537343 0.03767123287671233
0 0.542192046556741 0.1952054794520548 0.015518913676042677 0.0410958904109589
0 0.48739088263821534 0.2268835616438356 0.01842870999030068 0.046232876712328765
0 0.4185257032007759 0.2208904109589041 0.014548981571290009 0.03424657534246575
0 0.43452958292919497 0.22345890410958905 0.01745877788554801 0.04280821917808219
0 0.3957322987390883 0.25 0.019398642095053348 0.04452054794520548
0 0.3394762366634336 0.20976027397260275 0.013579049466537343 0.025684931506849314
0 0.3409311348205626 0.2508561643835616 0.01842870999030068 0.039383561643835614