0 0.14207419898819562 0.5190140845070422 0.04468802698145025 0.07746478873239436
0 0.23650927487352444 0.33098591549295775 0.0193929173693086 0.03380281690140845
0 0.2702360876897133 0.3408450704225352 0.024451939291736932 0.04225352112676056
0 0.290893760539629 0.3704225352112676 0.023608768971332208 0.03943661971830986
0 0.29384485666104554 0.3 0.021079258010118045 0.030985915492957747
0 0.34780775716694773 0.3563380281690141 0.024451939291736932 0.04225352112676056
0 0.3650927487352445 0.323943661971831 0.02023608768971332 0.03380281690140845
0 0.36298482293423273 0.29507042253521126 0.021079258010118045 0.02676056338028169
0 0.40219224283305227 0.2584507042253521 0.01854974704890388 0.029577464788732393
0 0.4203204047217538 0.3288732394366197 0.022765598650927487 0.04084507042253521
0 0.41610455311973016 0.29577464788732394 0.0193929173693086 0.03380281690140845
0 0.45699831365935917 0.33380281690140845 0.025295109612141653 0.03943661971830986
0 0.4924114671163575 0.397887323943662 0.03372681281618887 0.06056338028169014
0 0.44561551433389546 0.3246478873239437 0.01770657672849916 0.035211267605633804
0 0.4371838111298482 0.2549295774647887 0.01770657672849916 0.028169014084507043
0 0.4557335581787521 0.25422535211267605 0.016020236087689713 0.035211267605633804
0 0.4759696458684654 0.23661971830985915 0.01433389544688027 0.028169014084507043
0 0.4856661045531197 0.29507042253521126 0.02023608768971332 0.038028169014084505
0 0.5219224283305227 0.2591549295774648 0.013490725126475547 0.028169014084507043
0 0.5387858347386172 0.27323943661971833 0.01854974704890388 0.036619718309859155
0 0.5594435075885329 0.24788732394366197 0.01770657672849916 0.036619718309859155
0 0.572512647554806 0.22535211267605634 0.01854974704890388 0.030985915492957747
0 0.5868465430016864 0.2140845070422535 0.01517706576728499 0.028169014084507043
0 0.5872681281618887 0.23943661971830985 0.01433389544688027 0.030985915492957747
0 0.5982293423271501 0.2549295774647887 0.01433389544688027 0.030985915492957747
0 0.5699831365935919 0.27535211267605636 0.01854974704890388 0.035211267605633804
0 0.519814502529511 0.31619718309859157 0.0193929173693086 0.04366197183098591
0 0.5518549747048904 0.352112676056338 0.024451939291736932 0.05070422535211268
0 0.6172006745362564 0.37535211267605634 0.026981450252951095 0.05211267605633803
0 0.5231871838111298 0.4753521126760563 0.03288364249578415 0.05211267605633803
0 0.6112984822934233 0.44577464788732396 0.03204047217537943 0.07183098591549296
0 0.6505059021922428 0.45985915492957746 0.03625632377740304 0.07183098591549296
0 0.6698988195615514 0.36971830985915494 0.02782462057335582 0.06056338028169014
0 0.7078414839797639 0.3563380281690141 0.02782462057335582 0.04788732394366197
0 0.6193086003372681 0.31971830985915495 0.031197301854974706 0.05070422535211268
0 0.6496627318718381 0.29577464788732394 0.022765598650927487 0.04225352112676056
0 0.6184654300168634 0.2415492957746479 0.016020236087689713 0.035211267605633804
0 0.6188870151770658 0.2176056338028169 0.013490725126475547 0.02112676056338028
0 0.6239460370994941 0.2007042253521127 0.011804384485666104 0.023943661971830985
0 0.6433389544688027 0.2091549295774648 0.011804384485666104 0.023943661971830985
0 0.6462900505902193 0.24014084507042255 0.016020236087689713 0.02676056338028169
0 0.6568296795952783 0.21971830985915494 0.013490725126475547 0.028169014084507043
0 0.6884485666104553 0.2774647887323944 0.0193929173693086 0.04507042253521127
0 0.6989881956155143 0.3126760563380282 0.016863406408094434 0.036619718309859155
0 0.7238617200674536 0.29507042253521126 0.024451939291736932 0.038028169014084505
0 0.7251264755480608 0.2471830985915493 0.016863406408094434 0.0323943661971831
0 0.6913996627318718 0.22605633802816902 0.011804384485666104 0.02676056338028169
0 0.68929173693086 0.2035211267605634 0.010961214165261383 0.023943661971830985
0 0.7048903878583473 0.22605633802816902 0.013490725126475547 0.029577464788732393
0 0.7495784148397976 0.24647887323943662 0.016863406408094434 0.036619718309859155
0 0.7559021922428331 0.23450704225352112 0.01433389544688027 0.02676056338028169
0 0.765177065767285 0.2323943661971831 0.010961214165261383 0.02535211267605634
0 0.8018549747048904 0.23309859154929577 0.016863406408094434 0.02676056338028169
0 0.7925801011804384 0.2584507042253521 0.01517706576728499 0.02676056338028169
0 0.8052276559865092 0.27816901408450706 0.01517706576728499 0.035211267605633804
0 0.8322091062394603 0.24225352112676057 0.01517706576728499 0.030985915492957747
0 0.8444350758853288 0.2647887323943662 0.0193929173693086 0.036619718309859155
0 0.8301011804384486 0.2908450704225352 0.016020236087689713 0.035211267605633804
0 0.8355817875210793 0.3542253521126761 0.025295109612141653 0.04647887323943662
0 0.8102866779089376 0.4267605633802817 0.02866779089376054 0.056338028169014086
0 0.7407251264755481 0.397887323943662 0.03288364249578415 0.054929577464788736
0 0.7213322091062394 0.5387323943661971 0.03794266441821248 0.07746478873239436
0 0.8410623946037099 0.504225352112676 0.04131534569983136 0.07323943661971831
0 0.8638279932546374 0.44859154929577466 0.031197301854974706 0.06901408450704226
0 0.8815345699831366 0.39225352112676054 0.026138279932546374 0.057746478873239436
0 0.893760539629005 0.33380281690140845 0.02023608768971332 0.04507042253521127
0 0.8672006745362564 0.3126760563380282 0.021079258010118045 0.04225352112676056
0 0.8684654300168634 0.2697183098591549 0.016863406408094434 0.035211267605633804
0 0.866779089376054 0.25140845070422535 0.01854974704890388 0.029577464788732393
0 0.8790050590219224 0.2619718309859155 0.016020236087689713 0.030985915492957747
0 0.9038785834738617 0.2535211267605634 0.01854974704890388 0.03380281690140845
0 0.9207419898819561 0.27816901408450706 0.02023608768971332 0.04366197183098591
0 0.9080944350758853 0.31197183098591547 0.01517706576728499 0.035211267605633804
0 0.9489881956155143 0.46267605633802816 0.02951096121416526 0.054929577464788736
0 0.9317032040472175 0.4373239436619718 0.02023608768971332 0.0323943661971831
0 0.9506745362563238 0.35352112676056335 0.0193929173693086 0.04225352112676056
0 0.943929173693086 0.3112676056338028 0.0193929173693086 0.04507042253521127
0 0.9586846543001686 0.30070422535211266 0.01517706576728499 0.04084507042253521
0 0.9607925801011804 0.2697183098591549 0.01770657672849916 0.029577464788732393