0 0.13855898653998416 0.46830985915492956 0.04117181314330958 0.08309859154929577
0 0.21575613618368963 0.34507042253521125 0.015043547110055424 0.030985915492957747
0 0.284639746634996 0.3028169014084507 0.015043547110055424 0.03380281690140845
0 0.25534441805225655 0.35774647887323946 0.022961203483768806 0.03380281690140845
0 0.28582739509105304 0.3626760563380282 0.019002375296912115 0.04084507042253521
0 0.3479809976247031 0.29577464788732394 0.015043547110055424 0.03380281690140845
0 0.3836104513064133 0.2605633802816901 0.018210609659540775 0.028169014084507043
0 0.42042755344418054 0.2591549295774648 0.019002375296912115 0.030985915492957747
0 0.43784639746634996 0.25422535211267605 0.02058590657165479 0.029577464788732393
0 0.33056215360253366 0.3619718309859155 0.01979414093428345 0.04507042253521127
0 0.3495645288994458 0.3330985915492958 0.0166270783847981 0.038028169014084505
0 0.3812351543942993 0.33098591549295775 0.018210609659540775 0.04225352112676056
0 0.40617577197149646 0.326056338028169 0.019002375296912115 0.038028169014084505
0 0.42399049881235157 0.2852112676056338 0.0166270783847981 0.035211267605633804
0 0.42953285827395093 0.30915492957746477 0.021377672209026127 0.038028169014084505
0 0.46357878068091846 0.2661971830985915 0.015043547110055424 0.036619718309859155
0 0.4576405384006334 0.3176056338028169 0.019002375296912115 0.035211267605633804
0 0.43665874901029295 0.3380281690140845 0.018210609659540775 0.030985915492957747
0 0.4916864608076009 0.26267605633802815 0.01583531274742676 0.038028169014084505
0 0.5114806017418844 0.24647887323943662 0.014251781472684086 0.03380281690140845
0 0.49564528899445764 0.31619718309859157 0.01741884402216944 0.035211267605633804
0 0.5162311955661124 0.27535211267605636 0.014251781472684086 0.029577464788732393
0 0.5229612034837688 0.24577464788732395 0.015043547110055424 0.035211267605633804
0 0.5447347585114806 0.2267605633802817 0.011084718923198733 0.01971830985915493
0 0.5605700712589073 0.2091549295774648 0.014251781472684086 0.023943661971830985
0 0.564528899445764 0.2549295774647887 0.012668250197941409 0.030985915492957747
0 0.5874901029295329 0.2267605633802817 0.011084718923198733 0.028169014084507043
0 0.6001583531274742 0.2035211267605634 0.014251781472684086 0.029577464788732393
0 0.565716547901821 0.27816901408450706 0.0166270783847981 0.023943661971830985
0 0.4564528899445764 0.4126760563380282 0.02929532858273951 0.061971830985915494
0 0.546714172604909 0.35845070422535213 0.022961203483768806 0.06056338028169014
0 0.6199524940617577 0.24859154929577465 0.01741884402216944 0.035211267605633804
0 0.6361836896278702 0.21549295774647886 0.013460015835312747 0.02535211267605634
0 0.6405384006334125 0.23591549295774647 0.014251781472684086 0.035211267605633804
0 0.5285035629453682 0.4042253521126761 0.02454473475851148 0.04507042253521127
0 0.5637371338083927 0.4373239436619718 0.025336500395882817 0.04647887323943662
0 0.5831353919239906 0.31971830985915495 0.01979414093428345 0.03943661971830986
0 0.6191607284243864 0.3028169014084507 0.019002375296912115 0.036619718309859155
0 0.6563737133808393 0.23591549295774647 0.011084718923198733 0.0323943661971831
0 0.6634996041171813 0.23380281690140844 0.012668250197941409 0.030985915492957747
0 0.6599366587490103 0.26267605633802815 0.013460015835312747 0.02676056338028169
0 0.6405384006334125 0.32816901408450705 0.01583531274742676 0.036619718309859155
0 0.6492478226444972 0.36971830985915494 0.025336500395882817 0.06338028169014084
0 0.6718131433095804 0.34507042253521125 0.018210609659540775 0.04507042253521127
0 0.5760095011876485 0.3929577464788732 0.02454473475851148 0.04507042253521127
0 0.6215360253365004 0.45140845070422536 0.0332541567695962 0.06338028169014084
0 0.6892319873317498 0.2591549295774648 0.013460015835312747 0.030985915492957747
0 0.7323832145684878 0.23309859154929577 0.011084718923198733 0.0323943661971831
0 0.7228820269200317 0.24225352112676057 0.012668250197941409 0.022535211267605635
0 0.714172604908947 0.26267605633802815 0.014251781472684086 0.04084507042253521
0 0.7034837688044339 0.28380281690140846 0.015043547110055424 0.029577464788732393
0 0.7612826603325415 0.2352112676056338 0.0166270783847981 0.03380281690140845
0 0.7494061757719715 0.26549295774647885 0.021377672209026127 0.04084507042253521
0 0.7418844022169437 0.2908450704225352 0.01741884402216944 0.035211267605633804
0 0.7220902612826603 0.3957746478873239 0.025336500395882817 0.04507042253521127
0 0.6856690419635788 0.497887323943662 0.0332541567695962 0.08028169014084507
0 0.7509897070467142 0.42746478873239435 0.027711797307996833 0.05211267605633803
0 0.781076801266825 0.30422535211267604 0.018210609659540775 0.03380281690140845
0 0.7905779889152811 0.27253521126760566 0.011876484560570071 0.0323943661971831
0 0.815914489311164 0.2669014084507042 0.018210609659540775 0.0323943661971831
0 0.8357086302454474 0.2640845070422535 0.0166270783847981 0.035211267605633804
0 0.8483768804433888 0.25422535211267605 0.010292953285827395 0.02676056338028169
0 0.8281868566904196 0.3126760563380282 0.014251781472684086 0.03380281690140845
0 0.8048297703879652 0.3373239436619718 0.0166270783847981 0.04084507042253521
0 0.7826603325415677 0.37183098591549296 0.022961203483768806 0.04788732394366197
0 0.7969121140142518 0.5035211267605634 0.03721298495645289 0.06338028169014084
0 0.8194774346793349 0.43591549295774645 0.026920031670625493 0.04366197183098591
0 0.8333333333333334 0.3767605633802817 0.0166270783847981 0.04929577464788732
0 0.8551068883610451 0.3528169014084507 0.01583531274742676 0.04929577464788732
0 0.8729216152019003 0.3211267605633803 0.018210609659540775 0.036619718309859155
0 0.901821060965954 0.2676056338028169 0.011084718923198733 0.030985915492957747
0 0.9065716547901821 0.3105633802816901 0.014251781472684086 0.02676056338028169
0 0.8974663499604117 0.3492957746478873 0.0166270783847981 0.03943661971830986
0 0.8855898653998416 0.40211267605633805 0.02454473475851148 0.04084507042253521
0 0.8847980997624703 0.45492957746478874 0.02929532858273951 0.056338028169014086
0 0.611243072050673 0.21338028169014084 0.01583531274742676 0.023943661971830985
0 0.40380047505938244 0.28380281690140846 0.01741884402216944 0.029577464788732393