0 0.345 0.23198594024604569 0.018 0.0351493848857645
0 0.3815 0.2548330404217926 0.019 0.03866432337434095
0 0.423 0.1608084358523726 0.018 0.033391915641476276
0 0.4785 0.13532513181019332 0.015 0.03163444639718805
0 0.5045 0.1616871704745167 0.017 0.0351493848857645
0 0.5045 0.19332161687170474 0.021 0.0351493848857645
0 0.5645 0.18980667838312829 0.019 0.03866432337434095
0 0.8755 0.18892794376098418 0.023 0.04745166959578207
0 0.9245 0.18980667838312829 0.017 0.03866432337434095
0 0.937 0.2460456942003515 0.016 0.04569420035149385
0 0.952 0.21528998242530756 0.016 0.03690685413005272