0 0.4135546334716459 0.2179176755447942 0.016597510373443983 0.03389830508474576
0 0.45020746887966806 0.24334140435835352 0.02074688796680498 0.03631961259079903
0 0.4640387275242047 0.17675544794188863 0.015214384508990318 0.03389830508474576
0 0.48686030428769017 0.18401937046004843 0.013831258644536652 0.029055690072639227
0 0.5573997233748271 0.18159806295399517 0.016597510373443983 0.029055690072639227
0 0.5663900414937759 0.19128329297820823 0.017980636237897647 0.03389830508474576
0 0.6424619640387276 0.1368038740920097 0.015214384508990318 0.03631961259079903
0 0.6251728907330567 0.14527845036319612 0.016597510373443983 0.029055690072639227
0 0.47579529737206083 0.10653753026634383 0.016597510373443983 0.024213075060532687
0 0.681881051175657 0.18280871670702178 0.019363762102351315 0.03631961259079903
0 0.6853388658367912 0.2288135593220339 0.02351313969571231 0.04600484261501211
0 0.7295988934993084 0.23365617433414043 0.02351313969571231 0.04600484261501211
0 0.6383125864453665 0.23123486682808717 0.02074688796680498 0.03631961259079903
0 0.6894882434301521 0.288135593220339 0.02074688796680498 0.043583535108958835
0 0.6265560165975104 0.2857142857142857 0.019363762102351315 0.0387409200968523
0 0.6424619640387276 0.33292978208232443 0.0318118948824343 0.05569007263922518
0 0.9467496542185339 0.24939467312348668 0.02351313969571231 0.043583535108958835