0 0.09845360824742268 0.26788990825688075 0.031958762886597936 0.04036697247706422
0 0.21443298969072164 0.3495412844036697 0.049484536082474224 0.07889908256880734
0 0.43917525773195876 0.22568807339449543 0.01443298969072165 0.03669724770642202
0 0.4793814432989691 0.22385321100917432 0.016494845360824743 0.04036697247706422
0 0.5324742268041237 0.20458715596330276 0.01752577319587629 0.031192660550458717
0 0.6737113402061856 0.17522935779816515 0.01752577319587629 0.031192660550458717
0 0.6268041237113402 0.23302752293577983 0.02268041237113402 0.047706422018348627
0 0.6737113402061856 0.21926605504587157 0.01958762886597938 0.04954128440366973
0 0.6809278350515464 0.24954128440366974 0.01752577319587629 0.044036697247706424
0 0.7268041237113402 0.20091743119266056 0.020618556701030927 0.03853211009174312
0 0.7319587628865979 0.3073394495412844 0.030927835051546393 0.07155963302752294
0 0.7530927835051546 0.29724770642201837 0.03402061855670103 0.08440366972477065
0 0.8365979381443299 0.25963302752293577 0.027835051546391754 0.05688073394495413
0 0.8747422680412371 0.2944954128440367 0.01958762886597938 0.045871559633027525