0 0.04921077065923862 0.37107438016528926 0.018570102135561744 0.04132231404958678
0 0.24837511606313833 0.256198347107438 0.012070566388115135 0.023140495867768594
0 0.2692664809656453 0.2652892561983471 0.014856081708449397 0.021487603305785124
0 0.29108635097493035 0.25867768595041324 0.015784586815227482 0.03471074380165289
0 0.3152274837511606 0.2603305785123967 0.013927576601671309 0.03801652892561983
0 0.32915506035283193 0.26859504132231404 0.015784586815227482 0.03471074380165289
0 0.31940575673166205 0.21652892561983472 0.014856081708449397 0.026446280991735537
0 0.34818941504178275 0.22892561983471074 0.016713091922005572 0.02809917355371901
0 0.35051067780872797 0.20413223140495868 0.013927576601671309 0.021487603305785124
0 0.36397400185701023 0.1933884297520661 0.012999071494893221 0.023140495867768594
0 0.38115134633240483 0.18760330578512396 0.012070566388115135 0.03140495867768595
0 0.3960074280408542 0.19586776859504132 0.015784586815227482 0.02809917355371901
0 0.3806870937790158 0.2322314049586777 0.014856081708449397 0.03140495867768595
0 0.3607242339832869 0.2727272727272727 0.017641597028783658 0.03636363636363636
0 0.3918291550603528 0.2859504132231405 0.022284122562674095 0.03966942148760331
0 0.4308263695450325 0.23305785123966943 0.018570102135561744 0.03636363636363636
0 0.44103992571959144 0.18925619834710744 0.012999071494893221 0.02809917355371901
0 0.45775301764159704 0.19917355371900827 0.014856081708449397 0.024793388429752067
0 0.4670380687093779 0.23140495867768596 0.018570102135561744 0.03305785123966942
0 0.48003714020427113 0.1925619834710744 0.018570102135561744 0.03471074380165289
0 0.45775301764159704 0.14380165289256197 0.012999071494893221 0.019834710743801654
0 0.49025069637883006 0.16776859504132233 0.012999071494893221 0.03140495867768595
0 0.4795728876508821 0.13553719008264462 0.01021355617455896 0.019834710743801654
0 0.5194986072423399 0.20578512396694215 0.015784586815227482 0.03801652892561983
0 0.5278551532033426 0.16611570247933885 0.013927576601671309 0.02809917355371901
0 0.5589600742804085 0.17272727272727273 0.016713091922005572 0.03140495867768595
0 0.5589600742804085 0.12479338842975207 0.011142061281337047 0.024793388429752067
0 0.5756731662024142 0.14214876033057852 0.011142061281337047 0.026446280991735537
0 0.5872794800371403 0.11900826446280992 0.01021355617455896 0.023140495867768594
0 0.60677808727948 0.11735537190082644 0.01021355617455896 0.023140495867768594
0 0.606313834726091 0.14380165289256197 0.011142061281337047 0.023140495867768594
0 0.6323119777158774 0.14049586776859505 0.011142061281337047 0.026446280991735537
0 0.6313834726090993 0.11652892561983472 0.009285051067780872 0.01818181818181818
0 0.6713091922005571 0.11735537190082644 0.012999071494893221 0.026446280991735537
0 0.48235840297121635 0.2991735537190083 0.025069637883008356 0.049586776859504134
0 0.5608170844939647 0.2892561983471074 0.02414113277623027 0.05289256198347107
0 0.5677808727948004 0.22148760330578512 0.02321262766945218 0.05619834710743802
0 0.6160631383472609 0.2413223140495868 0.017641597028783658 0.04297520661157025
0 0.6285979572887651 0.2 0.012999071494893221 0.02975206611570248
0 0.6462395543175488 0.2140495867768595 0.02042711234911792 0.04462809917355372
0 0.6555246053853296 0.2636363636363636 0.02042711234911792 0.04462809917355372
0 0.6179201485608171 0.32066115702479336 0.034354688950789226 0.049586776859504134
0 0.6796657381615598 0.19090909090909092 0.014856081708449397 0.02809917355371901
0 0.6750232126276694 0.1537190082644628 0.012999071494893221 0.026446280991735537
0 0.7019498607242339 0.15123966942148762 0.012999071494893221 0.024793388429752067
0 0.7223769730733519 0.18429752066115704 0.016713091922005572 0.03471074380165289
0 0.6954503249767874 0.23305785123966943 0.016713091922005572 0.03305785123966942
0 0.7121634168987929 0.2900826446280992 0.02042711234911792 0.04462809917355372
0 0.7516248839368617 0.2231404958677686 0.015784586815227482 0.04628099173553719
0 0.7525533890436398 0.16942148760330578 0.015784586815227482 0.02809917355371901
0 0.7395543175487466 0.14297520661157026 0.013927576601671309 0.03140495867768595
0 0.7562674094707521 0.13388429752066117 0.013927576601671309 0.026446280991735537
0 0.7780872794800371 0.14380165289256197 0.012999071494893221 0.02975206611570248
0 0.797121634168988 0.12975206611570247 0.01021355617455896 0.024793388429752067
0 0.8249767873723306 0.1446280991735537 0.012070566388115135 0.03140495867768595
0 0.8050139275766016 0.18099173553719008 0.014856081708449397 0.03471074380165289
0 0.7715877437325905 0.20330578512396694 0.016713091922005572 0.03966942148760331
0 0.8203342618384402 0.21735537190082643 0.015784586815227482 0.03471074380165289
0 0.7627669452181987 0.2950413223140496 0.02321262766945218 0.047933884297520664
0 0.8351903435468895 0.3090909090909091 0.025069637883008356 0.05289256198347107
0 0.8481894150417827 0.25867768595041324 0.02135561745589601 0.04462809917355372
0 0.9285051067780873 0.26611570247933886 0.02042711234911792 0.05289256198347107
0 0.9131847725162489 0.24297520661157024 0.017641597028783658 0.05289256198347107
0 0.893686165273909 0.19421487603305784 0.017641597028783658 0.03471074380165289
0 0.882544103992572 0.17107438016528925 0.012070566388115135 0.021487603305785124
0 0.8820798514391829 0.15206611570247933 0.011142061281337047 0.023140495867768594
0 0.8398328690807799 0.18512396694214875 0.015784586815227482 0.03305785123966942
0 0.8463324048282266 0.1628099173553719 0.013927576601671309 0.024793388429752067