0 0.18332022029897718 0.4791955617198336 0.045633359559402044 0.08183079056865465
0 0.33713611329661686 0.22538141470180306 0.021243115656963022 0.04299583911234397
0 0.3808025177025964 0.22954230235783635 0.02832415420928403 0.04022191400832178
0 0.4024390243902439 0.20110957004160887 0.021243115656963022 0.038834951456310676
0 0.4402045633359559 0.21914008321775313 0.01809598741148702 0.036061026352288486
0 0.46223446105428795 0.2260748959778086 0.022816679779701022 0.047156726768377254
0 0.5106215578284815 0.18515950069348128 0.022029897718332022 0.04299583911234397
0 0.5672698662470496 0.1636615811373093 0.020456333595594022 0.044382801664355064
0 0.5952006294256491 0.10540915395284327 0.010228166797797011 0.022191400832177532
0 0.5597954366640441 0.2447988904299584 0.025963808025177025 0.04576976421636616
0 0.6211644374508262 0.23370319001386963 0.025963808025177025 0.04854368932038835
0 0.6506687647521636 0.21359223300970873 0.023603461841070025 0.047156726768377254
0 0.6667977970102281 0.2503467406380028 0.029110936270653028 0.056865464632454926
0 0.7037765538945712 0.2274618585298197 0.025963808025177025 0.05547850208044383
0 0.7576711250983478 0.27184466019417475 0.02675059008654603 0.06102635228848821
0 0.7210857592446892 0.15464632454923716 0.022816679779701022 0.04022191400832178
0 0.7568843430369787 0.16712898751733704 0.01730920535011802 0.04299583911234397
0 0.7934697088906373 0.16920943134535368 0.01966955153422502 0.047156726768377254
0 0.8060582218725413 0.3522884882108183 0.03697875688434304 0.07489597780859916
0 0.8280881195908734 0.31761442441054094 0.03225806451612903 0.07212205270457697
0 0.8859166011014948 0.36754507628294036 0.03147128245476003 0.07212205270457697
0 0.8886703383162864 0.2961165048543689 0.025963808025177025 0.0651872399445215
0 0.8190401258851299 0.217753120665742 0.022029897718332022 0.038834951456310676
0 0.8335955940204564 0.17337031900138697 0.014948859166011016 0.038834951456310676
0 0.8867033831628639 0.17753120665742025 0.015735641227380016 0.033287101248266296
0 0.8654602675059009 0.22954230235783635 0.01888276947285602 0.04576976421636616
0 0.8461841070023604 0.16158113730929266 0.01809598741148702 0.03744798890429958
0 0.9150275373721479 0.23370319001386963 0.01888276947285602 0.04854368932038835