0 0.21127450980392157 0.3588850174216028 0.04411764705882353 0.08710801393728224
0 0.3215686274509804 0.22909407665505227 0.01764705882352941 0.036585365853658534
0 0.3352941176470588 0.18728222996515678 0.013725490196078431 0.033101045296167246
0 0.3524509803921569 0.20209059233449478 0.014705882352941176 0.0313588850174216
0 0.4122549019607843 0.2073170731707317 0.018627450980392157 0.03484320557491289
0 0.45294117647058824 0.21080139372822299 0.0196078431372549 0.041811846689895474
0 0.425 0.1837979094076655 0.016666666666666666 0.029616724738675958
0 0.42058823529411765 0.16289198606271776 0.01764705882352941 0.029616724738675958
0 0.4573529411764706 0.18815331010452963 0.018627450980392157 0.0313588850174216
0 0.47990196078431374 0.19076655052264807 0.016666666666666666 0.033101045296167246
0 0.4892156862745098 0.22125435540069685 0.0196078431372549 0.04529616724738676
0 0.4612745098039216 0.15331010452961671 0.014705882352941176 0.0313588850174216
0 0.47058823529411764 0.13937282229965156 0.013725490196078431 0.024390243902439025
0 0.48823529411764705 0.15156794425087108 0.01568627450980392 0.0313588850174216
0 0.509313725490196 0.16114982578397213 0.014705882352941176 0.033101045296167246
0 0.5049019607843137 0.13763066202090593 0.013725490196078431 0.027874564459930314
0 0.5210784313725491 0.13588850174216027 0.012745098039215686 0.027874564459930314
0 0.5333333333333333 0.12282229965156795 0.011764705882352941 0.02613240418118467
0 0.5372549019607843 0.15069686411149827 0.013725490196078431 0.033101045296167246
0 0.5470588235294118 0.13937282229965156 0.011764705882352941 0.0313588850174216
0 0.5549019607843138 0.16376306620209058 0.013725490196078431 0.0313588850174216
0 0.5622549019607843 0.17682926829268292 0.016666666666666666 0.04006968641114982
0 0.5720588235294117 0.14547038327526132 0.014705882352941176 0.029616724738675958
0 0.5607843137254902 0.11933797909407666 0.011764705882352941 0.02613240418118467
0 0.5950980392156863 0.11149825783972125 0.011764705882352941 0.024390243902439025
0 0.625 0.10278745644599303 0.010784313725490196 0.027874564459930314
0 0.6470588235294118 0.10278745644599303 0.011764705882352941 0.027874564459930314
0 0.6681372549019607 0.10627177700348432 0.010784313725490196 0.027874564459930314
0 0.6436274509803922 0.12020905923344948 0.010784313725490196 0.024390243902439025
0 0.6568627450980392 0.13240418118466898 0.011764705882352941 0.024390243902439025
0 0.634313725490196 0.13763066202090593 0.01568627450980392 0.03832752613240418
0 0.609313725490196 0.12630662020905922 0.014705882352941176 0.02613240418118467
0 0.6019607843137255 0.1437282229965157 0.013725490196078431 0.033101045296167246
0 0.6078431372549019 0.16986062717770034 0.01568627450980392 0.036585365853658534
0 0.5911764705882353 0.2343205574912892 0.0196078431372549 0.036585365853658534
0 0.542156862745098 0.26742160278745647 0.025490196078431372 0.047038327526132406
0 0.5882352941176471 0.27177700348432055 0.023529411764705882 0.059233449477351915
0 0.6078431372549019 0.30923344947735193 0.03137254901960784 0.07491289198606271
0 0.6441176470588236 0.20209059233449478 0.0196078431372549 0.04878048780487805
0 0.6514705882352941 0.2465156794425087 0.024509803921568627 0.050522648083623695
0 0.6681372549019607 0.26742160278745647 0.022549019607843137 0.047038327526132406
0 0.703921568627451 0.12630662020905922 0.013725490196078431 0.02613240418118467
0 0.6946078431372549 0.12369337979094076 0.010784313725490196 0.024390243902439025
0 0.7083333333333334 0.11846689895470383 0.010784313725490196 0.020905923344947737
0 0.6740196078431373 0.21254355400696864 0.018627450980392157 0.041811846689895474
0 0.7181372549019608 0.1602787456445993 0.014705882352941176 0.0313588850174216
0 0.7122549019607843 0.19599303135888502 0.016666666666666666 0.04006968641114982
0 0.7308823529411764 0.2221254355400697 0.022549019607843137 0.047038327526132406
0 0.6955882352941176 0.3153310104529617 0.030392156862745098 0.06968641114982578
0 0.7504901960784314 0.3353658536585366 0.030392156862745098 0.07142857142857142
0 0.7647058823529411 0.1297909407665505 0.013725490196078431 0.033101045296167246
0 0.7730392156862745 0.1445993031358885 0.012745098039215686 0.0313588850174216
0 0.7887254901960784 0.14111498257839722 0.012745098039215686 0.0313588850174216
0 0.8093137254901961 0.1480836236933798 0.016666666666666666 0.0313588850174216
0 0.8401960784313726 0.15505226480836237 0.013725490196078431 0.03484320557491289
0 0.7504901960784314 0.1672473867595819 0.014705882352941176 0.03484320557491289
0 0.7852941176470588 0.18292682926829268 0.01568627450980392 0.03832752613240418
0 0.7985294117647059 0.21167247386759583 0.018627450980392157 0.047038327526132406
0 0.8191176470588235 0.1994773519163763 0.016666666666666666 0.04006968641114982
0 0.8348039215686275 0.18118466898954705 0.012745098039215686 0.03832752613240418
0 0.8480392156862745 0.21080139372822299 0.01764705882352941 0.03832752613240418
0 0.8563725490196078 0.19076655052264807 0.012745098039215686 0.04006968641114982
0 0.7892156862745098 0.2952961672473868 0.025490196078431372 0.06445993031358885
0 0.8156862745098039 0.27177700348432055 0.0196078431372549 0.04529616724738676
0 0.8279411764705882 0.35627177700348434 0.030392156862745098 0.06794425087108014
0 0.8553921568627451 0.3153310104529617 0.020588235294117647 0.05574912891986063
0 0.8818627450980392 0.26393728222996515 0.020588235294117647 0.050522648083623695
0 0.8946078431372549 0.22822299651567945 0.018627450980392157 0.04878048780487805
0 0.8995098039215687 0.2029616724738676 0.014705882352941176 0.036585365853658534
0 0.9382352941176471 0.25609756097560976 0.01764705882352941 0.041811846689895474
0 0.9357843137254902 0.3153310104529617 0.018627450980392157 0.05574912891986063
0 0.9176470588235294 0.37369337979094075 0.025490196078431372 0.050522648083623695
0 0.9063725490196078 0.42073170731707316 0.03431372549019608 0.07142857142857142
0 0.942156862745098 0.22996515679442509 0.01568627450980392 0.041811846689895474
0 0.9441176470588235 0.20121951219512196 0.01568627450980392 0.036585365853658534
0 0.9534313725490197 0.18554006968641115 0.014705882352941176 0.04006968641114982
0 0.9274509803921569 0.171602787456446 0.00980392156862745 0.033101045296167246
0 0.9186274509803921 0.1759581881533101 0.011764705882352941 0.03484320557491289
0 0.8720588235294118 0.18641114982578397 0.014705882352941176 0.03484320557491289
0 0.8769607843137255 0.1602787456445993 0.012745098039215686 0.03484320557491289
0 0.890686274509804 0.1602787456445993 0.014705882352941176 0.027874564459930314