0 0.166189111747851 0.49744897959183676 0.034383954154727794 0.07993197278911565
0 0.26313276026743077 0.26700680272108845 0.01623686723973257 0.027210884353741496
0 0.3008595988538682 0.26445578231292516 0.019102196752626553 0.03571428571428571
0 0.3194842406876791 0.26785714285714285 0.02005730659025788 0.04591836734693878
0 0.33715377268385865 0.21343537414965985 0.013371537726838587 0.02891156462585034
0 0.3615090735434575 0.22534013605442177 0.018147086914995225 0.025510204081632654
0 0.35912129894937916 0.2066326530612245 0.015281757402101241 0.025510204081632654
0 0.3543457497612225 0.26785714285714285 0.021012416427889206 0.0391156462585034
0 0.4040114613180516 0.2619047619047619 0.019102196752626553 0.03741496598639456
0 0.4383954154727794 0.2585034013605442 0.021012416427889206 0.04081632653061224
0 0.3997134670487106 0.22108843537414966 0.01623686723973257 0.034013605442176874
0 0.38156638013371535 0.18112244897959184 0.012416427889207259 0.025510204081632654
0 0.4073543457497612 0.18452380952380953 0.014326647564469915 0.02891156462585034
0 0.4245463228271251 0.18962585034013604 0.014326647564469915 0.03231292517006803
0 0.4407831900668577 0.20068027210884354 0.014326647564469915 0.030612244897959183
0 0.45319961795606495 0.2304421768707483 0.01623686723973257 0.04251700680272109
0 0.4775549188156638 0.24489795918367346 0.017191977077363897 0.04081632653061224
0 0.48567335243553006 0.2032312925170068 0.018147086914995225 0.02891156462585034
0 0.45224450811843364 0.15816326530612246 0.014326647564469915 0.027210884353741496
0 0.47707736389684813 0.16071428571428573 0.01623686723973257 0.025510204081632654
0 0.5176695319961796 0.19642857142857142 0.015281757402101241 0.02891156462585034
0 0.5362941738299905 0.20748299319727892 0.018147086914995225 0.04081632653061224
0 0.5496657115568291 0.17091836734693877 0.014326647564469915 0.03231292517006803
0 0.5329512893982808 0.16921768707482993 0.015281757402101241 0.03231292517006803
0 0.501432664756447 0.13180272108843538 0.011461318051575931 0.01870748299319728
0 0.5888252148997135 0.17517006802721088 0.014326647564469915 0.030612244897959183
0 0.5740210124164279 0.14965986394557823 0.013371537726838587 0.023809523809523808
0 0.5916905444126075 0.14710884353741496 0.018147086914995225 0.03231292517006803
0 0.5792741165234002 0.12329931972789115 0.012416427889207259 0.02891156462585034
0 0.5936007640878701 0.12329931972789115 0.012416427889207259 0.02891156462585034
0 0.620821394460363 0.14540816326530612 0.015281757402101241 0.02891156462585034
0 0.6112702960840497 0.125 0.011461318051575931 0.025510204081632654
0 0.620821394460363 0.11649659863945579 0.013371537726838587 0.025510204081632654
0 0.6470869149952244 0.1377551020408163 0.014326647564469915 0.030612244897959183
0 0.6518624641833811 0.11904761904761904 0.012416427889207259 0.027210884353741496
0 0.6776504297994269 0.12414965986394558 0.012416427889207259 0.030612244897959183
0 0.5071633237822349 0.3163265306122449 0.02865329512893983 0.047619047619047616
0 0.5520534861509073 0.31037414965986393 0.024832855778414518 0.05272108843537415
0 0.556829035339064 0.25510204081632654 0.021012416427889206 0.04081632653061224
0 0.603629417382999 0.3486394557823129 0.02865329512893983 0.05782312925170068
0 0.626552053486151 0.20833333333333334 0.019102196752626553 0.03231292517006803
0 0.6351480420248329 0.2619047619047619 0.024832855778414518 0.04421768707482993
0 0.6824259789875836 0.2508503401360544 0.025787965616045846 0.04931972789115646
0 0.6599808978032474 0.21428571428571427 0.019102196752626553 0.03741496598639456
0 0.6709646609360076 0.179421768707483 0.014326647564469915 0.03571428571428571
0 0.7120343839541547 0.18112244897959184 0.014326647564469915 0.03231292517006803
0 0.7096466093600764 0.15306122448979592 0.015281757402101241 0.034013605442176874
0 0.733046800382044 0.1649659863945578 0.014326647564469915 0.030612244897959183
0 0.7144221585482331 0.2227891156462585 0.017191977077363897 0.04081632653061224
0 0.73018147086915 0.2687074829931973 0.02387774594078319 0.05442176870748299
0 0.7760267430754537 0.24149659863945577 0.02005730659025788 0.05102040816326531
0 0.7435530085959885 0.20578231292517007 0.01623686723973257 0.04081632653061224
0 0.7812798471824259 0.16156462585034015 0.013371537726838587 0.034013605442176874
0 0.776981852913085 0.1284013605442177 0.012416427889207259 0.025510204081632654
0 0.7702960840496658 0.15476190476190477 0.012416427889207259 0.027210884353741496
0 0.7655205348615091 0.11819727891156463 0.012416427889207259 0.025510204081632654
0 0.7979942693409742 0.1598639455782313 0.012416427889207259 0.027210884353741496
0 0.8170964660936008 0.17091836734693877 0.02005730659025788 0.03571428571428571
0 0.8385864374403056 0.1292517006802721 0.013371537726838587 0.034013605442176874
0 0.8591212989493792 0.18877551020408162 0.014326647564469915 0.034013605442176874
0 0.8667621776504298 0.1641156462585034 0.012416427889207259 0.03231292517006803
0 0.8452722063037249 0.2100340136054422 0.015281757402101241 0.0391156462585034
0 0.7836676217765043 0.30952380952380953 0.027698185291308502 0.05442176870748299
0 0.8610315186246418 0.34098639455782315 0.025787965616045846 0.05612244897959184
0 0.8753581661891118 0.2687074829931973 0.02387774594078319 0.05102040816326531
0 0.9307545367717287 0.26785714285714285 0.021967526265520534 0.04931972789115646
0 0.9340974212034384 0.24829931972789115 0.021012416427889206 0.047619047619047616
0 0.9073543457497613 0.21598639455782312 0.015281757402101241 0.034013605442176874
0 0.8997134670487106 0.17517006802721088 0.013371537726838587 0.027210884353741496
0 0.9164278892072588 0.18537414965986396 0.014326647564469915 0.034013605442176874
0 0.9068767908309455 0.15051020408163265 0.012416427889207259 0.025510204081632654