0 0.10009267840593142 0.3980263157894737 0.03521779425393883 0.0756578947368421
0 0.2594995366079703 0.27960526315789475 0.018535681186283594 0.03289473684210526
0 0.28776645041705284 0.2582236842105263 0.013901760889712697 0.03289473684210526
0 0.3002780352177943 0.26151315789473684 0.020389249304911955 0.03618421052631579
0 0.34291010194624655 0.26644736842105265 0.018535681186283594 0.03289473684210526
0 0.31974050046339203 0.22121710526315788 0.012974976830398516 0.03125
0 0.3443002780352178 0.20970394736842105 0.015755329008341055 0.03125
0 0.37395736793327156 0.22121710526315788 0.017608897126969416 0.027960526315789474
0 0.4295644114921223 0.26726973684210525 0.019462465245597776 0.04111842105263158
0 0.4165894346617238 0.21957236842105263 0.019462465245597776 0.03453947368421053
0 0.37812789620018533 0.20230263157894737 0.011121408711770158 0.023026315789473683
0 0.3818350324374421 0.19161184210526316 0.011121408711770158 0.02138157894736842
0 0.40963855421686746 0.16611842105263158 0.011121408711770158 0.02631578947368421
0 0.4230769230769231 0.18009868421052633 0.015755329008341055 0.024671052631578948
0 0.46478220574606116 0.19654605263157895 0.015755329008341055 0.027960526315789474
0 0.45273401297497684 0.19325657894736842 0.013901760889712697 0.03125
0 0.4522706209453197 0.16529605263157895 0.012974976830398516 0.027960526315789474
0 0.45134383688600554 0.140625 0.012974976830398516 0.024671052631578948
0 0.47868396663577384 0.1611842105263158 0.013901760889712697 0.02631578947368421
0 0.47080630213160335 0.14309210526315788 0.011121408711770158 0.02631578947368421
0 0.4865616311399444 0.13075657894736842 0.011121408711770158 0.024671052631578948
0 0.5083410565338277 0.1924342105263158 0.013901760889712697 0.023026315789473683
0 0.49582947173308617 0.22697368421052633 0.020389249304911955 0.03618421052631579
0 0.48378127896200185 0.29276315789473684 0.027803521779425393 0.046052631578947366
0 0.5250231696014829 0.13404605263157895 0.015755329008341055 0.03125
0 0.5468025949953661 0.15378289473684212 0.016682113067655237 0.03125
0 0.5810936051899908 0.15213815789473684 0.014828544949026877 0.03453947368421053
0 0.5449490268767377 0.18996710526315788 0.016682113067655237 0.03125
0 0.566728452270621 0.109375 0.012048192771084338 0.02138157894736842
0 0.6153846153846154 0.13815789473684212 0.012974976830398516 0.02631578947368421
0 0.6283595922150139 0.1225328947368421 0.011121408711770158 0.024671052631578948
0 0.6126042632066728 0.11924342105263158 0.011121408711770158 0.02138157894736842
0 0.6121408711770158 0.0962171052631579 0.012048192771084338 0.02138157894736842
0 0.6385542168674698 0.10279605263157894 0.012974976830398516 0.027960526315789474
0 0.5940685820203893 0.11430921052631579 0.014828544949026877 0.02138157894736842
0 0.6682113067655236 0.11924342105263158 0.012974976830398516 0.027960526315789474
0 0.6848934198331789 0.13486842105263158 0.012974976830398516 0.023026315789473683
0 0.7034291010194624 0.13322368421052633 0.012974976830398516 0.029605263157894735
0 0.6904541241890639 0.09868421052631579 0.011121408711770158 0.02631578947368421
0 0.6459684893419834 0.16858552631578946 0.016682113067655237 0.027960526315789474
0 0.6473586654309545 0.20641447368421054 0.015755329008341055 0.03782894736842105
0 0.6061167747914736 0.21052631578947367 0.022242817423540315 0.03289473684210526
0 0.6075069508804448 0.25164473684210525 0.023169601482854494 0.04276315789473684
0 0.5593141797961075 0.2894736842105263 0.025023169601482854 0.049342105263157895
0 0.56209453197405 0.24259868421052633 0.021316033364226137 0.04111842105263158
0 0.5973123262279889 0.3338815789473684 0.028730305838739572 0.05592105263157895
0 0.6677479147358666 0.34210526315789475 0.025023169601482854 0.05921052631578947
0 0.706209453197405 0.2870065789473684 0.024096385542168676 0.047697368421052634
0 0.6719184430027804 0.23766447368421054 0.018535681186283594 0.04111842105263158
0 0.6992585727525487 0.2080592105263158 0.017608897126969416 0.04111842105263158
0 0.6858202038924931 0.17763157894736842 0.012974976830398516 0.029605263157894735
0 0.726598702502317 0.1513157894736842 0.014828544949026877 0.029605263157894735
0 0.742354031510658 0.17927631578947367 0.014828544949026877 0.029605263157894735
0 0.7479147358665431 0.23355263157894737 0.018535681186283594 0.05263157894736842
0 0.7761816496756255 0.28207236842105265 0.023169601482854494 0.05756578947368421
0 0.8605189990732159 0.2138157894736842 0.017608897126969416 0.03618421052631579
0 0.9221501390176089 0.26398026315789475 0.018535681186283594 0.04111842105263158
0 0.8721037998146431 0.1924342105263158 0.014828544949026877 0.02631578947368421
0 0.8456904541241891 0.1875 0.012048192771084338 0.03289473684210526
0 0.845227062094532 0.15296052631578946 0.014828544949026877 0.029605263157894735
0 0.8623725671918443 0.14638157894736842 0.012048192771084338 0.02631578947368421
0 0.8614457831325302 0.1225328947368421 0.010194624652455977 0.024671052631578948
0 0.8887859128822985 0.12417763157894737 0.009267840593141797 0.024671052631578948
0 0.8855421686746988 0.17763157894736842 0.013901760889712697 0.023026315789473683
0 0.8860055607043559 0.15378289473684212 0.014828544949026877 0.024671052631578948
0 0.9249304911955515 0.16036184210526316 0.014828544949026877 0.03782894736842105
0 0.7965708989805376 0.17269736842105263 0.017608897126969416 0.03618421052631579
0 0.8067655236329935 0.15460526315789475 0.012048192771084338 0.029605263157894735
0 0.8262279888785913 0.13404605263157895 0.013901760889712697 0.03125
0 0.8058387395736794 0.12664473684210525 0.012048192771084338 0.02631578947368421
0 0.7891566265060241 0.1299342105263158 0.012048192771084338 0.02631578947368421
0 0.7757182576459685 0.11513157894736842 0.014828544949026877 0.02631578947368421
0 0.7506950880444856 0.1513157894736842 0.014828544949026877 0.029605263157894735
0 0.7395736793327155 0.13980263157894737 0.014828544949026877 0.02631578947368421
0 0.7530120481927711 0.12417763157894737 0.012048192771084338 0.024671052631578948
0 0.7479147358665431 0.10115131578947369 0.012974976830398516 0.024671052631578948
0 0.731696014828545 0.10855263157894737 0.012048192771084338 0.03289473684210526