0 0.2088607594936709 0.4697754749568221 0.043816942551119765 0.07944732297063903
0 0.30525803310613436 0.23661485319516407 0.018500486854917234 0.04145077720207254
0 0.32327166504381694 0.18048359240069084 0.013631937682570594 0.022452504317789293
0 0.3383641674780915 0.20898100172711573 0.010710808179162609 0.031088082901554404
0 0.40993184031158714 0.1614853195164076 0.011684518013631937 0.018998272884283247
0 0.42502434274586176 0.17271157167530224 0.012658227848101266 0.024179620034542316
0 0.43670886075949367 0.22711571675302245 0.02044790652385589 0.02936096718480138
0 0.4488802336903603 0.17875647668393782 0.019474196689386564 0.02936096718480138
0 0.45180136319376824 0.14507772020725387 0.013631937682570594 0.027633851468048358
0 0.49415774099318405 0.20984455958549222 0.02044790652385589 0.03281519861830743
0 0.48831548198636804 0.32728842832469773 0.022395326192794548 0.03281519861830743
0 0.5584225900681596 0.31174438687392053 0.024342745861733205 0.0535405872193437
0 0.5973709834469328 0.3229706390328152 0.022395326192794548 0.055267702936096716
0 0.6353456669912366 0.34628670120898103 0.02629016553067186 0.05008635578583765
0 0.6411879259980526 0.24611398963730569 0.018500486854917234 0.03626943005181347
0 0.5808179162609542 0.24611398963730569 0.02044790652385589 0.04317789291882556
0 0.6596884128529699 0.3082901554404145 0.02044790652385589 0.03626943005181347
0 0.7000973709834469 0.2547495682210708 0.021421616358325218 0.03626943005181347
0 0.6801363193768257 0.21243523316062177 0.016553067185978577 0.03454231433506045
0 0.626095423563778 0.20207253886010362 0.017526777020447908 0.03454231433506045
0 0.6582278481012658 0.18221070811744386 0.01557935735150925 0.03626943005181347
0 0.5847127555988315 0.17616580310880828 0.016553067185978577 0.027633851468048358
0 0.5199610516066212 0.17357512953367876 0.021421616358325218 0.03281519861830743
0 0.498539435248296 0.15975820379965458 0.017526777020447908 0.02936096718480138
0 0.4761441090555015 0.1459412780656304 0.013631937682570594 0.025906735751295335
0 0.5228821811100293 0.10189982728842832 0.011684518013631937 0.027633851468048358
0 0.5842259006815969 0.11053540587219343 0.013631937682570594 0.031088082901554404
0 0.5657254138266796 0.14507772020725387 0.01557935735150925 0.03454231433506045
0 0.624634858812074 0.13989637305699482 0.012658227848101266 0.031088082901554404
0 0.6002921129503408 0.12089810017271158 0.014605647517039922 0.027633851468048358
0 0.6061343719571568 0.05872193436960276 0.012658227848101266 0.024179620034542316
0 0.6548198636806232 0.10449050086355786 0.012658227848101266 0.022452504317789293
0 0.682570593962999 0.10103626943005181 0.011684518013631937 0.022452504317789293
0 0.6981499513145083 0.11917098445595854 0.011684518013631937 0.02072538860103627
0 0.6660175267770204 0.12003454231433507 0.009737098344693282 0.025906735751295335
0 0.6353456669912366 0.11830742659758203 0.014605647517039922 0.025906735751295335
0 0.5219084712755598 0.13471502590673576 0.017526777020447908 0.024179620034542316
0 0.5374878286270691 0.1381692573402418 0.011684518013631937 0.024179620034542316
0 0.7750730282375852 0.13644214162348878 0.011684518013631937 0.024179620034542316
0 0.755111976630964 0.15630397236614854 0.010710808179162609 0.03281519861830743
0 0.7736124634858812 0.18825561312607944 0.012658227848101266 0.031088082901554404
0 0.7716650438169426 0.2694300518134715 0.022395326192794548 0.044905008635578586
0 0.8111002921129503 0.25302245250431776 0.019474196689386564 0.03281519861830743
0 0.804284323271665 0.21502590673575128 0.013631937682570594 0.039723661485319514
0 0.8203505355404089 0.21934369602763384 0.016553067185978577 0.04145077720207254
0 0.8047711781888998 0.18307426597582038 0.018500486854917234 0.024179620034542316
0 0.9167478091528725 0.16753022452504318 0.014605647517039922 0.031088082901554404
0 0.936222005842259 0.2003454231433506 0.010710808179162609 0.031088082901554404
0 0.8924050632911392 0.19343696027633853 0.018500486854917234 0.024179620034542316
0 0.8646543330087634 0.20898100172711573 0.019474196689386564 0.031088082901554404
0 0.8466407010710808 0.20466321243523317 0.012658227848101266 0.04317789291882556
0 0.8700097370983447 0.2918825561312608 0.02044790652385589 0.044905008635578586
0 0.8924050632911392 0.23056994818652848 0.014605647517039922 0.046632124352331605
0 0.9152872444011685 0.25215889464594127 0.01557935735150925 0.04145077720207254
0 0.9113924050632911 0.36183074265975823 0.02531645569620253 0.05008635578583765
0 0.8515092502434275 0.3704663212435233 0.02044790652385589 0.046632124352331605
0 0.7930866601752677 0.3955094991364421 0.03018500486854917 0.05181347150259067
0 0.8860759493670886 0.4438687392055268 0.0311587147030185 0.06563039723661486
0 0.7366114897760467 0.17962003454231434 0.016553067185978577 0.037996545768566495
0 0.6153846153846154 0.10362694300518134 0.011684518013631937 0.027633851468048358
0 0.832035053554041 0.19430051813471502 0.014605647517039922 0.03626943005181347
0 0.8261927945472249 0.17271157167530224 0.014605647517039922 0.031088082901554404
0 0.8768257059396299 0.15803108808290156 0.012658227848101266 0.03281519861830743
0 0.8661148977604674 0.18393782383419688 0.012658227848101266 0.03281519861830743
0 0.5457643622200584 0.16839378238341968 0.016553067185978577 0.03281519861830743
0 0.7093476144109055 0.17184801381692574 0.014605647517039922 0.025906735751295335