0 0.1267723102585488 0.5624092888243831 0.045037531276063386 0.08272859216255443
0 0.22477064220183487 0.33454281567489114 0.01751459549624687 0.03918722786647315
0 0.25396163469557964 0.3447024673439768 0.020850708924103418 0.0420899854862119
0 0.27689741451209343 0.36937590711175616 0.025020850708924104 0.0420899854862119
0 0.2819015846538782 0.30914368650217705 0.020016680567139282 0.03773584905660377
0 0.32527105921601335 0.3686502177068215 0.02335279399499583 0.04644412191582003
0 0.347789824854045 0.32075471698113206 0.01834862385321101 0.04354136429608128
0 0.34987489574645536 0.29245283018867924 0.0158465387823186 0.027576197387518143
0 0.3832360300250208 0.33236574746008707 0.019182652210175146 0.03773584905660377
0 0.4061718098415346 0.33381712626995647 0.021684737281067557 0.040638606676342524
0 0.4053377814845705 0.29680696661828737 0.01834862385321101 0.033381712626995644
0 0.39532944120100083 0.25834542815674894 0.015012510425354461 0.03193033381712627
0 0.4278565471226022 0.2714078374455733 0.015012510425354461 0.03193033381712627
0 0.43077564637197663 0.30406386066763424 0.019182652210175146 0.0420899854862119
0 0.44745621351125936 0.33236574746008707 0.022518765638031693 0.04354136429608128
0 0.4699749791492911 0.3033381712626996 0.019182652210175146 0.03193033381712627
0 0.5050041701417848 0.31422351233671986 0.022518765638031693 0.04499274310595065
0 0.475396163469558 0.262699564586357 0.016680567139282735 0.03483309143686502
0 0.45746455379482903 0.24528301886792453 0.01751459549624687 0.02902757619738752
0 0.46663886572143454 0.23439767779390422 0.01751459549624687 0.030478955007256895
0 0.4933277731442869 0.2641509433962264 0.019182652210175146 0.03773584905660377
0 0.5045871559633027 0.25544267053701014 0.016680567139282735 0.03193033381712627
0 0.517931609674729 0.2409288824383164 0.016680567139282735 0.03483309143686502
0 0.5216847372810676 0.27213352685050796 0.01751459549624687 0.036284470246734396
0 0.5408673894912427 0.24891146589259797 0.01751459549624687 0.033381712626995644
0 0.5537948290241869 0.2779390420899855 0.01834862385321101 0.036284470246734396
0 0.5754795663052544 0.25544267053701014 0.016680567139282735 0.03483309143686502
0 0.5713094245204337 0.22641509433962265 0.011676396997497914 0.026124818577648767
0 0.5654712260216848 0.2155297532656023 0.010008340283569641 0.02177068214804064
0 0.5850708924103419 0.23439767779390422 0.014178482068390326 0.030478955007256895
0 0.6030025020850709 0.22060957910014514 0.013344453711426188 0.02902757619738752
0 0.6071726438698916 0.20319303338171263 0.015012510425354461 0.026124818577648767
0 0.5979983319432861 0.24528301886792453 0.015012510425354461 0.03193033381712627
0 0.6271893244370309 0.2111756168359942 0.016680567139282735 0.030478955007256895
0 0.640116763969975 0.2213352685050798 0.012510425354462052 0.030478955007256895
0 0.6438698915763136 0.2416545718432511 0.01834862385321101 0.036284470246734396
0 0.664720600500417 0.20319303338171263 0.015012510425354461 0.02902757619738752
0 0.6751459549624688 0.22496371552975328 0.014178482068390326 0.02902757619738752
0 0.6859883236030025 0.2227866473149492 0.010842368640533779 0.02467343976777939
0 0.4899916597164304 0.3867924528301887 0.03252710592160134 0.06531204644412192
0 0.5479566305254379 0.4027576197387518 0.03502919099249374 0.05370101596516691
0 0.5408673894912427 0.3490566037735849 0.02585487906588824 0.04499274310595065
0 0.5900750625521268 0.37010159651669083 0.02418682235195997 0.04934687953555878
0 0.5988323603002502 0.32801161103047893 0.021684737281067557 0.04354136429608128
0 0.5871559633027523 0.44339622641509435 0.03669724770642202 0.06821480406386067
0 0.6392827356130109 0.46589259796806964 0.03586321934945788 0.07547169811320754
0 0.6392827356130109 0.3011611030478955 0.020850708924103418 0.0420899854862119
0 0.6709758131776481 0.2764876632801161 0.019182652210175146 0.04499274310595065
0 0.6964136780650542 0.29680696661828737 0.020016680567139282 0.0420899854862119
0 0.6484570475396163 0.34615384615384615 0.022518765638031693 0.04499274310595065
0 0.664303586321935 0.3795355587808418 0.027522935779816515 0.05370101596516691
0 0.6901584653878232 0.3606676342525399 0.022518765638031693 0.05079825834542816
0 0.7285237698081735 0.4027576197387518 0.029190992493744787 0.05370101596516691
0 0.7018348623853211 0.548621190130624 0.042535446205170975 0.0783744557329463
0 0.8327773144286906 0.5050798258345428 0.0408673894912427 0.0841799709724238
0 0.8494578815679733 0.4462989840348331 0.029190992493744787 0.06821480406386067
0 0.7889908256880734 0.4259796806966618 0.0316930775646372 0.06531204644412192
0 0.7097581317764804 0.29825834542815677 0.020016680567139282 0.0420899854862119
0 0.70767306088407 0.24383164005805516 0.01751459549624687 0.03483309143686502
0 0.7301918265221018 0.24891146589259797 0.019182652210175146 0.033381712626995644
0 0.7364470391993327 0.2351233671988389 0.015012510425354461 0.03483309143686502
0 0.750208507089241 0.22568940493468795 0.014178482068390326 0.027576197387518143
0 0.7748123436196831 0.26995645863570394 0.016680567139282735 0.03483309143686502
0 0.7823185988323603 0.23730043541364296 0.015012510425354461 0.030478955007256895
0 0.8131776480400333 0.24238026124818576 0.016680567139282735 0.03773584905660377
0 0.8181818181818182 0.2677793904208999 0.015012510425354461 0.030478955007256895
0 0.8152627189324437 0.29680696661828737 0.01751459549624687 0.033381712626995644
0 0.8127606338615513 0.35776487663280115 0.02418682235195997 0.05079825834542816
0 0.926605504587156 0.4637155297532656 0.030025020850708923 0.062409288824383166
0 0.9178482068390326 0.3925979680696662 0.020850708924103418 0.047895500725689405
0 0.8615512927439533 0.37300435413642963 0.025020850708924104 0.05224963715529753
0 0.8473728106755629 0.3062409288824383 0.016680567139282735 0.04354136429608128
0 0.8590492076730609 0.2714078374455733 0.01834862385321101 0.03773584905660377
0 0.8457047539616347 0.25689404934687954 0.016680567139282735 0.03773584905660377
0 0.878231859883236 0.25181422351233673 0.015012510425354461 0.033381712626995644
0 0.8928273561301084 0.3164005805515239 0.01751459549624687 0.040638606676342524
0 0.8711426188490409 0.33454281567489114 0.019182652210175146 0.04499274310595065
0 0.9357798165137615 0.35268505079825835 0.01834862385321101 0.040638606676342524
0 0.9336947456213511 0.3098693759071118 0.014178482068390326 0.0420899854862119
0 0.9157631359466222 0.29753265602322204 0.016680567139282735 0.040638606676342524
0 0.8974145120934112 0.26850507982583455 0.015012510425354461 0.040638606676342524
0 0.9424520433694745 0.26850507982583455 0.01834862385321101 0.04354136429608128