0 0.16904083570750236 0.4682804674457429 0.04178537511870845 0.06844741235392321
0 0.2535612535612536 0.2604340567612688 0.013295346628679962 0.03005008347245409
0 0.2744539411206078 0.2662771285475793 0.015194681861348529 0.025041736227045076
0 0.29772079772079774 0.25375626043405675 0.014245014245014245 0.02671118530884808
0 0.2972459639126306 0.2938230383973289 0.017094017094017096 0.04006677796327212
0 0.35422602089268757 0.2612687813021703 0.017094017094017096 0.028380634390651086
0 0.37369420702754036 0.27128547579298834 0.016144349477682812 0.035058430717863104
0 0.3945868945868946 0.2879799666110184 0.018043684710351376 0.038397328881469114
0 0.32573599240265905 0.22036727879799667 0.015194681861348529 0.02337228714524207
0 0.349002849002849 0.20534223706176963 0.012345679012345678 0.02003338898163606
0 0.36324786324786323 0.22203672787979967 0.018043684710351376 0.02671118530884808
0 0.4007597340930674 0.21953255425709517 0.01899335232668566 0.035058430717863104
0 0.4406457739791073 0.2278797996661102 0.017094017094017096 0.038397328881469114
0 0.48243114909781576 0.2287145242070117 0.020892687559354226 0.0333889816360601
0 0.4985754985754986 0.19699499165275458 0.015194681861348529 0.02671118530884808
0 0.47910731244064575 0.18697829716193656 0.012345679012345678 0.03005008347245409
0 0.43874643874643876 0.19031719532554256 0.017094017094017096 0.03005008347245409
0 0.41025641025641024 0.18781302170283806 0.017094017094017096 0.028380634390651086
0 0.38936372269705605 0.18447412353923207 0.01899335232668566 0.03171953255425709
0 0.45014245014245013 0.15275459098497496 0.011396011396011397 0.025041736227045076
0 0.46391263057929727 0.15692821368948248 0.014245014245014245 0.02337228714524207
0 0.49477682811016144 0.15358931552587646 0.013295346628679962 0.02671118530884808
0 0.4843304843304843 0.1327212020033389 0.011396011396011397 0.021702838063439065
0 0.52659069325736 0.15943238731218698 0.016144349477682812 0.025041736227045076
0 0.5294396961063628 0.2036727879799666 0.016144349477682812 0.03672787979966611
0 0.553656220322887 0.16110183639398998 0.013295346628679962 0.03171953255425709
0 0.5750237416904084 0.16193656093489148 0.018043684710351376 0.03005008347245409
0 0.5560303893637227 0.12437395659432388 0.012345679012345678 0.025041736227045076
0 0.5892687559354226 0.12771285475792987 0.010446343779677113 0.021702838063439065
0 0.6244064577397911 0.1419031719532554 0.012345679012345678 0.02671118530884808
0 0.6011396011396012 0.13856427378964942 0.011396011396011397 0.02671118530884808
0 0.6163342830009497 0.12103505843071787 0.011396011396011397 0.018363939899833055
0 0.6462488129154795 0.1335559265442404 0.010446343779677113 0.02671118530884808
0 0.6723646723646723 0.12270450751252086 0.011396011396011397 0.028380634390651086
0 0.5318138651471985 0.29549248747913187 0.026590693257359924 0.05342237061769616
0 0.577397910731244 0.22036727879799667 0.01899335232668566 0.04340567612687813
0 0.5830959164292497 0.2871452420701169 0.022792022792022793 0.04674457429048414
0 0.6096866096866097 0.32136894824707846 0.026590693257359924 0.048414023372287146
0 0.6296296296296297 0.2387312186978297 0.020892687559354226 0.04340567612687813
0 0.6353276353276354 0.19616026711185308 0.017094017094017096 0.03171953255425709
0 0.671415004748338 0.17779632721202004 0.013295346628679962 0.028380634390651086
0 0.6794871794871795 0.21202003338898165 0.016144349477682812 0.03672787979966611
0 0.6723646723646723 0.2646076794657763 0.022792022792022793 0.048414023372287146
0 0.7207977207977208 0.2854757929883139 0.020892687559354226 0.04006677796327212
0 0.714624881291548 0.2303839732888147 0.019943019943019943 0.04340567612687813
0 0.7070275403608737 0.18196994991652754 0.014245014245014245 0.0333889816360601
0 0.6951566951566952 0.15525876460767946 0.013295346628679962 0.02671118530884808
0 0.7165242165242165 0.15442404006677796 0.014245014245014245 0.025041736227045076
0 0.7345679012345679 0.1669449081803005 0.014245014245014245 0.02671118530884808
0 0.7469135802469136 0.14774624373956594 0.014245014245014245 0.025041736227045076
0 0.738366571699905 0.12604340567612687 0.014245014245014245 0.025041736227045076
0 0.7440645773979108 0.1994991652754591 0.018043684710351376 0.03171953255425709
0 0.7744539411206078 0.2303839732888147 0.019943019943019943 0.04674457429048414
0 0.7796771130104464 0.19282136894824708 0.01899335232668566 0.038397328881469114
0 0.7720797720797721 0.15859766277128548 0.015194681861348529 0.02337228714524207
0 0.775403608736942 0.12020033388981637 0.008547008547008548 0.02337228714524207
0 0.7910731244064577 0.14106844741235391 0.017094017094017096 0.03171953255425709
0 0.8138651471984806 0.18113522537562604 0.017094017094017096 0.038397328881469114
0 0.8366571699905033 0.21452420701168615 0.017094017094017096 0.035058430717863104
0 0.8746438746438746 0.2262103505843072 0.015194681861348529 0.041736227045075125
0 0.8532763532763533 0.1911519198664441 0.014245014245014245 0.03171953255425709
0 0.8404558404558404 0.14858096828046743 0.015194681861348529 0.03005008347245409
0 0.8717948717948718 0.15442404006677796 0.017094017094017096 0.03171953255425709
0 0.7815764482431149 0.2904841402337229 0.022792022792022793 0.05342237061769616
0 0.8437796771130105 0.335559265442404 0.023741690408357077 0.04674457429048414
0 0.9477682811016145 0.2612687813021703 0.013295346628679962 0.05175292153589316
0 0.9216524216524217 0.25626043405676124 0.014245014245014245 0.03171953255425709
0 0.8950617283950617 0.17529215358931552 0.014245014245014245 0.0333889816360601
0 0.9045584045584045 0.14691151919866444 0.014245014245014245 0.0333889816360601
0 0.8803418803418803 0.19699499165275458 0.011396011396011397 0.02337228714524207