0 0.1234798877455566 0.48267326732673266 0.052385406922357346 0.11056105610561057
0 0.255378858746492 0.28135313531353134 0.01683816651075772 0.03135313531353135
0 0.2675397567820393 0.2698019801980198 0.01683816651075772 0.03135313531353135
0 0.2885874649204864 0.2838283828382838 0.019644527595884004 0.033003300330033
0 0.3016838166510758 0.25495049504950495 0.015902712815715623 0.034653465346534656
0 0.31197380729653884 0.2838283828382838 0.01777362020579981 0.036303630363036306
0 0.3129092609915809 0.23102310231023102 0.015902712815715623 0.033003300330033
0 0.33582787652011226 0.23597359735973597 0.01683816651075772 0.039603960396039604
0 0.3409728718428438 0.28135313531353134 0.023386342376052385 0.041254125412541254
0 0.362488306828812 0.22607260726072606 0.01777362020579981 0.0462046204620462
0 0.3713751169317119 0.22277227722772278 0.014967259120673527 0.036303630363036306
0 0.4008419083255379 0.29372937293729373 0.027128157156220765 0.052805280528052806
0 0.40037418147801684 0.23267326732673269 0.01683816651075772 0.033003300330033
0 0.3900841908325538 0.20214521452145215 0.01683816651075772 0.034653465346534656
0 0.4106641721234799 0.17491749174917492 0.01683816651075772 0.033003300330033
0 0.43405051449953225 0.21782178217821782 0.018709073900841908 0.036303630363036306
0 0.4616463985032741 0.23432343234323433 0.021515434985968196 0.04950495049504951
0 0.4536950420954163 0.19966996699669967 0.02245088868101029 0.039603960396039604
0 0.4307764265668849 0.19224422442244224 0.015902712815715623 0.028052805280528052
0 0.44855004677268473 0.15099009900990099 0.015902712815715623 0.028052805280528052
0 0.4747427502338634 0.16336633663366337 0.01777362020579981 0.0297029702970297
0 0.4752104770813845 0.14521452145214522 0.013096351730589336 0.0231023102310231
0 0.4845650140318054 0.1353135313531353 0.011225444340505144 0.0231023102310231
0 0.5070159027128157 0.18729372937293728 0.013096351730589336 0.028052805280528052
0 0.5144995322731525 0.16254125412541254 0.01683816651075772 0.037953795379537955
0 0.5308699719363892 0.13861386138613863 0.015902712815715623 0.036303630363036306
0 0.539289055191768 0.19141914191419143 0.019644527595884004 0.039603960396039604
0 0.5528531337698784 0.15181518151815182 0.018709073900841908 0.033003300330033
0 0.5710944808231992 0.1716171617161716 0.023386342376052385 0.033003300330033
0 0.5603367633302152 0.11716171617161716 0.01683816651075772 0.033003300330033
0 0.5865294667913938 0.14521452145214522 0.01683816651075772 0.026402640264026403
0 0.617867165575304 0.13943894389438943 0.015902712815715623 0.03135313531353135
0 0.5940130963517306 0.09735973597359736 0.014967259120673527 0.026402640264026403
0 0.6253507951356407 0.10313531353135313 0.01216089803554724 0.024752475247524754
0 0.6501403180542563 0.09735973597359736 0.011225444340505144 0.026402640264026403
0 0.6487371375116932 0.11798679867986799 0.01216089803554724 0.02145214521452145
0 0.666043030869972 0.11798679867986799 0.014967259120673527 0.034653465346534656
0 0.696913002806361 0.10231023102310231 0.01683816651075772 0.0297029702970297
0 0.5598690364826941 0.2508250825082508 0.023386342376052385 0.0462046204620462
0 0.48409728718428435 0.3102310231023102 0.025257249766136577 0.052805280528052806
0 0.5425631431244153 0.31600660066006603 0.029934518241347054 0.057755775577557754
0 0.5841908325537886 0.3712871287128713 0.03648269410664172 0.0627062706270627
0 0.6716557530402245 0.3448844884488449 0.029934518241347054 0.06930693069306931
0 0.6103835360149673 0.2615511551155115 0.025257249766136577 0.05115511551155116
0 0.6103835360149673 0.20874587458745875 0.023386342376052385 0.04455445544554455
0 0.6459307764265669 0.17244224422442245 0.019644527595884004 0.034653465346534656
0 0.6627689429373246 0.2070957095709571 0.021515434985968196 0.04455445544554455
0 0.6618334892422825 0.25495049504950495 0.023386342376052385 0.054455445544554455
0 0.6833489242282507 0.18151815181518152 0.019644527595884004 0.0429042904290429
0 0.7001870907390084 0.22194719471947194 0.021515434985968196 0.04785478547854786
0 0.724976613657624 0.2854785478547855 0.02806361085126286 0.0594059405940594
0 0.7502338634237605 0.25412541254125415 0.0205799812909261 0.056105610561056105
0 0.7811038353601497 0.283003300330033 0.02432179607109448 0.06105610561056106
0 0.7273152478952292 0.19884488448844884 0.021515434985968196 0.04455445544554455
0 0.6828811973807296 0.15759075907590758 0.02432179607109448 0.041254125412541254
0 0.7174929840972872 0.13366336633663367 0.01683816651075772 0.033003300330033
0 0.7287184284377923 0.11138613861386139 0.014967259120673527 0.03135313531353135
0 0.7436856875584659 0.13366336633663367 0.013096351730589336 0.026402640264026403
0 0.7404115996258185 0.1674917491749175 0.015902712815715623 0.034653465346534656
0 0.7652011225444341 0.15676567656765678 0.01683816651075772 0.033003300330033
0 0.7666043030869972 0.1353135313531353 0.015902712815715623 0.033003300330033
0 0.7492984097287184 0.11633663366336634 0.013096351730589336 0.028052805280528052
0 0.7759588400374181 0.12376237623762376 0.01216089803554724 0.0297029702970297
0 0.7965388213283442 0.1353135313531353 0.015902712815715623 0.0297029702970297
0 0.8016838166510758 0.12376237623762376 0.013096351730589336 0.0231023102310231
0 0.8316183348924229 0.13283828382838284 0.014967259120673527 0.03135313531353135
0 0.8157156220767072 0.1674917491749175 0.01683816651075772 0.034653465346534656
0 0.7974742750233863 0.18151815181518152 0.015902712815715623 0.039603960396039604
0 0.8171188026192704 0.2599009900990099 0.023386342376052385 0.04455445544554455
0 0.8456501403180543 0.18976897689768976 0.01683816651075772 0.0429042904290429
0 0.8648269410664172 0.21287128712871287 0.019644527595884004 0.036303630363036306
0 0.8840037418147801 0.19636963696369636 0.02245088868101029 0.039603960396039604
0 0.8634237605238541 0.15924092409240925 0.01683816651075772 0.034653465346534656
0 0.8634237605238541 0.13613861386138615 0.011225444340505144 0.028052805280528052
0 0.8891487371375117 0.16006600660066006 0.019644527595884004 0.036303630363036306
0 0.8971000935453695 0.14108910891089108 0.014967259120673527 0.03135313531353135
0 0.9228250701590271 0.20297029702970298 0.019644527595884004 0.0429042904290429
0 0.9260991580916744 0.16914191419141913 0.01683816651075772 0.041254125412541254
0 0.9228250701590271 0.29372937293729373 0.028999064546304958 0.0594059405940594