0 0.12821612349914235 0.5611353711790393 0.04373927958833619 0.08879184861717612
0 0.22898799313893653 0.33624454148471616 0.015437392795883362 0.034934497816593885
0 0.2602915951972556 0.34425036390101893 0.02144082332761578 0.04512372634643377
0 0.2800171526586621 0.3748180494905386 0.01972555746140652 0.042212518195050945
0 0.28987993138936535 0.3056768558951965 0.018867924528301886 0.03784570596797671
0 0.3323327615780446 0.37117903930131 0.026586620926243566 0.049490538573508006
0 0.3606346483704974 0.32023289665211063 0.018010291595197257 0.040756914119359534
0 0.3567753001715266 0.29621542940320233 0.015437392795883362 0.03056768558951965
0 0.3910806174957118 0.3369723435225619 0.018867924528301886 0.04512372634643377
0 0.4138078902229846 0.3311499272197962 0.018010291595197257 0.036390101892285295
0 0.41123499142367065 0.29475982532751094 0.018010291595197257 0.033478893740902474
0 0.40051457975986277 0.2554585152838428 0.017152658662092625 0.033478893740902474
0 0.43267581475128647 0.25836972343522563 0.012864493996569469 0.024745269286754003
0 0.4399656946826758 0.2663755458515284 0.015437392795883362 0.03202328966521106
0 0.44382504288164665 0.3071324599708879 0.023156089193825044 0.046579330422125184
0 0.45797598627787306 0.33406113537117904 0.02058319039451115 0.048034934497816595
0 0.4807032590051458 0.3034934497816594 0.018010291595197257 0.036390101892285295
0 0.5137221269296741 0.326783114992722 0.02058319039451115 0.036390101892285295
0 0.47855917667238423 0.2663755458515284 0.017152658662092625 0.03202328966521106
0 0.4729845626072041 0.23944687045123728 0.016295025728987993 0.027656477438136828
0 0.5141509433962265 0.25836972343522563 0.018010291595197257 0.033478893740902474
0 0.5304459691252144 0.27510917030567683 0.018010291595197257 0.03202328966521106
0 0.5304459691252144 0.24090247452692867 0.016295025728987993 0.033478893740902474
0 0.5536020583190394 0.2445414847161572 0.018010291595197257 0.03784570596797671
0 0.5686106346483705 0.28093158660844253 0.0137221269296741 0.03784570596797671
0 0.5883361921097771 0.2561863173216885 0.017152658662092625 0.034934497816593885
0 0.5801886792452831 0.21688500727802038 0.012864493996569469 0.02911208151382824
0 0.5960548885077187 0.2336244541484716 0.0137221269296741 0.027656477438136828
0 0.6136363636363636 0.24963609898107714 0.012864493996569469 0.03056768558951965
0 0.6162092624356775 0.22416302765647744 0.012864493996569469 0.02911208151382824
0 0.6226415094339622 0.2066957787481805 0.015437392795883362 0.02911208151382824
0 0.6432246998284734 0.21397379912663755 0.0137221269296741 0.034934497816593885
0 0.6530874785591767 0.22270742358078602 0.014579759862778732 0.026200873362445413
0 0.6590909090909091 0.2438136826783115 0.014579759862778732 0.027656477438136828
0 0.6873927958833619 0.2292576419213974 0.014579759862778732 0.03056768558951965
0 0.6899656946826758 0.2066957787481805 0.014579759862778732 0.03202328966521106
0 0.7028301886792453 0.22852983988355166 0.012864493996569469 0.03202328966521106
0 0.5008576329331046 0.388646288209607 0.032590051457975985 0.055312954876273655
0 0.5544596912521441 0.35152838427947597 0.026586620926243566 0.056768558951965066
0 0.5531732418524872 0.4126637554585153 0.030874785591766724 0.06259097525473072
0 0.6007718696397941 0.44614264919941776 0.03687821612349914 0.07132459970887918
0 0.6149228130360206 0.3777292576419214 0.032590051457975985 0.050946142649199416
0 0.6132075471698113 0.33260553129548764 0.024013722126929673 0.042212518195050945
0 0.6560891938250428 0.29839883551673946 0.022298456260720412 0.046579330422125184
0 0.6663807890222985 0.34788937409024745 0.025728987993138937 0.049490538573508006
0 0.6818181818181818 0.3784570596797671 0.0274442538593482 0.05822416302765648
0 0.6543739279588336 0.4708879184861718 0.03945111492281304 0.08296943231441048
0 0.717409948542024 0.5480349344978166 0.04030874785591767 0.07423580786026202
0 0.8512006861063465 0.5043668122270742 0.038593481989708404 0.07423580786026202
0 0.7547169811320755 0.39665211062590977 0.029159519725557463 0.050946142649199416
0 0.7075471698113207 0.363901018922853 0.025728987993138937 0.05240174672489083
0 0.7135506003430532 0.29985443959243085 0.02058319039451115 0.040756914119359534
0 0.6843910806174958 0.27583697234352256 0.02058319039451115 0.039301310043668124
0 0.7281303602058319 0.29767103347889373 0.015437392795883362 0.036390101892285295
0 0.7259862778730704 0.24745269286754004 0.01972555746140652 0.03202328966521106
0 0.75 0.25327510917030566 0.016295025728987993 0.03784570596797671
0 0.7560034305317325 0.23508005822416303 0.014579759862778732 0.033478893740902474
0 0.7697255574614065 0.2292576419213974 0.012864493996569469 0.03056768558951965
0 0.7881646655231561 0.27583697234352256 0.0137221269296741 0.03056768558951965
0 0.8044596912521441 0.24090247452692867 0.017152658662092625 0.033478893740902474
0 0.8001715265866209 0.264919941775837 0.015437392795883362 0.034934497816593885
0 0.8353344768439108 0.29767103347889373 0.018867924528301886 0.036390101892285295
0 0.8451972555746141 0.27365356622998543 0.016295025728987993 0.034934497816593885
0 0.8336192109777015 0.2430858806404658 0.0137221269296741 0.034934497816593885
0 0.8361921097770154 0.3537117903930131 0.022298456260720412 0.055312954876273655
0 0.8117495711835334 0.43231441048034935 0.03173241852487135 0.06986899563318777
0 0.87221269296741 0.4534206695778748 0.036020583190394515 0.07132459970887918
0 0.951114922813036 0.4723435225618632 0.03430531732418525 0.07132459970887918
0 0.8855060034305318 0.37700145560407566 0.03173241852487135 0.055312954876273655
0 0.894082332761578 0.35152838427947597 0.024871355060034305 0.050946142649199416
0 0.9086620926243568 0.3165938864628821 0.01972555746140652 0.036390101892285295
0 0.9215265866209262 0.27365356622998543 0.01972555746140652 0.03784570596797671
0 0.9005145797598628 0.2561863173216885 0.012006861063464836 0.02911208151382824
0 0.8807890222984562 0.27292576419213976 0.017152658662092625 0.036390101892285295
0 0.8679245283018868 0.25836972343522563 0.018867924528301886 0.039301310043668124
0 0.869639794168096 0.31077147016011647 0.018867924528301886 0.033478893740902474
0 0.9391080617495712 0.3930131004366812 0.022298456260720412 0.046579330422125184
0 0.9605488850771869 0.3529839883551674 0.018867924528301886 0.039301310043668124
0 0.9682675814751286 0.3260553129548763 0.018867924528301886 0.034934497816593885
0 0.9605488850771869 0.3049490538573508 0.015437392795883362 0.03056768558951965
0 0.9661234991423671 0.27583697234352256 0.016295025728987993 0.036390101892285295
0 0.9403945111492281 0.3027656477438137 0.016295025728987993 0.03784570596797671