0 0.33414634146341465 0.1912280701754386 0.014634146341463415 0.028070175438596492
0 0.47804878048780486 0.15350877192982457 0.0175609756097561 0.02982456140350877
0 0.48829268292682926 0.20175438596491227 0.0224390243902439 0.04912280701754386
0 0.5380487804878049 0.19298245614035087 0.014634146341463415 0.03859649122807018
0 0.5419512195121952 0.15175438596491228 0.018536585365853658 0.04035087719298246
0 0.6395121951219512 0.16666666666666666 0.02048780487804878 0.0456140350877193
0 0.615609756097561 0.1956140350877193 0.01951219512195122 0.043859649122807015
0 0.682439024390244 0.2131578947368421 0.014634146341463415 0.04035087719298246
0 0.7419512195121951 0.2754385964912281 0.018536585365853658 0.04912280701754386
0 0.775609756097561 0.28421052631578947 0.02926829268292683 0.07017543859649122
0 0.8307317073170731 0.2543859649122807 0.016585365853658537 0.03859649122807018
0 0.8136585365853658 0.1736842105263158 0.01951219512195122 0.042105263157894736
0 0.8892682926829268 0.2578947368421053 0.024390243902439025 0.05964912280701754
0 0.94 0.3385964912280702 0.03219512195121951 0.07368421052631578