0 0.2288372093023256 0.3706467661691542 0.044651162790697675 0.087893864013267
0 0.25488372093023254 0.2860696517412935 0.020465116279069766 0.03482587064676617
0 0.2827906976744186 0.2678275290215589 0.014883720930232559 0.03814262023217247
0 0.30046511627906974 0.2570480928689884 0.018604651162790697 0.03648424543946932
0 0.30790697674418605 0.2263681592039801 0.014883720930232559 0.028192371475953566
0 0.3302325581395349 0.22470978441127695 0.018604651162790697 0.03150912106135987
0 0.31209302325581395 0.29767827529021557 0.026976744186046512 0.04145936981757877
0 0.34511627906976744 0.2728026533996683 0.020465116279069766 0.04809286898839138
0 0.37209302325581395 0.22470978441127695 0.01674418604651163 0.03150912106135987
0 0.3725581395348837 0.20398009950248755 0.017674418604651163 0.03316749585406302
0 0.40325581395348836 0.2330016583747927 0.017674418604651163 0.04145936981757877
0 0.42372093023255814 0.27114427860696516 0.021395348837209303 0.04809286898839138
0 0.4274418604651163 0.2330016583747927 0.021395348837209303 0.03482587064676617
0 0.4274418604651163 0.20066334991708126 0.01581395348837209 0.03980099502487562
0 0.4088372093023256 0.17164179104477612 0.012093023255813953 0.03150912106135987
0 0.44046511627906976 0.19651741293532338 0.01581395348837209 0.03482587064676617
0 0.4586046511627907 0.23217247097844113 0.020465116279069766 0.04311774461028192
0 0.46930232558139534 0.19651741293532338 0.01581395348837209 0.03482587064676617
0 0.45488372093023255 0.14427860696517414 0.013023255813953489 0.029850746268656716
0 0.46837209302325583 0.1517412935323383 0.013953488372093023 0.03150912106135987
0 0.4753488372093023 0.16334991708126037 0.01674418604651163 0.03150912106135987
0 0.5027906976744186 0.19071310116086235 0.01953488372093023 0.03316749585406302
0 0.4827906976744186 0.13018242122719734 0.011162790697674419 0.02155887230514096
0 0.5209302325581395 0.1351575456053068 0.01674418604651163 0.028192371475953566
0 0.533953488372093 0.1583747927031509 0.01674418604651163 0.03482587064676617
0 0.5181395348837209 0.16169154228855723 0.014883720930232559 0.028192371475953566
0 0.5344186046511628 0.20149253731343283 0.01953488372093023 0.03814262023217247
0 0.5595348837209302 0.16583747927031509 0.017674418604651163 0.03316749585406302
0 0.5548837209302325 0.11525704809286899 0.012093023255813953 0.02155887230514096
0 0.5474418604651162 0.13432835820895522 0.012093023255813953 0.02321724709784411
0 0.5962790697674418 0.13681592039800994 0.013023255813953489 0.03150912106135987
0 0.5855813953488372 0.14759535655058043 0.01581395348837209 0.03316749585406302
0 0.5846511627906976 0.10033167495854063 0.012093023255813953 0.024875621890547265
0 0.5911627906976744 0.12189054726368159 0.012093023255813953 0.02155887230514096
0 0.6032558139534884 0.12686567164179105 0.010232558139534883 0.024875621890547265
0 0.6209302325581395 0.12189054726368159 0.012093023255813953 0.024875621890547265
0 0.6237209302325581 0.10281923714759536 0.013953488372093023 0.02321724709784411
0 0.6395348837209303 0.11442786069651742 0.010232558139534883 0.026533996683250415
0 0.652093023255814 0.11857379767827529 0.014883720930232559 0.028192371475953566
0 0.6479069767441861 0.09867330016583747 0.012093023255813953 0.024875621890547265
0 0.6809302325581396 0.10530679933665009 0.013023255813953489 0.03150912106135987
0 0.5595348837209302 0.24378109452736318 0.023255813953488372 0.04311774461028192
0 0.5353488372093024 0.31094527363184077 0.02883720930232558 0.05804311774461028
0 0.48186046511627906 0.29850746268656714 0.027906976744186046 0.06301824212271974
0 0.6032558139534884 0.2620232172470978 0.025116279069767444 0.04311774461028192
0 0.5976744186046512 0.2263681592039801 0.01953488372093023 0.03482587064676617
0 0.6390697674418605 0.175787728026534 0.020465116279069766 0.04311774461028192
0 0.6534883720930232 0.21061359867330018 0.01953488372093023 0.04643449419568822
0 0.6586046511627907 0.2620232172470978 0.027906976744186046 0.05306799336650083
0 0.6748837209302325 0.3474295190713101 0.03813953488372093 0.07131011608623548
0 0.5823255813953488 0.373134328358209 0.035348837209302326 0.05638474295190713
0 0.6906976744186046 0.22388059701492538 0.025116279069767444 0.04643449419568822
0 0.6753488372093023 0.15091210613598674 0.018604651162790697 0.03980099502487562
0 0.7032558139534884 0.1791044776119403 0.018604651162790697 0.04311774461028192
0 0.7223255813953489 0.17164179104477612 0.017674418604651163 0.03482587064676617
0 0.7069767441860465 0.1417910447761194 0.020465116279069766 0.04145936981757877
0 0.727906976744186 0.14013266998341625 0.01581395348837209 0.03150912106135987
0 0.7297674418604652 0.1252072968490879 0.01581395348837209 0.024875621890547265
0 0.7525581395348837 0.10945273631840796 0.01674418604651163 0.03316749585406302
0 0.7655813953488372 0.12271973466003316 0.013023255813953489 0.029850746268656716
0 0.773953488372093 0.1252072968490879 0.011162790697674419 0.028192371475953566
0 0.7693023255813953 0.16169154228855723 0.01674418604651163 0.03482587064676617
0 0.7441860465116279 0.21807628524046435 0.020465116279069766 0.04809286898839138
0 0.7334883720930233 0.1932006633499171 0.017674418604651163 0.03814262023217247
0 0.7093023255813954 0.29187396351575456 0.030697674418604652 0.05638474295190713
0 0.7762790697674419 0.29187396351575456 0.02883720930232558 0.05970149253731343
0 0.8148837209302325 0.2512437810945274 0.020465116279069766 0.05140961857379768
0 0.7990697674418604 0.1824212271973466 0.018604651162790697 0.03980099502487562
0 0.7953488372093023 0.14344941956882257 0.013023255813953489 0.024875621890547265
0 0.8153488372093023 0.13930348258706468 0.01581395348837209 0.026533996683250415
0 0.8130232558139535 0.16169154228855723 0.011162790697674419 0.024875621890547265
0 0.8409302325581396 0.19651741293532338 0.01674418604651163 0.04145936981757877
0 0.8623255813953489 0.2131011608623549 0.020465116279069766 0.04477611940298507
0 0.8567441860465116 0.1583747927031509 0.01674418604651163 0.03482587064676617
0 0.8604651162790697 0.12769485903814262 0.013023255813953489 0.026533996683250415
0 0.8851162790697674 0.1285240464344942 0.017674418604651163 0.03814262023217247
0 0.88 0.1799336650082919 0.013023255813953489 0.03482587064676617
0 0.8888372093023256 0.20812603648424544 0.017674418604651163 0.04145936981757877
0 0.8902325581395348 0.16334991708126037 0.014883720930232559 0.03150912106135987
0 0.9213953488372093 0.20563847429519072 0.01581395348837209 0.03980099502487562
0 0.9190697674418604 0.17330016583747926 0.013023255813953489 0.02155887230514096
0 0.9204651162790698 0.15422885572139303 0.012093023255813953 0.02321724709784411