0 0.16453537936913895 0.5014992503748126 0.04603580562659847 0.09745127436281859
0 0.22634271099744246 0.3523238380809595 0.0196078431372549 0.035982008995502246
0 0.25831202046035806 0.3613193403298351 0.01875532821824382 0.044977511244377814
0 0.289002557544757 0.383808095952024 0.020460358056265986 0.044977511244377814
0 0.29411764705882354 0.31259370314842577 0.01875532821824382 0.04047976011994003
0 0.3371696504688832 0.37556221889055474 0.023017902813299233 0.05547226386806597
0 0.3610400682011935 0.33808095952023987 0.01619778346121057 0.031484257871064465
0 0.3593350383631714 0.3028485757121439 0.0196078431372549 0.029985007496251874
0 0.391304347826087 0.35082458770614694 0.020460358056265986 0.038980509745127435
0 0.41602728047740833 0.34632683658170915 0.02216538789428815 0.044977511244377814
0 0.41389599317988063 0.31259370314842577 0.01619778346121057 0.031484257871064465
0 0.4100596760443308 0.2886056971514243 0.015345268542199489 0.02848575712143928
0 0.4032395566922421 0.2691154422788606 0.015345268542199489 0.031484257871064465
0 0.4317988064791134 0.27361319340329837 0.014492753623188406 0.02848575712143928
0 0.45225916453537934 0.272863568215892 0.014492753623188406 0.035982008995502246
0 0.4441602728047741 0.32233883058470764 0.02216538789428815 0.041979010494752625
0 0.4761295822676897 0.31259370314842577 0.017902813299232736 0.034482758620689655
0 0.4799658994032396 0.3613193403298351 0.027280477408354646 0.041979010494752625
0 0.5123614663256607 0.32983508245877063 0.017050298380221655 0.038980509745127435
0 0.47911338448422847 0.27961019490254874 0.017050298380221655 0.02848575712143928
0 0.46888320545609546 0.25412293853073464 0.013640238704177323 0.02848575712143928
0 0.47570332480818417 0.24662668665667167 0.017050298380221655 0.031484257871064465
0 0.5080988917306053 0.2766116941529235 0.017050298380221655 0.034482758620689655
0 0.525149190110827 0.29160419790104947 0.017050298380221655 0.034482758620689655
0 0.5494458653026428 0.25787106446776614 0.01619778346121057 0.029985007496251874
0 0.5609548167092924 0.29535232383808097 0.01875532821824382 0.038980509745127435
0 0.5912190963341859 0.2698650674662669 0.01619778346121057 0.029985007496251874
0 0.5839727195225917 0.25862068965517243 0.013640238704177323 0.02848575712143928
0 0.5792838874680307 0.22863568215892055 0.01278772378516624 0.025487256371814093
0 0.6138107416879796 0.2331334332833583 0.015345268542199489 0.02848575712143928
0 0.629156010230179 0.2518740629685157 0.011935208866155157 0.0239880059970015
0 0.6240409207161125 0.2143928035982009 0.011935208866155157 0.026986506746626688
0 0.6415174765558397 0.22863568215892055 0.014492753623188406 0.022488755622188907
0 0.6530264279624893 0.2563718140929535 0.013640238704177323 0.0239880059970015
0 0.6888320545609549 0.2391304347826087 0.015345268542199489 0.025487256371814093
0 0.6811594202898551 0.22263868065967016 0.013640238704177323 0.02848575712143928
0 0.592071611253197 0.2331334332833583 0.011082693947144074 0.025487256371814093
0 0.5132139812446718 0.39580209895052476 0.030690537084398978 0.06296851574212893
0 0.5528559249786871 0.42203898050974514 0.028132992327365727 0.05847076461769116
0 0.6048593350383632 0.39430284857571213 0.026427962489343565 0.05697151424287856
0 0.6091219096334186 0.3403298350824588 0.0247229326513214 0.044977511244377814
0 0.6278772378516624 0.4460269865067466 0.03495311167945439 0.0734632683658171
0 0.6568627450980392 0.48500749625187406 0.03836317135549872 0.06746626686656672
0 0.6798806479113384 0.38455772113943026 0.026427962489343565 0.043478260869565216
0 0.6615515771526002 0.3620689655172414 0.023870417732310314 0.04047976011994003
0 0.6466325660699063 0.3230884557721139 0.021312872975277068 0.04047976011994003
0 0.685848252344416 0.29235382308845576 0.0196078431372549 0.038980509745127435
0 0.7225063938618926 0.2631184407796102 0.017902813299232736 0.037481259370314844
0 0.7007672634271099 0.2391304347826087 0.015345268542199489 0.031484257871064465
0 0.7306052855924978 0.315592203898051 0.01875532821824382 0.04047976011994003
0 0.7058823529411765 0.36806596701649175 0.023870417732310314 0.049475262368815595
0 0.7570332480818415 0.4272863568215892 0.027280477408354646 0.05697151424287856
0 0.722080136402387 0.5299850074962519 0.04603580562659847 0.08545727136431784
0 0.8239556692242114 0.5164917541229386 0.03495311167945439 0.05847076461769116
0 0.7459505541346974 0.260119940029985 0.015345268542199489 0.034482758620689655
0 0.7664109121909634 0.272863568215892 0.017050298380221655 0.035982008995502246
0 0.7838874680306905 0.2946026986506747 0.017902813299232736 0.037481259370314844
0 0.7651321398124468 0.23238380809595202 0.014492753623188406 0.029985007496251874
0 0.8013640238704177 0.24737631184407796 0.017050298380221655 0.029985007496251874
0 0.8022165387894288 0.27586206896551724 0.017050298380221655 0.03298350824587706
0 0.8303495311167945 0.2563718140929535 0.01875532821824382 0.038980509745127435
0 0.8388746803069054 0.31709145427286356 0.020460358056265986 0.034482758620689655
0 0.8618925831202046 0.2691154422788606 0.017050298380221655 0.034482758620689655
0 0.8729752770673487 0.2818590704647676 0.015345268542199489 0.03298350824587706
0 0.881926683716965 0.2841079460269865 0.01278772378516624 0.02848575712143928
0 0.8942881500426257 0.2691154422788606 0.013640238704177323 0.031484257871064465
0 0.870843989769821 0.32158920539730135 0.0196078431372549 0.037481259370314844
0 0.8853367433930094 0.3770614692653673 0.0247229326513214 0.05847076461769116
0 0.8316283034953111 0.37106446776611696 0.023017902813299233 0.05247376311844078
0 0.8069053708439897 0.44002998500749624 0.026427962489343565 0.05847076461769116
0 0.8704177323103154 0.46701649175412296 0.03239556692242114 0.0704647676161919
0 0.9343563512361467 0.4737631184407796 0.030690537084398978 0.06596701649175413
0 0.9390451832907076 0.4122938530734633 0.0196078431372549 0.050974512743628186
0 0.9505541346973572 0.37181409295352325 0.01875532821824382 0.038980509745127435
0 0.9245524296675192 0.34332833583208394 0.017902813299232736 0.044977511244377814
0 0.9241261722080136 0.2886056971514243 0.01875532821824382 0.04047976011994003
0 0.9569479965899403 0.31709145427286356 0.017902813299232736 0.031484257871064465
0 0.9497016197783461 0.3448275862068966 0.020460358056265986 0.035982008995502246
0 0.9603580562659847 0.29310344827586204 0.01619778346121057 0.031484257871064465