0 0.7012448132780082 0.590316573556797 0.07676348547717843 0.1527001862197393
0 0.7193983402489627 0.4171322160148976 0.05705394190871369 0.10800744878957169
0 0.6327800829875518 0.2467411545623836 0.02074688796680498 0.04655493482309125
0 0.7914937759336099 0.2271880819366853 0.014522821576763486 0.0335195530726257
0 0.8314315352697096 0.2579143389199255 0.021784232365145227 0.04655493482309125
0 0.950207468879668 0.20577281191806332 0.012448132780082987 0.03165735567970205
0 0.9268672199170125 0.27281191806331473 0.015560165975103735 0.04283054003724395
0 0.5798755186721992 0.2169459962756052 0.01867219917012448 0.04283054003724395
0 0.5560165975103735 0.19832402234636873 0.01867219917012448 0.035381750465549346
0 0.5191908713692946 0.19366852886405958 0.017634854771784232 0.0335195530726257
0 0.5793568464730291 0.1303538175046555 0.011410788381742738 0.0260707635009311
0 0.4787344398340249 0.13221601489757914 0.013485477178423237 0.0297951582867784
0 0.46887966804979253 0.15828677839851024 0.01037344398340249 0.0223463687150838
0 0.4434647302904564 0.2271880819366853 0.017634854771784232 0.0335195530726257
0 0.4139004149377593 0.22253258845437615 0.016597510373443983 0.03165735567970205
0 0.4019709543568465 0.18994413407821228 0.017634854771784232 0.037243947858473
0 0.37863070539419086 0.1685288640595903 0.016597510373443983 0.027932960893854747
0 0.3262448132780083 0.19832402234636873 0.013485477178423237 0.03165735567970205