0 0.23894736842105263 0.3881578947368421 0.05263157894736842 0.10338345864661654
0 0.5357894736842105 0.18421052631578946 0.021052631578947368 0.04887218045112782
0 0.6252631578947369 0.21898496240601503 0.023157894736842106 0.05075187969924812
0 0.67 0.19172932330827067 0.02 0.03383458646616541
0 0.6773684210526316 0.21898496240601503 0.015789473684210527 0.039473684210526314
0 0.6652631578947369 0.2565789473684211 0.021052631578947368 0.046992481203007516
0 0.7094736842105264 0.20018796992481203 0.016842105263157894 0.039473684210526314
0 0.7521052631578947 0.21898496240601503 0.02 0.046992481203007516
0 0.748421052631579 0.2791353383458647 0.02526315789473684 0.05451127819548872
0 0.761578947368421 0.2716165413533835 0.017894736842105262 0.043233082706766915
0 0.7315789473684211 0.3674812030075188 0.029473684210526315 0.08082706766917293
0 0.8110526315789474 0.4107142857142857 0.03684210526315789 0.07706766917293233
0 0.8989473684210526 0.4116541353383459 0.035789473684210524 0.08270676691729323
0 0.828421052631579 0.2631578947368421 0.023157894736842106 0.05263157894736842