0 0.2001044932079415 0.36272727272727273 0.04075235109717868 0.09636363636363636
0 0.28683385579937304 0.22818181818181818 0.011494252873563218 0.03090909090909091
0 0.30825496342737724 0.24636363636363637 0.018808777429467086 0.034545454545454546
0 0.3505747126436782 0.19272727272727272 0.01567398119122257 0.04363636363636364
0 0.3610240334378265 0.22545454545454546 0.01567398119122257 0.03272727272727273
0 0.3766980146290491 0.19818181818181818 0.01567398119122257 0.03636363636363636
0 0.38662486938349006 0.24727272727272728 0.01671891327063741 0.04727272727272727
0 0.4012539184952978 0.19545454545454546 0.02089864158829676 0.034545454545454546
0 0.42998955067920586 0.2318181818181818 0.019853709508881923 0.045454545454545456
0 0.4205851619644723 0.14727272727272728 0.011494252873563218 0.02181818181818182
0 0.4211076280041797 0.16818181818181818 0.012539184952978056 0.02727272727272727
0 0.42998955067920586 0.19 0.01567398119122257 0.034545454545454546
0 0.45454545454545453 0.21 0.01671891327063741 0.03090909090909091
0 0.4503657262277952 0.1590909090909091 0.012539184952978056 0.02727272727272727
0 0.477533960292581 0.18181818181818182 0.014629049111807733 0.03272727272727273
0 0.4827586206896552 0.22363636363636363 0.014629049111807733 0.03272727272727273
0 0.47701149425287354 0.1481818181818182 0.01567398119122257 0.03090909090909091
0 0.49634273772204807 0.16090909090909092 0.014629049111807733 0.03090909090909091
0 0.5240334378265413 0.13545454545454547 0.01567398119122257 0.02727272727272727
0 0.5376175548589341 0.17454545454545456 0.01567398119122257 0.04
0 0.5553814002089864 0.13 0.013584117032392894 0.02
0 0.56478578892372 0.17909090909090908 0.019853709508881923 0.038181818181818185
0 0.5783699059561128 0.1590909090909091 0.013584117032392894 0.02727272727272727
0 0.5851619644723093 0.11181818181818182 0.012539184952978056 0.02727272727272727
0 0.5945663531870429 0.12 0.008359456635318705 0.025454545454545455
0 0.6029258098223615 0.17454545454545456 0.018808777429467086 0.03272727272727273
0 0.6201671891327064 0.12 0.011494252873563218 0.02181818181818182
0 0.6379310344827587 0.13 0.013584117032392894 0.023636363636363636
0 0.6494252873563219 0.11272727272727273 0.011494252873563218 0.01818181818181818
0 0.6562173458725182 0.13727272727272727 0.01044932079414838 0.034545454545454546
0 0.6640543364681296 0.11454545454545455 0.00522466039707419 0.01818181818181818
0 0.6692789968652038 0.1009090909090909 0.013584117032392894 0.02
0 0.6954022988505747 0.12454545454545454 0.009404388714733543 0.02727272727272727
0 0.7058516196447231 0.1 0.009404388714733543 0.02181818181818182
0 0.7371995820271683 0.10909090909090909 0.011494252873563218 0.025454545454545455
0 0.6295715778474399 0.16818181818181818 0.017763845350052248 0.02727272727272727
0 0.5 0.27090909090909093 0.0219435736677116 0.05818181818181818
0 0.5559038662486938 0.3018181818181818 0.029258098223615466 0.05090909090909091
0 0.5940438871473355 0.2309090909090909 0.0219435736677116 0.05090909090909091
0 0.6091954022988506 0.33090909090909093 0.022988505747126436 0.05818181818181818
0 0.6468129571577848 0.24454545454545454 0.01671891327063741 0.04909090909090909
0 0.6844305120167189 0.18363636363636363 0.012539184952978056 0.02909090909090909
0 0.6917450365726228 0.24636363636363637 0.02089864158829676 0.04181818181818182
0 0.7021943573667712 0.30272727272727273 0.029258098223615466 0.05272727272727273
0 0.7204806687565308 0.18545454545454546 0.01567398119122257 0.04363636363636364
0 0.7638453500522466 0.1290909090909091 0.012539184952978056 0.03272727272727273
0 0.7664576802507836 0.19636363636363635 0.019853709508881923 0.04727272727272727
0 0.7366771159874608 0.23 0.02089864158829676 0.045454545454545456
0 0.809299895506792 0.15363636363636363 0.01567398119122257 0.04181818181818182
0 0.7789968652037618 0.24727272727272728 0.019853709508881923 0.05454545454545454
0 0.799373040752351 0.29363636363636364 0.022988505747126436 0.04909090909090909
0 0.758098223615465 0.37272727272727274 0.03239289446185998 0.06909090909090909
0 0.8150470219435737 0.22 0.01671891327063741 0.03636363636363636
0 0.8338557993730408 0.25636363636363635 0.018808777429467086 0.05090909090909091
0 0.8537095088819227 0.31727272727272726 0.025078369905956112 0.06
0 0.8375130616509927 0.38727272727272727 0.030303030303030304 0.06181818181818182
0 0.88662486938349 0.2636363636363636 0.0219435736677116 0.04727272727272727
0 0.8939393939393939 0.21545454545454545 0.01567398119122257 0.045454545454545456
0 0.9519331243469175 0.21454545454545454 0.018808777429467086 0.04363636363636364
0 0.9409613375130617 0.2881818181818182 0.0219435736677116 0.05272727272727273
0 0.9383490073145245 0.35363636363636364 0.027168234064785787 0.06
0 0.9106583072100314 0.4209090909090909 0.038662486938349006 0.08181818181818182
0 0.4994775339602926 0.13454545454545455 0.012539184952978056 0.02909090909090909
0 0.7330198537095088 0.29545454545454547 0.019853709508881923 0.05272727272727273
0 0.7998955067920586 0.1409090909090909 0.013584117032392894 0.03090909090909091