0 0.0477326968973747 0.38842398884239887 0.02386634844868735 0.05718270571827057
0 0.2863961813842482 0.2705718270571827 0.017501988862370723 0.04184100418410042
0 0.3162291169451074 0.27475592747559274 0.021479713603818614 0.03905160390516039
0 0.30708035003977724 0.2315202231520223 0.015910898965791568 0.030683403068340307
0 0.3428798727128083 0.25871687587168757 0.01909307875894988 0.040446304044630406
0 0.3448687350835322 0.3089260808926081 0.018297533810660304 0.040446304044630406
0 0.38385043754972153 0.2907949790794979 0.021479713603818614 0.043235704323570434
0 0.3496420047732697 0.22663877266387727 0.016706443914081145 0.03207810320781032
0 0.3520286396181384 0.20781032078103207 0.015115354017501989 0.02789400278940028
0 0.3790771678599841 0.22733612273361228 0.018297533810660304 0.03626220362622036
0 0.40731901352426414 0.19386331938633194 0.015910898965791568 0.030683403068340307
0 0.42482100238663484 0.22594142259414227 0.01909307875894988 0.04184100418410042
0 0.44311853619729513 0.19177126917712692 0.012728719172633254 0.03207810320781032
0 0.462211614956245 0.23291492329149233 0.017501988862370723 0.04184100418410042
0 0.4379474940334129 0.17642956764295675 0.016706443914081145 0.03765690376569038
0 0.4482895783611774 0.15202231520223153 0.015115354017501989 0.02789400278940028
0 0.4677804295942721 0.14435146443514643 0.014319809069212411 0.029288702928870293
0 0.4677804295942721 0.16806136680613668 0.014319809069212411 0.026499302649930265
0 0.5043754972155927 0.13249651324965134 0.012728719172633254 0.02789400278940028
0 0.5103420843277645 0.16596931659693165 0.015115354017501989 0.03626220362622036
0 0.5043754972155927 0.18688981868898186 0.017501988862370723 0.03626220362622036
0 0.5238663484486874 0.15620641562064155 0.011933174224343675 0.030683403068340307
0 0.5262529832935561 0.1394700139470014 0.015115354017501989 0.02789400278940028
0 0.5437549721559268 0.16457461645746166 0.015115354017501989 0.03347280334728033
0 0.5576770087509945 0.14086471408647142 0.014319809069212411 0.03347280334728033
0 0.5513126491646778 0.1304044630404463 0.012728719172633254 0.026499302649930265
0 0.5648369132856006 0.12273361227336123 0.012728719172633254 0.02789400278940028
0 0.5791567223548131 0.16248256624825663 0.012728719172633254 0.03207810320781032
0 0.5898965791567223 0.16806136680613668 0.015115354017501989 0.03765690376569038
0 0.5871121718377088 0.13737796373779637 0.015910898965791568 0.03486750348675035
0 0.5902943516308672 0.10460251046025104 0.014319809069212411 0.02510460251046025
0 0.6145584725536993 0.10599721059972106 0.011933174224343675 0.02510460251046025
0 0.6495624502784407 0.09902370990237098 0.011933174224343675 0.02510460251046025
0 0.6117740652346858 0.13110181311018132 0.014319809069212411 0.02789400278940028
0 0.6400159108989658 0.1401673640167364 0.015115354017501989 0.03207810320781032
0 0.6610978520286396 0.13319386331938632 0.012728719172633254 0.029288702928870293
0 0.6579156722354813 0.10808926080892609 0.011137629276054098 0.026499302649930265
0 0.6857597454256166 0.1101813110181311 0.012728719172633254 0.02789400278940028
0 0.6141607000795545 0.2099023709902371 0.017501988862370723 0.043235704323570434
0 0.5445505171042164 0.2900976290097629 0.02784407319013524 0.05578800557880056
0 0.5664280031821798 0.25313807531380755 0.020684168655529037 0.04602510460251046
0 0.6081941129673827 0.2482566248256625 0.023070803500397773 0.05299860529986053
0 0.594272076372315 0.3284518828451883 0.03341288782816229 0.06276150627615062
0 0.6666666666666666 0.25592747559274753 0.027048528241845664 0.0599721059972106
0 0.6742243436754176 0.21548117154811716 0.01988862370723946 0.04881450488145049
0 0.6825775656324582 0.18758716875871687 0.017501988862370723 0.040446304044630406
0 0.7028639618138425 0.21687587168758718 0.021479713603818614 0.04881450488145049
0 0.7776451869530628 0.11645746164574616 0.013524264120922832 0.029288702928870293
0 0.8027048528241846 0.12273361227336123 0.012728719172633254 0.030683403068340307
0 0.8365155131264916 0.12552301255230125 0.011933174224343675 0.03347280334728033
0 0.8321400159108989 0.13458856345885634 0.014319809069212411 0.03207810320781032
0 0.8739061256961018 0.13249651324965134 0.011933174224343675 0.03347280334728033
0 0.8635640413683373 0.14504881450488144 0.013524264120922832 0.03347280334728033
0 0.903739061256961 0.1387726638772664 0.012728719172633254 0.03765690376569038
0 0.8918058870326173 0.1596931659693166 0.014319809069212411 0.03207810320781032
0 0.933969769291965 0.16248256624825663 0.014319809069212411 0.03765690376569038
0 0.888623707239459 0.18340306834030684 0.015910898965791568 0.03207810320781032
0 0.9284009546539379 0.20920502092050208 0.017501988862370723 0.04184100418410042
0 0.9268098647573588 0.22594142259414227 0.017501988862370723 0.04184100418410042
0 0.8492442322991249 0.16108786610878661 0.013524264120922832 0.03486750348675035
0 0.8166268894192522 0.15271966527196654 0.015115354017501989 0.03486750348675035
0 0.7820206841686556 0.15341701534170155 0.014319809069212411 0.030683403068340307
0 0.7708830548926014 0.14365411436541142 0.012728719172633254 0.03626220362622036
0 0.7370723945902944 0.14086471408647142 0.015115354017501989 0.030683403068340307
0 0.7271280827366746 0.13458856345885634 0.012728719172633254 0.03207810320781032
0 0.7251392203659507 0.18131101813110181 0.018297533810660304 0.03905160390516039
0 0.7597454256165473 0.17642956764295675 0.01909307875894988 0.03765690376569038
0 0.8011137629276054 0.1799163179916318 0.017501988862370723 0.03905160390516039
0 0.7374701670644391 0.22942817294281728 0.02386634844868735 0.05439330543933055
0 0.7720763723150358 0.2649930264993027 0.024661893396976928 0.05578800557880056
0 0.8102625298329356 0.2482566248256625 0.01988862370723946 0.04741980474198047
0 0.7732696897374701 0.21408647140864714 0.01909307875894988 0.04602510460251046
0 0.8229912490055689 0.21269177126917713 0.016706443914081145 0.043235704323570434
0 0.8536197295147175 0.2405857740585774 0.020684168655529037 0.04602510460251046
0 0.8253778838504375 0.3410041841004184 0.02784407319013524 0.07391910739191074
0 0.8325377883850438 0.29916317991631797 0.026252983293556086 0.06276150627615062
0 0.8723150357995226 0.22245467224546722 0.01988862370723946 0.04881450488145049
0 0.9065234685759745 0.3054393305439331 0.023070803500397773 0.058577405857740586
0 0.883054892601432 0.4302649930264993 0.030230708035003977 0.07670850767085077
0 0.7167859984089101 0.15690376569037656 0.014319809069212411 0.03486750348675035