0 0.6061299176578225 0.10372771474878444 0.011893870082342177 0.029173419773095625
0 0.42680695333943275 0.19611021069692058 0.01738334858188472 0.03889789303079417
0 0.4579139981701738 0.19773095623987033 0.0192131747483989 0.04213938411669368
0 0.6495882891125343 0.12074554294975688 0.01463860933211345 0.027552674230145867
0 0.6596523330283623 0.14181523500810372 0.012808783165599268 0.027552674230145867
0 0.7493138151875571 0.1426256077795786 0.01463860933211345 0.029173419773095625
0 0.7653247941445562 0.146677471636953 0.013723696248856358 0.03079416531604538
0 0.8215919487648673 0.2544570502431118 0.020128087831655993 0.04538087520259319
0 0.8668801463860933 0.1839546191247974 0.011893870082342177 0.03079416531604538
0 0.8874656907593779 0.21393841166936792 0.01463860933211345 0.03241491085899514
0 0.8865507776761208 0.24716369529983792 0.01646843549862763 0.04700162074554295
0 0.9117108874656907 0.24878444084278767 0.01555352241537054 0.03403565640194489
0 0.9368709972552608 0.18719611021069693 0.012808783165599268 0.03079416531604538
0 0.6193961573650503 0.13776337115072934 0.01463860933211345 0.029173419773095625