0 0.06968641114982578 0.27040816326530615 0.020905923344947737 0.04693877551020408
0 0.4221835075493612 0.22346938775510203 0.015098722415795587 0.030612244897959183
0 0.4709639953542393 0.17142857142857143 0.017421602787456445 0.0326530612244898
0 0.4912891986062718 0.17448979591836736 0.020905923344947737 0.04285714285714286
0 0.45818815331010454 0.2357142857142857 0.017421602787456445 0.030612244897959183
0 0.5592334494773519 0.17857142857142858 0.017421602787456445 0.03877551020408163
0 0.5725900116144018 0.19285714285714287 0.018583042973286876 0.04693877551020408
0 0.645760743321719 0.12551020408163266 0.011614401858304297 0.030612244897959183
0 0.6869918699186992 0.17755102040816326 0.017421602787456445 0.036734693877551024
0 0.6440185830429733 0.22244897959183674 0.024390243902439025 0.04081632653061224
0 0.6451800232288037 0.2714285714285714 0.019744483159117306 0.044897959183673466
0 0.6480836236933798 0.3336734693877551 0.025551684088269456 0.05510204081632653
0 0.7003484320557491 0.30306122448979594 0.020905923344947737 0.05102040816326531
0 0.6945412311265969 0.22959183673469388 0.018583042973286876 0.03877551020408163
0 0.9552845528455285 0.24387755102040817 0.019744483159117306 0.03877551020408163