0 0.07794117647058824 0.4464594127806563 0.04607843137254902 0.10189982728842832
0 0.2838235294117647 0.24870466321243523 0.022549019607843137 0.027633851468048358
0 0.3333333333333333 0.21329879101899826 0.021568627450980392 0.039723661485319514
0 0.3877450980392157 0.2003454231433506 0.018627450980392157 0.03454231433506045
0 0.367156862745098 0.21848013816925735 0.022549019607843137 0.04317789291882556
0 0.4024509803921569 0.231433506044905 0.020588235294117647 0.037996545768566495
0 0.4117647058823529 0.19775474956822106 0.01764705882352941 0.03281519861830743
0 0.4196078431372549 0.15457685664939552 0.01568627450980392 0.03281519861830743
0 0.45294117647058824 0.14335060449050085 0.01568627450980392 0.027633851468048358
0 0.4666666666666667 0.153713298791019 0.013725490196078431 0.03454231433506045
0 0.4843137254901961 0.15457685664939552 0.013725490196078431 0.02936096718480138
0 0.49411764705882355 0.1614853195164076 0.013725490196078431 0.03281519861830743
0 0.5338235294117647 0.15889464594127806 0.018627450980392157 0.037996545768566495
0 0.5573529411764706 0.1848013816925734 0.020588235294117647 0.037996545768566495
0 0.5833333333333334 0.10621761658031088 0.013725490196078431 0.02936096718480138
0 0.6186274509803922 0.11830742659758203 0.013725490196078431 0.02936096718480138
0 0.6558823529411765 0.10967184801381692 0.013725490196078431 0.025906735751295335
0 0.47058823529411764 0.18998272884283246 0.0196078431372549 0.037996545768566495
0 0.4426470588235294 0.21329879101899826 0.018627450980392157 0.03626943005181347
0 0.5975490196078431 0.22625215889464595 0.024509803921568627 0.037996545768566495
0 0.6357843137254902 0.22279792746113988 0.028431372549019607 0.05181347150259067
0 0.6651960784313725 0.2392055267702936 0.026470588235294117 0.05008635578583765
0 0.7 0.19343696027633853 0.021568627450980392 0.04145077720207254
0 0.7328431372549019 0.14939550949913644 0.016666666666666666 0.03626943005181347
0 0.8044117647058824 0.28756476683937826 0.024509803921568627 0.06735751295336788
0 0.8985294117647059 0.33074265975820377 0.028431372549019607 0.06390328151986183
0 0.9142156862745098 0.27892918825561314 0.026470588235294117 0.05008635578583765
0 0.8926470588235295 0.2392055267702936 0.018627450980392157 0.04317789291882556
0 0.9205882352941176 0.23488773747841105 0.0196078431372549 0.03454231433506045
0 0.9004901960784314 0.2003454231433506 0.014705882352941176 0.037996545768566495
0 0.946078431372549 0.19861830742659758 0.013725490196078431 0.031088082901554404
0 0.9441176470588235 0.16234887737478412 0.011764705882352941 0.031088082901554404