0 0.0851063829787234 0.5240464344941956 0.04625346901017576 0.11608623548922056
0 0.08649398704902868 0.4046434494195688 0.041628122109158186 0.10281923714759536
0 0.13876040703052728 0.4253731343283582 0.04070305272895467 0.0945273631840796
0 0.20906567992599445 0.2860696517412935 0.02960222016651249 0.05472636815920398
0 0.37187789084181316 0.29270315091210614 0.03145235892691952 0.05804311774461028
0 0.4010175763182239 0.42205638474295193 0.030527289546716005 0.07462686567164178
0 0.46392229417206293 0.22885572139303484 0.02127659574468085 0.04643449419568822
0 0.38621646623496764 0.21061359867330018 0.01757631822386679 0.03648424543946932
0 0.6174838112858464 0.23880597014925373 0.02497687326549491 0.06633499170812604
0 0.5684551341350601 0.1351575456053068 0.01757631822386679 0.028192371475953566
0 0.72895467160037 0.1310116086235489 0.024051803885291396 0.05306799336650083
0 0.7206290471785384 0.05804311774461028 0.016651248843663275 0.029850746268656716
0 0.7627197039777983 0.07296849087893864 0.012025901942645698 0.02321724709784411