0 0.1690340909090909 0.504180602006689 0.038825757575757576 0.07190635451505016
0 0.2518939393939394 0.2709030100334448 0.013257575757575758 0.026755852842809364
0 0.2727272727272727 0.27675585284280935 0.017045454545454544 0.03177257525083612
0 0.29734848484848486 0.2734113712374582 0.017045454545454544 0.038461538461538464
0 0.3106060606060606 0.2408026755852843 0.013257575757575758 0.026755852842809364
0 0.3555871212121212 0.22324414715719063 0.016098484848484848 0.03511705685618729
0 0.37357954545454547 0.19899665551839466 0.014204545454545454 0.03678929765886288
0 0.390625 0.1956521739130435 0.016098484848484848 0.030100334448160536
0 0.39109848484848486 0.2265886287625418 0.013257575757575758 0.028428093645484948
0 0.41761363636363635 0.20066889632107024 0.013257575757575758 0.033444816053511704
0 0.4479166666666667 0.17474916387959866 0.013257575757575758 0.02508361204013378
0 0.4668560606060606 0.1505016722408027 0.011363636363636364 0.026755852842809364
0 0.4356060606060606 0.2399665551839465 0.020833333333333332 0.03511705685618729
0 0.39204545454545453 0.28762541806020064 0.022727272727272728 0.043478260869565216
0 0.3759469696969697 0.2834448160535117 0.017045454545454544 0.038461538461538464
0 0.35132575757575757 0.30434782608695654 0.02462121212121212 0.043478260869565216
0 0.3020833333333333 0.31187290969899667 0.020833333333333332 0.03177257525083612
0 0.4583333333333333 0.19983277591973245 0.017045454545454544 0.038461538461538464
0 0.47821969696969696 0.2382943143812709 0.01893939393939394 0.038461538461538464
0 0.48295454545454547 0.16806020066889632 0.013257575757575758 0.03511705685618729
0 0.4881628787878788 0.14464882943143811 0.01231060606060606 0.021739130434782608
0 0.6349431818181818 0.3068561872909699 0.02556818181818182 0.051839464882943144
0 0.6851325757575758 0.11956521739130435 0.01231060606060606 0.028428093645484948
0 0.6235795454545454 0.1254180602006689 0.014204545454545454 0.026755852842809364
0 0.6027462121212122 0.12792642140468227 0.014204545454545454 0.028428093645484948
0 0.5724431818181818 0.1245819397993311 0.014204545454545454 0.02508361204013378
0 0.568655303030303 0.15133779264214048 0.014204545454545454 0.028428093645484948
0 0.6051136363636364 0.15384615384615385 0.013257575757575758 0.026755852842809364
0 0.6264204545454546 0.1488294314381271 0.014204545454545454 0.026755852842809364
0 0.6434659090909091 0.14381270903010032 0.017992424242424244 0.03678929765886288
0 0.5785984848484849 0.1806020066889632 0.017045454545454544 0.033444816053511704
0 0.5345643939393939 0.1705685618729097 0.021780303030303032 0.023411371237458192
0 0.5127840909090909 0.2040133779264214 0.017992424242424244 0.030100334448160536
0 0.7466856060606061 0.12374581939799331 0.01231060606060606 0.030100334448160536
0 0.7206439393939394 0.15551839464882944 0.015151515151515152 0.030100334448160536
0 0.6983901515151515 0.15802675585284282 0.016098484848484848 0.038461538461538464
0 0.6510416666666666 0.20819397993311037 0.016098484848484848 0.038461538461538464
0 0.6799242424242424 0.21153846153846154 0.017045454545454544 0.04180602006688963
0 0.6136363636363636 0.2408026755852843 0.02462121212121212 0.05016722408026756
0 0.568655303030303 0.2491638795986622 0.021780303030303032 0.043478260869565216
0 0.5838068181818182 0.28929765886287623 0.02556818181818182 0.056856187290969896
0 0.5198863636363636 0.3110367892976589 0.026515151515151516 0.046822742474916385
0 0.6870265151515151 0.2683946488294314 0.02556818181818182 0.05518394648829431
0 0.712594696969697 0.22408026755852842 0.019886363636363636 0.05351170568561873
0 0.7433712121212122 0.20066889632107024 0.020833333333333332 0.043478260869565216
0 0.7646780303030303 0.14381270903010032 0.014204545454545454 0.030100334448160536
0 0.7784090909090909 0.13712374581939799 0.015151515151515152 0.033444816053511704
0 0.7817234848484849 0.16387959866220736 0.014204545454545454 0.033444816053511704
0 0.7982954545454546 0.16220735785953178 0.015151515151515152 0.030100334448160536
0 0.8143939393939394 0.1806020066889632 0.017045454545454544 0.033444816053511704
0 0.8456439393939394 0.15719063545150502 0.013257575757575758 0.030100334448160536
0 0.8589015151515151 0.1697324414715719 0.015151515151515152 0.03177257525083612
0 0.8560606060606061 0.19732441471571907 0.017045454545454544 0.033444816053511704
0 0.849905303030303 0.22408026755852842 0.017992424242424244 0.05016722408026756
0 0.9076704545454546 0.16471571906354515 0.014204545454545454 0.03177257525083612
0 0.900094696969697 0.18729096989966554 0.019886363636363636 0.03678929765886288
0 0.9365530303030303 0.2809364548494983 0.01893939393939394 0.05351170568561873
0 0.9412878787878788 0.26672240802675584 0.020833333333333332 0.0451505016722408
0 0.853219696969697 0.2834448160535117 0.020833333333333332 0.0451505016722408
0 0.8527462121212122 0.3377926421404682 0.021780303030303032 0.056856187290969896
0 0.7836174242424242 0.2968227424749164 0.02556818181818182 0.051839464882943144
0 0.7689393939393939 0.2399665551839465 0.01893939393939394 0.0451505016722408
0 0.7850378787878788 0.21237458193979933 0.017045454545454544 0.04013377926421405
0 0.7320075757575758 0.2809364548494983 0.022727272727272728 0.046822742474916385