0 0.18907563025210083 0.4155737704918033 0.047619047619047616 0.07704918032786885
0 0.2796451914098973 0.24344262295081967 0.014005602240896359 0.02459016393442623
0 0.2945845004668534 0.2483606557377049 0.015873015873015872 0.027868852459016394
0 0.2913165266106443 0.27295081967213114 0.018674136321195144 0.027868852459016394
0 0.3697478991596639 0.2795081967213115 0.018674136321195144 0.03442622950819672
0 0.3968253968253968 0.21639344262295082 0.014939309056956116 0.022950819672131147
0 0.38608776844070963 0.1901639344262295 0.014005602240896359 0.019672131147540985
0 0.3842203548085901 0.1762295081967213 0.012138188608776844 0.018032786885245903
0 0.42063492063492064 0.17704918032786884 0.015873015873015872 0.036065573770491806
0 0.4556489262371615 0.15081967213114755 0.011204481792717087 0.02622950819672131
0 0.4715219421101774 0.1557377049180328 0.014939309056956116 0.029508196721311476
0 0.44537815126050423 0.18770491803278688 0.014939309056956116 0.03114754098360656
0 0.46171802054155 0.20163934426229507 0.015873015873015872 0.036065573770491806
0 0.43604108309990663 0.2360655737704918 0.022408963585434174 0.04262295081967213
0 0.46825396825396826 0.2336065573770492 0.02707749766573296 0.04426229508196721
0 0.49019607843137253 0.2 0.018674136321195144 0.036065573770491806
0 0.5 0.15491803278688523 0.012138188608776844 0.02459016393442623
0 0.5130718954248366 0.12622950819672132 0.012138188608776844 0.019672131147540985
0 0.5303454715219421 0.1721311475409836 0.011204481792717087 0.022950819672131147
0 0.5480859010270775 0.1778688524590164 0.013071895424836602 0.02459016393442623
0 0.5508870214752568 0.12868852459016394 0.013071895424836602 0.02459016393442623
0 0.5634920634920635 0.13278688524590163 0.014005602240896359 0.022950819672131147
0 0.5882352941176471 0.11885245901639344 0.011204481792717087 0.018032786885245903
0 0.5966386554621849 0.10737704918032787 0.013071895424836602 0.021311475409836064
0 0.6260504201680672 0.11065573770491803 0.017740429505135387 0.02459016393442623
0 0.61531279178338 0.14508196721311475 0.014939309056956116 0.02459016393442623
0 0.5943043884220355 0.1737704918032787 0.015873015873015872 0.03278688524590164
0 0.6549953314659197 0.13442622950819672 0.012138188608776844 0.022950819672131147
0 0.673202614379085 0.10901639344262296 0.014939309056956116 0.018032786885245903
0 0.7016806722689075 0.10491803278688525 0.015873015873015872 0.02622950819672131
0 0.7455648926237162 0.11475409836065574 0.014005602240896359 0.022950819672131147
0 0.7647058823529411 0.12950819672131147 0.011204481792717087 0.022950819672131147
0 0.7567693744164332 0.14016393442622951 0.014005602240896359 0.02459016393442623
0 0.7478991596638656 0.15081967213114755 0.011204481792717087 0.022950819672131147
0 0.780578898225957 0.13934426229508196 0.013071895424836602 0.036065573770491806
0 0.8020541549953315 0.1483606557377049 0.014939309056956116 0.03442622950819672
0 0.8314659197012139 0.1483606557377049 0.014005602240896359 0.03114754098360656
0 0.8375350140056023 0.13442622950819672 0.013071895424836602 0.022950819672131147
0 0.8641456582633054 0.1360655737704918 0.014005602240896359 0.02622950819672131
0 0.8594771241830066 0.15491803278688523 0.014005602240896359 0.02459016393442623
0 0.8478057889822596 0.1721311475409836 0.01680672268907563 0.036065573770491806
0 0.8991596638655462 0.15655737704918032 0.013071895424836602 0.021311475409836064
0 0.8930905695611578 0.17459016393442622 0.017740429505135387 0.03442622950819672
0 0.8814192343604108 0.20491803278688525 0.018674136321195144 0.03934426229508197
0 0.9201680672268907 0.15 0.01027077497665733 0.018032786885245903
0 0.927170868347339 0.2098360655737705 0.013071895424836602 0.022950819672131147
0 0.9281045751633987 0.24754098360655738 0.02054154995331466 0.036065573770491806
0 0.9140989729225023 0.29262295081967216 0.022408963585434174 0.05081967213114754
0 0.8650793650793651 0.24672131147540985 0.0196078431372549 0.040983606557377046
0 0.8286647992530346 0.20737704918032787 0.015873015873015872 0.03442622950819672
0 0.8123249299719888 0.2360655737704918 0.01680672268907563 0.03934426229508197
0 0.7712418300653595 0.21147540983606558 0.018674136321195144 0.04262295081967213
0 0.73062558356676 0.19672131147540983 0.0196078431372549 0.03934426229508197
0 0.7329598506069094 0.1737704918032787 0.013071895424836602 0.029508196721311476
0 0.6937441643323996 0.1598360655737705 0.014939309056956116 0.02459016393442623
0 0.6867413632119514 0.18360655737704917 0.017740429505135387 0.03934426229508197
0 0.6531279178338002 0.18278688524590164 0.015873015873015872 0.03442622950819672
0 0.6629318394024276 0.21147540983606558 0.02054154995331466 0.03934426229508197
0 0.6162464985994398 0.20737704918032787 0.018674136321195144 0.03442622950819672
0 0.5854341736694678 0.24016393442622952 0.02054154995331466 0.03770491803278689
0 0.6274509803921569 0.24754098360655738 0.01680672268907563 0.036065573770491806
0 0.6993464052287581 0.2262295081967213 0.018674136321195144 0.036065573770491806
0 0.6405228758169934 0.2942622950819672 0.02427637721755369 0.04426229508196721
0 0.5322128851540616 0.3262295081967213 0.026143790849673203 0.04262295081967213
0 0.49673202614379086 0.35655737704918034 0.026143790849673203 0.04426229508196721
0 0.5102707749766573 0.21967213114754097 0.017740429505135387 0.029508196721311476
0 0.7324929971988795 0.2483606557377049 0.02334267040149393 0.054098360655737705
0 0.6979458450046685 0.3221311475409836 0.025210084033613446 0.054098360655737705
0 0.7474323062558357 0.32295081967213113 0.028944911297852476 0.06229508196721312
0 0.7777777777777778 0.26229508196721313 0.026143790849673203 0.04918032786885246
0 0.8225957049486461 0.3516393442622951 0.029878618113912233 0.05737704918032787
0 0.9140989729225023 0.42540983606557375 0.03734827264239029 0.06393442622950819