0 0.01731418918918919 0.43263473053892215 0.022804054054054054 0.05389221556886228
0 0.23564189189189189 0.344311377245509 0.015202702702702704 0.03293413173652695
0 0.2622466216216216 0.3809880239520958 0.021114864864864864 0.04341317365269461
0 0.30194256756756754 0.3712574850299401 0.019425675675675675 0.041916167664670656
0 0.33994932432432434 0.36601796407185627 0.019425675675675675 0.040419161676646706
0 0.29265202702702703 0.312874251497006 0.016047297297297296 0.03592814371257485
0 0.3640202702702703 0.2971556886227545 0.013513513513513514 0.02844311377245509
0 0.36782094594594594 0.3345808383233533 0.014358108108108109 0.03143712574850299
0 0.3927364864864865 0.344311377245509 0.015202702702702704 0.038922155688622756
0 0.4197635135135135 0.3473053892215569 0.02027027027027027 0.041916167664670656
0 0.46072635135135137 0.3532934131736527 0.016047297297297296 0.038922155688622756
0 0.41934121621621623 0.3046407185628742 0.014358108108108109 0.03143712574850299
0 0.39738175675675674 0.26721556886227543 0.01266891891891892 0.02844311377245509
0 0.41511824324324326 0.27395209580838326 0.01266891891891892 0.029940119760479042
0 0.4510135135135135 0.2694610778443114 0.015202702702702704 0.029940119760479042
0 0.44510135135135137 0.3158682634730539 0.018581081081081082 0.03592814371257485
0 0.4822635135135135 0.30763473053892215 0.013513513513513514 0.0344311377245509
0 0.5130912162162162 0.3248502994011976 0.016047297297297296 0.038922155688622756
0 0.4404560810810811 0.24176646706586827 0.01266891891891892 0.025449101796407185
0 0.48353040540540543 0.2694610778443114 0.014358108108108109 0.02694610778443114
0 0.47677364864864863 0.2402694610778443 0.01097972972972973 0.02245508982035928
0 0.48521959459459457 0.23802395209580837 0.01266891891891892 0.023952095808383235
0 0.5080236486486487 0.27245508982035926 0.014358108108108109 0.03293413173652695
0 0.5320945945945946 0.2791916167664671 0.015202702702702704 0.03143712574850299
0 0.5367398648648649 0.24850299401197604 0.01266891891891892 0.02694610778443114
0 0.5586993243243243 0.25074850299401197 0.01266891891891892 0.02844311377245509
0 0.5591216216216216 0.2964071856287425 0.015202702702702704 0.03293413173652695
0 0.5472972972972973 0.3630239520958084 0.02195945945945946 0.04640718562874251
0 0.47423986486486486 0.4199101796407186 0.024493243243243243 0.05239520958083832
0 0.549831081081081 0.4318862275449102 0.02533783783783784 0.05239520958083832
0 0.5950168918918919 0.26646706586826346 0.014358108108108109 0.03293413173652695
0 0.5869932432432432 0.25299401197604793 0.011824324324324325 0.02694610778443114
0 0.5793918918918919 0.22080838323353294 0.010135135135135136 0.025449101796407185
0 0.590793918918919 0.22230538922155688 0.01097972972972973 0.02245508982035928
0 0.6148648648648649 0.2537425149700599 0.013513513513513514 0.03143712574850299
0 0.6190878378378378 0.2252994011976048 0.011824324324324325 0.02844311377245509
0 0.6241554054054054 0.20434131736526945 0.011824324324324325 0.02844311377245509
0 0.6410472972972973 0.22005988023952097 0.010135135135135136 0.02694610778443114
0 0.6554054054054054 0.2252994011976048 0.011824324324324325 0.02844311377245509
0 0.6596283783783784 0.25149700598802394 0.013513513513513514 0.029940119760479042
0 0.6756756756756757 0.20958083832335328 0.010135135135135136 0.023952095808383235
0 0.6921452702702703 0.23203592814371257 0.01097972972972973 0.03293413173652695
0 0.7174831081081081 0.22305389221556887 0.01097972972972973 0.02694610778443114
0 0.721706081081081 0.24925149700598803 0.014358108108108109 0.0344311377245509
0 0.6938344594594594 0.2657185628742515 0.01266891891891892 0.03143712574850299
0 0.7086148648648649 0.2971556886227545 0.016891891891891893 0.040419161676646706
0 0.6490709459459459 0.3083832335329341 0.017736486486486486 0.041916167664670656
0 0.612331081081081 0.3458083832335329 0.02195945945945946 0.04491017964071856
0 0.7445101351351351 0.2904191616766467 0.014358108108108109 0.03293413173652695
0 0.612331081081081 0.4633233532934132 0.02702702702702703 0.06736526946107785
0 0.6119087837837838 0.40793413173652693 0.024493243243243243 0.04940119760479042
0 0.6735641891891891 0.3809880239520958 0.021114864864864864 0.05239520958083832
0 0.6625844594594594 0.35104790419161674 0.017736486486486486 0.040419161676646706
0 0.7098817567567568 0.36751497005988026 0.019425675675675675 0.04640718562874251
0 0.7242398648648649 0.49700598802395207 0.03125 0.08682634730538923
0 0.6566722972972973 0.4880239520958084 0.036317567567567564 0.059880239520958084
0 0.7960304054054054 0.4513473053892216 0.026182432432432432 0.05239520958083832
0 0.7356418918918919 0.4258982035928144 0.02195945945945946 0.04640718562874251
0 0.8585304054054054 0.5389221556886228 0.03125 0.0658682634730539
0 0.8703547297297297 0.47904191616766467 0.02787162162162162 0.06287425149700598
0 0.9307432432432432 0.4745508982035928 0.028716216216216218 0.0658682634730539
0 0.8847128378378378 0.3809880239520958 0.021114864864864864 0.05239520958083832
0 0.832347972972973 0.37350299401197606 0.021114864864864864 0.04940119760479042
0 0.8589527027027027 0.344311377245509 0.015202702702702704 0.041916167664670656
0 0.8614864864864865 0.3158682634730539 0.015202702702702704 0.03293413173652695
0 0.8382601351351351 0.31736526946107785 0.016047297297297296 0.03592814371257485
0 0.7922297297297297 0.2986526946107784 0.015202702702702704 0.03143712574850299
0 0.7580236486486487 0.26272455089820357 0.016047297297297296 0.03143712574850299
0 0.7787162162162162 0.2694610778443114 0.011824324324324325 0.029940119760479042
0 0.7850506756756757 0.23877245508982037 0.014358108108108109 0.03143712574850299
0 0.8078547297297297 0.25449101796407186 0.014358108108108109 0.02694610778443114
0 0.7989864864864865 0.24775449101796407 0.011824324324324325 0.02844311377245509
0 0.8429054054054054 0.27619760479041916 0.013513513513513514 0.03143712574850299
0 0.8648648648648649 0.2559880239520958 0.013513513513513514 0.029940119760479042
0 0.8741554054054054 0.2836826347305389 0.013513513513513514 0.040419161676646706
0 0.8817567567567568 0.2717065868263473 0.010135135135135136 0.03143712574850299
0 0.8965371621621622 0.2619760479041916 0.01266891891891892 0.03592814371257485
0 0.9058277027027027 0.344311377245509 0.016047297297297296 0.038922155688622756
0 0.9125844594594594 0.3181137724550898 0.01266891891891892 0.0374251497005988
0 0.917652027027027 0.2844311377245509 0.01266891891891892 0.029940119760479042
0 0.9362331081081081 0.3323353293413174 0.014358108108108109 0.038922155688622756
0 0.948902027027027 0.3562874251497006 0.017736486486486486 0.04491017964071856
0 0.9598817567567568 0.31362275449101795 0.01266891891891892 0.03143712574850299
0 0.9603040540540541 0.2836826347305389 0.011824324324324325 0.03143712574850299
0 0.9400337837837838 0.312125748502994 0.015202702702702704 0.0374251497005988