0 0.09365079365079365 0.34120982986767484 0.04338624338624339 0.07372400756143667
0 0.2798941798941799 0.22022684310018903 0.020105820105820106 0.03969754253308128
0 0.31216931216931215 0.222117202268431 0.01904761904761905 0.03969754253308128
0 0.3322751322751323 0.21833648393194707 0.016931216931216932 0.03969754253308128
0 0.3476190476190476 0.222117202268431 0.020105820105820106 0.043478260869565216
0 0.37671957671957673 0.23534971644612476 0.02328042328042328 0.043478260869565216
0 0.4031746031746032 0.2334593572778828 0.01904761904761905 0.03969754253308128
0 0.42857142857142855 0.24574669187145556 0.021164021164021163 0.04158790170132325
0 0.4185185185185185 0.2003780718336484 0.020105820105820106 0.04158790170132325
0 0.3708994708994709 0.20226843100189035 0.015873015873015872 0.022684310018903593
0 0.38994708994708993 0.1899810964083176 0.01798941798941799 0.03213610586011342
0 0.37037037037037035 0.1843100189035917 0.016931216931216932 0.02835538752362949
0 0.3470899470899471 0.17296786389413987 0.014814814814814815 0.03213610586011342
0 0.3761904761904762 0.16824196597353497 0.01798941798941799 0.026465028355387523
0 0.41164021164021164 0.15879017013232513 0.014814814814814815 0.030245746691871456
0 0.4275132275132275 0.15500945179584122 0.014814814814814815 0.030245746691871456
0 0.4402116402116402 0.16068052930056712 0.012698412698412698 0.026465028355387523
0 0.45396825396825397 0.20699432892249528 0.01904761904761905 0.03969754253308128
0 0.45291005291005293 0.18714555765595464 0.016931216931216932 0.026465028355387523
0 0.49417989417989416 0.16446124763705103 0.016931216931216932 0.03780718336483932
0 0.5148148148148148 0.18147448015122875 0.01798941798941799 0.034026465028355386
0 0.553968253968254 0.18147448015122875 0.015873015873015872 0.03780718336483932
0 0.482010582010582 0.14650283553875237 0.015873015873015872 0.02835538752362949
0 0.4978835978835979 0.11814744801512288 0.01164021164021164 0.024574669187145556
0 0.5015873015873016 0.13799621928166353 0.014814814814814815 0.026465028355387523
0 0.5317460317460317 0.15689981096408318 0.013756613756613757 0.030245746691871456
0 0.5285714285714286 0.12003780718336483 0.013756613756613757 0.02835538752362949
0 0.5492063492063493 0.12476370510396975 0.012698412698412698 0.026465028355387523
0 0.5455026455026455 0.15595463137996218 0.013756613756613757 0.02835538752362949
0 0.5645502645502646 0.14177693761814744 0.013756613756613757 0.034026465028355386
0 0.5783068783068783 0.17485822306238186 0.020105820105820106 0.03969754253308128
0 0.5947089947089947 0.16162570888468808 0.014814814814814815 0.02835538752362949
0 0.5978835978835979 0.11720226843100189 0.012698412698412698 0.026465028355387523
0 0.608994708994709 0.11720226843100189 0.01164021164021164 0.026465028355387523
0 0.6068783068783069 0.13705103969754254 0.01164021164021164 0.02835538752362949
0 0.6243386243386243 0.1332703213610586 0.012698412698412698 0.03213610586011342
0 0.6433862433862434 0.15311909262759923 0.014814814814814815 0.034026465028355386
0 0.6476190476190476 0.11436672967863894 0.012698412698412698 0.02835538752362949
0 0.6888888888888889 0.12287334593572778 0.014814814814814815 0.026465028355387523
0 0.7111111111111111 0.11247637051039698 0.014814814814814815 0.03969754253308128
0 0.6888888888888889 0.10680529300567108 0.010582010582010581 0.020793950850661626
0 0.5772486772486772 0.23440453686200377 0.026455026455026454 0.04914933837429111
0 0.617989417989418 0.2514177693761815 0.02962962962962963 0.052930056710775046
0 0.6148148148148148 0.20982986767485823 0.02328042328042328 0.045368620037807186
0 0.6608465608465608 0.19754253308128544 0.01798941798941799 0.043478260869565216
0 0.6777777777777778 0.22873345935727787 0.020105820105820106 0.052930056710775046
0 0.6978835978835979 0.2580340264650284 0.022222222222222223 0.05103969754253308
0 0.708994708994709 0.3223062381852552 0.031746031746031744 0.08506616257088846
0 0.7687830687830688 0.3610586011342155 0.02857142857142857 0.07183364839319471
0 0.7317460317460317 0.23251417769376181 0.02433862433862434 0.052930056710775046
0 0.7174603174603175 0.1833648393194707 0.021164021164021163 0.045368620037807186
0 0.7322751322751323 0.18052930056710775 0.014814814814814815 0.03969754253308128
0 0.7333333333333333 0.14272211720226843 0.016931216931216932 0.035916824196597356
0 0.7523809523809524 0.1332703213610586 0.012698412698412698 0.03213610586011342
0 0.7714285714285715 0.1342155009451796 0.014814814814814815 0.03780718336483932
0 0.7613756613756614 0.24291115311909262 0.022222222222222223 0.05103969754253308
0 0.7592592592592593 0.19659735349716445 0.015873015873015872 0.034026465028355386
0 0.7936507936507936 0.16446124763705103 0.014814814814814815 0.034026465028355386
0 0.7846560846560846 0.27977315689981097 0.0328042328042328 0.05671077504725898
0 0.8153439153439154 0.2646502835538752 0.02433862433862434 0.05671077504725898
0 0.7931216931216931 0.2060491493383743 0.022222222222222223 0.04158790170132325
0 0.8137566137566138 0.21739130434782608 0.016931216931216932 0.03780718336483932
0 0.8243386243386244 0.1776937618147448 0.016931216931216932 0.034026465028355386
0 0.8317460317460318 0.13705103969754254 0.012698412698412698 0.024574669187145556
0 0.7888888888888889 0.13516068052930058 0.01164021164021164 0.02835538752362949
0 0.846031746031746 0.15406427221172023 0.015873015873015872 0.03213610586011342
0 0.8560846560846561 0.14650283553875237 0.012698412698412698 0.024574669187145556
0 0.8656084656084656 0.18052930056710775 0.014814814814814815 0.03969754253308128
0 0.8391534391534392 0.21928166351606806 0.021164021164021163 0.03780718336483932
0 0.9153439153439153 0.31285444234404536 0.027513227513227514 0.062381852551984876
0 0.8883597883597883 0.23156899810964082 0.01798941798941799 0.043478260869565216
0 0.9010582010582011 0.21739130434782608 0.015873015873015872 0.04158790170132325
0 0.8984126984126984 0.1899810964083176 0.014814814814814815 0.03213610586011342
0 0.9074074074074074 0.1767485822306238 0.01164021164021164 0.024574669187145556
0 0.9095238095238095 0.15122873345935728 0.01164021164021164 0.026465028355387523
0 0.9195767195767196 0.22306238185255198 0.01904761904761905 0.04914933837429111
0 0.9333333333333333 0.24763705103969755 0.01904761904761905 0.045368620037807186
0 0.9317460317460318 0.20415879017013233 0.015873015873015872 0.034026465028355386
0 0.944973544973545 0.1833648393194707 0.014814814814814815 0.04158790170132325