0 0.21045454545454545 0.4551282051282051 0.03727272727272727 0.08333333333333333
0 0.27545454545454545 0.25400641025641024 0.023636363636363636 0.052884615384615384
0 0.3327272727272727 0.1466346153846154 0.01818181818181818 0.03365384615384615
0 0.4027272727272727 0.10977564102564102 0.014545454545454545 0.030448717948717948
0 0.41909090909090907 0.1466346153846154 0.012727272727272728 0.027243589743589744
0 0.4440909090909091 0.16105769230769232 0.015454545454545455 0.03365384615384615
0 0.4681818181818182 0.16987179487179488 0.01818181818181818 0.038461538461538464
0 0.48818181818181816 0.13862179487179488 0.012727272727272728 0.027243589743589744
0 0.5136363636363637 0.13942307692307693 0.012727272727272728 0.028846153846153848
0 0.5340909090909091 0.14983974358974358 0.013636363636363636 0.030448717948717948
0 0.5613636363636364 0.1466346153846154 0.015454545454545455 0.030448717948717948
0 0.7604545454545455 0.10576923076923077 0.017272727272727273 0.035256410256410256