0 0.09506726457399103 0.5669172932330827 0.03766816143497758 0.07218045112781955
0 0.18878923766816144 0.343609022556391 0.017040358744394617 0.031578947368421054
0 0.2210762331838565 0.3699248120300752 0.02062780269058296 0.03609022556390978
0 0.2609865470852018 0.37142857142857144 0.016143497757847534 0.03609022556390978
0 0.2874439461883408 0.4030075187969925 0.02242152466367713 0.042105263157894736
0 0.24977578475336323 0.3150375939849624 0.015246636771300448 0.02857142857142857
0 0.3183856502242152 0.34887218045112783 0.017937219730941704 0.03609022556390978
0 0.32466367713004485 0.3037593984962406 0.016143497757847534 0.03308270676691729
0 0.35515695067264574 0.34661654135338343 0.014349775784753363 0.031578947368421054
0 0.38251121076233185 0.3406015037593985 0.017040358744394617 0.03759398496240601
0 0.3650224215246637 0.2706766917293233 0.016143497757847534 0.03308270676691729
0 0.3820627802690583 0.3090225563909774 0.016143497757847534 0.02556390977443609
0 0.37847533632286995 0.281203007518797 0.010762331838565023 0.02406015037593985
0 0.4497757847533632 0.3263157894736842 0.01883408071748879 0.039097744360902256
0 0.4147982062780269 0.3172932330827068 0.02062780269058296 0.03308270676691729
0 0.4242152466367713 0.2639097744360902 0.014349775784753363 0.02857142857142857
0 0.4067264573991031 0.2578947368421053 0.013452914798206279 0.02556390977443609
0 0.44170403587443946 0.2781954887218045 0.017040358744394617 0.03007518796992481
0 0.4430493273542601 0.24887218045112783 0.014349775784753363 0.02556390977443609
0 0.4515695067264574 0.23458646616541354 0.011659192825112108 0.021052631578947368
0 0.4905829596412556 0.2721804511278195 0.012556053811659192 0.03308270676691729
0 0.5067264573991032 0.27669172932330827 0.014349775784753363 0.03308270676691729
0 0.48834080717488787 0.3308270676691729 0.015246636771300448 0.03308270676691729
0 0.4295964125560538 0.3556390977443609 0.023318385650224215 0.03458646616541353
0 0.452914798206278 0.4180451127819549 0.028699551569506727 0.06616541353383458
0 0.5031390134529148 0.24736842105263157 0.014349775784753363 0.02556390977443609
0 0.5452914798206278 0.281203007518797 0.016143497757847534 0.03609022556390978
0 0.5390134529147982 0.24586466165413534 0.014349775784753363 0.02857142857142857
0 0.5641255605381166 0.25263157894736843 0.014349775784753363 0.03308270676691729
0 0.557847533632287 0.21729323308270676 0.010762331838565023 0.02556390977443609
0 0.5695067264573991 0.21203007518796993 0.010762331838565023 0.02406015037593985
0 0.594170403587444 0.24962406015037594 0.013452914798206279 0.03007518796992481
0 0.6408071748878924 0.24812030075187969 0.013452914798206279 0.02706766917293233
0 0.6367713004484304 0.22030075187969925 0.012556053811659192 0.022556390977443608
0 0.611659192825112 0.2 0.010762331838565023 0.02406015037593985
0 0.6672645739910313 0.20977443609022556 0.010762331838565023 0.02556390977443609
0 0.6766816143497758 0.22781954887218045 0.009865470852017937 0.02556390977443609
0 0.6829596412556054 0.21353383458646616 0.015246636771300448 0.03007518796992481
0 0.6704035874439462 0.2804511278195489 0.017040358744394617 0.031578947368421054
0 0.7089686098654708 0.26165413533834586 0.017040358744394617 0.03007518796992481
0 0.5923766816143498 0.34285714285714286 0.02242152466367713 0.042105263157894736
0 0.5286995515695068 0.42105263157894735 0.02780269058295964 0.045112781954887216
0 0.5219730941704036 0.3879699248120301 0.026905829596412557 0.042105263157894736
0 0.5811659192825112 0.4150375939849624 0.025112107623318385 0.039097744360902256
0 0.5735426008968609 0.4781954887218045 0.03139013452914798 0.06015037593984962
0 0.6349775784753363 0.48195488721804514 0.03766816143497758 0.06766917293233082
0 0.6654708520179372 0.3887218045112782 0.021524663677130046 0.04360902255639098
0 0.6408071748878924 0.36165413533834584 0.02062780269058296 0.0406015037593985
0 0.6304932735426009 0.3112781954887218 0.017937219730941704 0.02706766917293233
0 0.6874439461883408 0.324812030075188 0.017040358744394617 0.03609022556390978
0 0.7170403587443946 0.30526315789473685 0.015246636771300448 0.039097744360902256
0 0.7515695067264574 0.25263157894736843 0.012556053811659192 0.03007518796992481
0 0.763677130044843 0.22030075187969925 0.011659192825112108 0.031578947368421054
0 0.7022421524663677 0.5616541353383459 0.03587443946188341 0.07067669172932331
0 0.7251121076233183 0.418796992481203 0.02780269058295964 0.04661654135338346
0 0.6923766816143497 0.375187969924812 0.023318385650224215 0.0406015037593985
0 0.8260089686098655 0.3706766917293233 0.021524663677130046 0.04661654135338346
0 0.7865470852017937 0.44586466165413535 0.023318385650224215 0.058646616541353384
0 0.8376681614349776 0.518796992481203 0.03228699551569507 0.06315789473684211
0 0.8659192825112108 0.47443609022556393 0.02780269058295964 0.058646616541353384
0 0.9376681614349776 0.49849624060150377 0.02780269058295964 0.06466165413533835
0 0.8757847533632287 0.3849624060150376 0.0242152466367713 0.0481203007518797
0 0.8905829596412556 0.34210526315789475 0.016143497757847534 0.03759398496240601
0 0.920627802690583 0.3323308270676692 0.017040358744394617 0.039097744360902256
0 0.9479820627802691 0.36917293233082704 0.016143497757847534 0.04360902255639098
0 0.95695067264574 0.3293233082706767 0.014349775784753363 0.03609022556390978
0 0.9713004484304932 0.32105263157894737 0.016143497757847534 0.031578947368421054
0 0.963677130044843 0.2887218045112782 0.015246636771300448 0.03007518796992481
0 0.9161434977578475 0.2796992481203007 0.017040358744394617 0.03007518796992481
0 0.8986547085201794 0.262406015037594 0.016143497757847534 0.031578947368421054
0 0.8641255605381166 0.28270676691729324 0.015246636771300448 0.02706766917293233
0 0.8753363228699551 0.2639097744360902 0.016143497757847534 0.031578947368421054
0 0.8591928251121076 0.2548872180451128 0.019730941704035873 0.031578947368421054
0 0.8363228699551569 0.27518796992481204 0.015246636771300448 0.03609022556390978
0 0.8192825112107623 0.2954887218045113 0.017040358744394617 0.02857142857142857
0 0.8672645739910314 0.33157894736842103 0.017937219730941704 0.03759398496240601
0 0.8403587443946189 0.35037593984962406 0.017937219730941704 0.042105263157894736
0 0.7816143497757847 0.2924812030075188 0.01883408071748879 0.03458646616541353
0 0.7730941704035874 0.2593984962406015 0.014349775784753363 0.02556390977443609
0 0.7914798206278026 0.2721804511278195 0.017040358744394617 0.03609022556390978
0 0.7914798206278026 0.24135338345864663 0.015246636771300448 0.03458646616541353
0 0.8237668161434978 0.24285714285714285 0.017040358744394617 0.02857142857142857