0 0.033177570093457946 0.3976897689768977 0.027102803738317756 0.07260726072607261
0 0.26542056074766357 0.2623762376237624 0.014953271028037384 0.033003300330033
0 0.288785046728972 0.26897689768976896 0.020560747663551402 0.036303630363036306
0 0.3126168224299065 0.2854785478547855 0.019626168224299065 0.039603960396039604
0 0.3247663551401869 0.25 0.017757009345794394 0.041254125412541254
0 0.3144859813084112 0.2334983498349835 0.014018691588785047 0.03135313531353135
0 0.3509345794392523 0.2747524752475248 0.02149532710280374 0.04455445544554455
0 0.352803738317757 0.22937293729372937 0.01588785046728972 0.033003300330033
0 0.4093457943925234 0.29042904290429045 0.022429906542056073 0.04950495049504951
0 0.4205607476635514 0.22607260726072606 0.018691588785046728 0.039603960396039604
0 0.3789719626168224 0.2268976897689769 0.017757009345794394 0.03135313531353135
0 0.37990654205607477 0.21287128712871287 0.014018691588785047 0.026402640264026403
0 0.38925233644859814 0.19801980198019803 0.014018691588785047 0.0297029702970297
0 0.46869158878504674 0.23267326732673269 0.019626168224299065 0.039603960396039604
0 0.4542056074766355 0.22112211221122113 0.016822429906542057 0.036303630363036306
0 0.4331775700934579 0.18234323432343233 0.01588785046728972 0.028052805280528052
0 0.4397196261682243 0.20297029702970298 0.017757009345794394 0.033003300330033
0 0.45794392523364486 0.17491749174917492 0.014953271028037384 0.0297029702970297
0 0.4658878504672897 0.20132013201320131 0.01588785046728972 0.033003300330033
0 0.5046728971962616 0.2004950495049505 0.016822429906542057 0.034653465346534656
0 0.4827102803738318 0.16996699669966997 0.014018691588785047 0.0297029702970297
0 0.47570093457943924 0.15346534653465346 0.013084112149532711 0.0231023102310231
0 0.49065420560747663 0.13448844884488448 0.011214953271028037 0.024752475247524754
0 0.5107476635514019 0.16584158415841585 0.014018691588785047 0.028052805280528052
0 0.5406542056074767 0.1674917491749175 0.014018691588785047 0.028052805280528052
0 0.5485981308411215 0.19966996699669967 0.018691588785046728 0.036303630363036306
0 0.5677570093457944 0.16996699669966997 0.017757009345794394 0.036303630363036306
0 0.5331775700934579 0.13943894389438943 0.014018691588785047 0.028052805280528052
0 0.5574766355140187 0.15264026402640263 0.014018691588785047 0.03135313531353135
0 0.5654205607476636 0.13696369636963696 0.013084112149532711 0.0231023102310231
0 0.5714953271028037 0.11551155115511551 0.010280373831775701 0.0231023102310231
0 0.5906542056074766 0.1551155115511551 0.013084112149532711 0.026402640264026403
0 0.6144859813084113 0.15759075907590758 0.01588785046728972 0.03135313531353135
0 0.5878504672897197 0.13613861386138615 0.011214953271028037 0.024752475247524754
0 0.5929906542056075 0.10891089108910891 0.010280373831775701 0.0231023102310231
0 0.6144859813084113 0.14026402640264027 0.012149532710280374 0.0231023102310231
0 0.6130841121495327 0.12046204620462046 0.013084112149532711 0.0231023102310231
0 0.6285046728971962 0.10231023102310231 0.008411214953271028 0.019801980198019802
0 0.6429906542056075 0.10726072607260725 0.011214953271028037 0.026402640264026403
0 0.6537383177570093 0.11633663366336634 0.012149532710280374 0.028052805280528052
0 0.6719626168224299 0.12458745874587458 0.013084112149532711 0.028052805280528052
0 0.7042056074766355 0.10313531353135313 0.012149532710280374 0.03135313531353135
0 0.602803738317757 0.20874587458745875 0.020560747663551402 0.041254125412541254
0 0.5728971962616822 0.2466996699669967 0.020560747663551402 0.041254125412541254
0 0.49626168224299066 0.29455445544554454 0.024299065420560748 0.04455445544554455
0 0.5495327102803739 0.3028052805280528 0.024299065420560748 0.054455445544554455
0 0.6126168224299066 0.25577557755775576 0.025233644859813085 0.04950495049504951
0 0.6102803738317757 0.3292079207920792 0.03364485981308411 0.057755775577557754
0 0.6649532710280374 0.25577557755775576 0.025233644859813085 0.0462046204620462
0 0.6813084112149532 0.3415841584158416 0.029906542056074768 0.066006600660066
0 0.7116822429906542 0.2896039603960396 0.027102803738317756 0.054455445544554455
0 0.6649532710280374 0.21534653465346534 0.019626168224299065 0.04785478547854786
0 0.711214953271028 0.2202970297029703 0.020560747663551402 0.05115511551155116
0 0.658411214953271 0.1806930693069307 0.017757009345794394 0.037953795379537955
0 0.688785046728972 0.15759075907590758 0.014953271028037384 0.041254125412541254
0 0.7088785046728971 0.14356435643564355 0.014018691588785047 0.033003300330033
0 0.7046728971962617 0.183993399339934 0.018691588785046728 0.037953795379537955
0 0.741588785046729 0.12211221122112212 0.014018691588785047 0.033003300330033
0 0.7495327102803738 0.11386138613861387 0.011214953271028037 0.0231023102310231
0 0.7490654205607477 0.14356435643564355 0.012149532710280374 0.033003300330033
0 0.735981308411215 0.1608910891089109 0.014018691588785047 0.03135313531353135
0 0.7523364485981309 0.18729372937293728 0.016822429906542057 0.037953795379537955
0 0.7602803738317757 0.2268976897689769 0.019626168224299065 0.04785478547854786
0 0.7808411214953271 0.2887788778877888 0.02336448598130841 0.052805280528052806
0 0.7724299065420561 0.17244224422442245 0.01588785046728972 0.034653465346534656
0 0.7700934579439253 0.13696369636963696 0.013084112149532711 0.026402640264026403
0 0.7859813084112149 0.11963696369636964 0.011214953271028037 0.024752475247524754
0 0.8060747663551402 0.14603960396039603 0.010280373831775701 0.028052805280528052
0 0.822429906542056 0.12706270627062707 0.011214953271028037 0.026402640264026403
0 0.8299065420560747 0.1419141914191419 0.013084112149532711 0.033003300330033
0 0.8168224299065421 0.17244224422442245 0.013084112149532711 0.034653465346534656
0 0.8009345794392523 0.19471947194719472 0.014953271028037384 0.0297029702970297
0 0.8485981308411215 0.18811881188118812 0.014953271028037384 0.039603960396039604
0 0.8542056074766355 0.15594059405940594 0.013084112149532711 0.034653465346534656
0 0.8677570093457944 0.15759075907590758 0.012149532710280374 0.028052805280528052
0 0.8724299065420561 0.1377887788778878 0.012149532710280374 0.028052805280528052
0 0.9004672897196262 0.132013201320132 0.012149532710280374 0.026402640264026403
0 0.8939252336448598 0.17656765676567657 0.012149532710280374 0.033003300330033
0 0.8817757009345795 0.19801980198019803 0.01588785046728972 0.036303630363036306
0 0.8682242990654205 0.2202970297029703 0.016822429906542057 0.037953795379537955
0 0.9247663551401869 0.18316831683168316 0.01588785046728972 0.036303630363036306
0 0.9214953271028037 0.27805280528052806 0.020560747663551402 0.04785478547854786
0 0.9364485981308411 0.1617161716171617 0.013084112149532711 0.033003300330033