0 0.1784059314179796 0.41407528641571195 0.04541241890639481 0.07528641571194762
0 0.27710843373493976 0.2528641571194763 0.012974976830398516 0.027823240589198037
0 0.29610750695088045 0.251227495908347 0.013901760889712697 0.027823240589198037
0 0.31417979610750696 0.2561374795417349 0.016682113067655237 0.031096563011456628
0 0.3716404077849861 0.29214402618657936 0.020389249304911955 0.03436988543371522
0 0.3586654309545876 0.23404255319148937 0.016682113067655237 0.03273322422258593
0 0.3818350324374421 0.18739770867430441 0.014828544949026877 0.027823240589198037
0 0.4054680259499537 0.1955810147299509 0.015755329008341055 0.027823240589198037
0 0.3948100092678406 0.22913256955810146 0.014828544949026877 0.03273322422258593
0 0.43002780352177944 0.2414075286415712 0.018535681186283594 0.03764320785597381
0 0.41936978683966636 0.18412438625204583 0.012048192771084338 0.024549918166939442
0 0.4439295644114921 0.19476268412438624 0.014828544949026877 0.02618657937806874
0 0.45041705282669137 0.1595744680851064 0.009267840593141797 0.01800327332242226
0 0.4675625579240037 0.20049099836333878 0.017608897126969416 0.027823240589198037
0 0.4652455977757183 0.2430441898527005 0.024096385542168676 0.044189852700491
0 0.5222428174235403 0.21112929623567922 0.019462465245597776 0.03600654664484452
0 0.505097312326228 0.19230769230769232 0.014828544949026877 0.027823240589198037
0 0.5194624652455978 0.1685761047463175 0.012048192771084338 0.02618657937806874
0 0.5083410565338277 0.13175122749590834 0.012048192771084338 0.024549918166939442
0 0.5370713623725671 0.13747954173486088 0.013901760889712697 0.02618657937806874
0 0.5537534754402225 0.13338788870703763 0.010194624652455977 0.024549918166939442
0 0.5658016682113067 0.13911620294599017 0.010194624652455977 0.02618657937806874
0 0.5838739573679332 0.14402618657937807 0.014828544949026877 0.022913256955810146
0 0.46570898980537534 0.17103109656301146 0.013901760889712697 0.024549918166939442
0 0.47868396663577384 0.17266775777414076 0.013901760889712697 0.024549918166939442
0 0.43234476367006486 0.16775777414075285 0.012048192771084338 0.024549918166939442
0 0.41334569045412417 0.1718494271685761 0.012974976830398516 0.02618657937806874
0 0.49443929564411493 0.2986906710310966 0.021316033364226137 0.04746317512274959
0 0.535681186283596 0.34124386252045824 0.029657089898053754 0.054009819967266774
0 0.6010194624652456 0.3469721767594108 0.028730305838739572 0.049099836333878884
0 0.6936978683966636 0.3355155482815057 0.03429101019462465 0.062193126022913256
0 0.5834105653382762 0.24631751227495907 0.023169601482854494 0.044189852700491
0 0.6051899907321594 0.27086743044189854 0.018535681186283594 0.04746317512274959
0 0.5834105653382762 0.1751227495908347 0.013901760889712697 0.029459901800327332
0 0.5375347544022243 0.1890343698854337 0.014828544949026877 0.027823240589198037
0 0.5857275254865616 0.12111292962356793 0.011121408711770158 0.022913256955810146
0 0.5922150139017609 0.10310965630114566 0.011121408711770158 0.022913256955810146
0 0.6098239110287303 0.15220949263502456 0.012974976830398516 0.02618657937806874
0 0.628822984244671 0.11702127659574468 0.012048192771084338 0.02127659574468085
0 0.6209453197405005 0.10556464811783961 0.012974976830398516 0.02127659574468085
0 0.6417979610750695 0.1432078559738134 0.010194624652455977 0.024549918166939442
0 0.6626506024096386 0.11538461538461539 0.012974976830398516 0.031096563011456628
0 0.6927710843373494 0.11374795417348608 0.013901760889712697 0.027823240589198037
0 0.6482854494902688 0.17921440261865793 0.019462465245597776 0.03764320785597381
0 0.6306765523632993 0.21522094926350246 0.015755329008341055 0.03764320785597381
0 0.6760889712696941 0.21522094926350246 0.013901760889712697 0.03764320785597381
0 0.6950880444856349 0.18003273322422259 0.014828544949026877 0.03600654664484452
0 0.6821130676552364 0.1702127659574468 0.014828544949026877 0.029459901800327332
0 0.7330861909175163 0.12356792144026187 0.012974976830398516 0.027823240589198037
0 0.742354031510658 0.14811783960720132 0.014828544949026877 0.031096563011456628
0 0.7307692307692307 0.17757774140752863 0.012048192771084338 0.027823240589198037
0 0.7256719184430028 0.20049099836333878 0.016682113067655237 0.04091653027823241
0 0.7275254865616312 0.2520458265139116 0.025949953660797033 0.04582651391162029
0 0.767840593141798 0.2176759410801964 0.017608897126969416 0.04582651391162029
0 0.7465245597775718 0.32569558101472995 0.028730305838739572 0.058919803600654665
0 0.7692307692307693 0.3060556464811784 0.018535681186283594 0.05237315875613748
0 0.76274328081557 0.1309328968903437 0.012974976830398516 0.02618657937806874
0 0.7822057460611678 0.14238952536824878 0.016682113067655237 0.03600654664484452
0 0.809082483781279 0.1546644844517185 0.012974976830398516 0.031096563011456628
0 0.8317886932344764 0.15220949263502456 0.010194624652455977 0.02618657937806874
0 0.8327154772937906 0.13011456628477905 0.008341056533827619 0.02127659574468085
0 0.8702502316960148 0.132569558101473 0.011121408711770158 0.029459901800327332
0 0.8544949026876738 0.16939443535188217 0.012974976830398516 0.03436988543371522
0 0.8225208526413346 0.21522094926350246 0.017608897126969416 0.03764320785597381
0 0.7761816496756255 0.18821603927986907 0.015755329008341055 0.029459901800327332
0 0.8063021316033364 0.24959083469721768 0.022242817423540315 0.044189852700491
0 0.8354958294717331 0.31342062193126025 0.023169601482854494 0.044189852700491
0 0.7947173308619092 0.39689034369885434 0.026876737720111215 0.07037643207855974
0 0.8836886005560705 0.38379705400981995 0.028730305838739572 0.057283142389525366
0 0.8938832252085264 0.31669394435351883 0.023169601482854494 0.057283142389525366
0 0.9114921223354958 0.27086743044189854 0.019462465245597776 0.04746317512274959
0 0.9198331788693235 0.22504091653027825 0.015755329008341055 0.03764320785597381
0 0.8549582947173309 0.25777414075286414 0.017608897126969416 0.04091653027823241
0 0.8753475440222428 0.21358428805237317 0.013901760889712697 0.03764320785597381
0 0.8841519925857275 0.1734860883797054 0.012974976830398516 0.029459901800327332
0 0.8938832252085264 0.16448445171849427 0.015755329008341055 0.031096563011456628
0 0.9263206672845227 0.16448445171849427 0.012048192771084338 0.02127659574468085