0 0.5215215215215215 0.25573192239858905 0.03203203203203203 0.06349206349206349
0 0.5845845845845846 0.2239858906525573 0.018018018018018018 0.04585537918871252
0 0.45145145145145144 0.2222222222222222 0.016016016016016016 0.03880070546737213
0 0.3213213213213213 0.21516754850088182 0.016016016016016016 0.031746031746031744
0 0.3663663663663664 0.19576719576719576 0.014014014014014014 0.02821869488536155
0 0.3708708708708709 0.17989417989417988 0.015015015015015015 0.02821869488536155
0 0.4059059059059059 0.17195767195767195 0.013013013013013013 0.029982363315696647
0 0.43743743743743746 0.15343915343915343 0.012012012012012012 0.024691358024691357
0 0.6631631631631631 0.2204585537918871 0.01901901901901902 0.042328042328042326
0 0.6216216216216216 0.1948853615520282 0.018018018018018018 0.04056437389770723
0 0.7137137137137137 0.2204585537918871 0.018018018018018018 0.03880070546737213
0 0.8723723723723724 0.2716049382716049 0.01901901901901902 0.04585537918871252
0 0.9234234234234234 0.2671957671957672 0.015015015015015015 0.04409171075837742
0 0.9324324324324325 0.22839506172839505 0.013013013013013013 0.037037037037037035
0 0.7922922922922923 0.21428571428571427 0.015015015015015015 0.037037037037037035
0 0.8533533533533534 0.19753086419753085 0.013013013013013013 0.03527336860670194
0 0.9204204204204204 0.1763668430335097 0.013013013013013013 0.031746031746031744
0 0.933933933933934 0.19135802469135801 0.016016016016016016 0.029982363315696647
0 0.8333333333333334 0.17548500881834214 0.013013013013013013 0.029982363315696647
0 0.8488488488488488 0.1472663139329806 0.012012012012012012 0.026455026455026454
0 0.8718718718718719 0.15696649029982362 0.012012012012012012 0.02821869488536155
0 0.7352352352352353 0.1763668430335097 0.013013013013013013 0.02821869488536155
0 0.7652652652652653 0.1781305114638448 0.015015015015015015 0.03527336860670194
0 0.7847847847847848 0.17019400352733685 0.014014014014014014 0.029982363315696647
0 0.8038038038038038 0.16049382716049382 0.012012012012012012 0.02821869488536155
0 0.8183183183183184 0.13756613756613756 0.013013013013013013 0.031746031746031744
0 0.7922922922922923 0.13668430335097 0.011011011011011011 0.026455026455026454
0 0.7607607607607607 0.13668430335097 0.018018018018018018 0.02292768959435626
0 0.7222222222222222 0.14638447971781304 0.013013013013013013 0.031746031746031744
0 0.7372372372372372 0.1472663139329806 0.013013013013013013 0.029982363315696647
0 0.498998998998999 0.1931216931216931 0.01901901901901902 0.03350970017636684
0 0.476976976976977 0.19576719576719576 0.015015015015015015 0.024691358024691357
0 0.45895895895895894 0.16843033509700175 0.013013013013013013 0.037037037037037035
0 0.47097097097097096 0.164021164021164 0.013013013013013013 0.031746031746031744
0 0.46546546546546547 0.13580246913580246 0.012012012012012012 0.024691358024691357
0 0.5180180180180181 0.16225749559082892 0.015015015015015015 0.031746031746031744
0 0.5315315315315315 0.20899470899470898 0.018018018018018018 0.029982363315696647
0 0.491991991991992 0.13580246913580246 0.015015015015015015 0.02821869488536155
0 0.524024024024024 0.12610229276895943 0.013013013013013013 0.026455026455026454
0 0.5420420420420421 0.1675485008818342 0.015015015015015015 0.02821869488536155
0 0.5730730730730731 0.17901234567901234 0.015015015015015015 0.029982363315696647
0 0.5695695695695696 0.12345679012345678 0.016016016016016016 0.024691358024691357
0 0.5950950950950951 0.15343915343915343 0.013013013013013013 0.024691358024691357
0 0.5920920920920921 0.13580246913580246 0.015015015015015015 0.02821869488536155
0 0.7007007007007007 0.12433862433862433 0.01001001001001001 0.026455026455026454
0 0.6176176176176176 0.1111111111111111 0.012012012012012012 0.03527336860670194
0 0.6751751751751752 0.10582010582010581 0.013013013013013013 0.031746031746031744
0 0.6591591591591591 0.14285714285714285 0.011011011011011011 0.02821869488536155
0 0.6531531531531531 0.1164021164021164 0.01701701701701702 0.024691358024691357
0 0.6586586586586587 0.18606701940035272 0.016016016016016016 0.026455026455026454
0 0.9384384384384384 0.1693121693121693 0.011011011011011011 0.02821869488536155
0 0.8948948948948949 0.21164021164021163 0.014014014014014014 0.031746031746031744
0 0.8763763763763763 0.23809523809523808 0.015015015015015015 0.03880070546737213
0 0.8053053053053053 0.2037037037037037 0.015015015015015015 0.03350970017636684
0 0.7047047047047047 0.1948853615520282 0.018018018018018018 0.04056437389770723
0 0.43043043043043044 0.17372134038800705 0.014014014014014014 0.026455026455026454
0 0.5605605605605606 0.15432098765432098 0.014014014014014014 0.026455026455026454
0 0.6891891891891891 0.17372134038800705 0.013013013013013013 0.029982363315696647