0 0.920268972142171 0.22586206896551725 0.013448607108549471 0.034482758620689655
0 0.8876080691642652 0.225 0.01536983669548511 0.04655172413793104
0 0.8707973102785783 0.25948275862068965 0.01633045148895293 0.05
0 0.9212295869356388 0.2775862068965517 0.01729106628242075 0.05172413793103448
0 0.9130643611911623 0.33448275862068966 0.020172910662824207 0.06896551724137931
0 0.8338136407300673 0.30431034482758623 0.023054755043227664 0.06379310344827586
0 0.8890489913544669 0.4560344827586207 0.03170028818443804 0.08103448275862069
0 0.8165225744476465 0.40344827586206894 0.03073967339097022 0.07586206896551724
0 0.7915465898174832 0.125 0.009606147934678195 0.029310344827586206
0 0.7949087415946205 0.1482758620689655 0.012487992315081652 0.03793103448275862
0 0.8097982708933718 0.14741379310344827 0.013448607108549471 0.032758620689655175
0 0.803073967339097 0.21120689655172414 0.01536983669548511 0.04310344827586207
0 0.7963496637848223 0.2439655172413793 0.021133525456292025 0.05
0 0.7795389048991355 0.3103448275862069 0.022094140249759846 0.05517241379310345
0 0.7512007684918348 0.36551724137931035 0.03073967339097022 0.07241379310344828
0 0.7665706051873199 0.2293103448275862 0.01729106628242075 0.041379310344827586
0 0.7286263208453411 0.28879310344827586 0.020172910662824207 0.056896551724137934
0 0.6978866474543708 0.30431034482758623 0.024015369836695485 0.056896551724137934
0 0.6882804995196926 0.2293103448275862 0.020172910662824207 0.05172413793103448
0 0.7214217098943324 0.2267241379310345 0.01921229586935639 0.05
0 0.7588856868395774 0.1939655172413793 0.01729106628242075 0.039655172413793106
0 0.7435158501440923 0.16637931034482759 0.01536983669548511 0.03620689655172414
0 0.7487992315081652 0.1267241379310345 0.012487992315081652 0.03620689655172414
0 0.7262247838616714 0.14396551724137932 0.011527377521613832 0.032758620689655175
0 0.7017291066282421 0.15344827586206897 0.01440922190201729 0.034482758620689655
0 0.7199807877041307 0.17586206896551723 0.01633045148895293 0.03793103448275862
0 0.712776176753122 0.10344827586206896 0.009606147934678195 0.02413793103448276
0 0.6935638808837656 0.09741379310344828 0.009606147934678195 0.02586206896551724
0 0.6613832853025937 0.1 0.010566762728146013 0.02413793103448276
0 0.6796349663784822 0.11551724137931034 0.010566762728146013 0.027586206896551724
0 0.6719500480307397 0.16982758620689656 0.01825168107588857 0.04310344827586207
0 0.6282420749279539 0.11810344827586207 0.011527377521613832 0.02586206896551724
0 0.6378482228626321 0.10948275862068965 0.009606147934678195 0.02586206896551724
0 0.6128722382324687 0.10862068965517241 0.011527377521613832 0.027586206896551724
0 0.6306436119116234 0.225 0.020172910662824207 0.05
0 0.6176753121998079 0.15948275862068967 0.011527377521613832 0.032758620689655175
0 0.5898174831892411 0.10258620689655172 0.007684918347742555 0.01896551724137931
0 0.5984630163304515 0.1267241379310345 0.011527377521613832 0.02586206896551724
0 0.5763688760806917 0.11896551724137931 0.011527377521613832 0.02413793103448276
0 0.510566762728146 0.11724137931034483 0.010566762728146013 0.02413793103448276
0 0.5273775216138329 0.12155172413793103 0.009606147934678195 0.02586206896551724
0 0.5465898174831892 0.12241379310344827 0.009606147934678195 0.02413793103448276
0 0.5643611911623438 0.14482758620689656 0.012487992315081652 0.027586206896551724
0 0.5840537944284342 0.1646551724137931 0.013448607108549471 0.03620689655172414
0 0.48751200768491837 0.1336206896551724 0.010566762728146013 0.022413793103448276
0 0.5096061479346782 0.14396551724137932 0.010566762728146013 0.029310344827586206
0 0.5230547550432276 0.15775862068965518 0.012487992315081652 0.032758620689655175
0 0.5398655139289145 0.1396551724137931 0.011527377521613832 0.02413793103448276
0 0.5494716618635928 0.1629310344827586 0.013448607108549471 0.03620689655172414
0 0.5585975024015369 0.18017241379310345 0.01440922190201729 0.039655172413793106
0 0.49231508165225746 0.17327586206896553 0.01440922190201729 0.039655172413793106
0 0.49759846301633043 0.18275862068965518 0.013448607108549471 0.03793103448275862
0 0.46253602305475505 0.13879310344827586 0.010566762728146013 0.02586206896551724
0 0.420268972142171 0.14051724137931035 0.010566762728146013 0.02586206896551724
0 0.44764649375600385 0.16034482758620688 0.013448607108549471 0.034482758620689655
0 0.41354466858789624 0.16724137931034483 0.01440922190201729 0.034482758620689655
0 0.3904899135446686 0.19482758620689655 0.01633045148895293 0.03793103448275862
0 0.4173871277617675 0.22844827586206898 0.01825168107588857 0.04310344827586207
0 0.41930835734870314 0.20086206896551725 0.01633045148895293 0.039655172413793106
0 0.4438040345821326 0.21982758620689655 0.01729106628242075 0.04655172413793104
0 0.47742555235350626 0.2293103448275862 0.021133525456292025 0.04482758620689655
0 0.49279538904899134 0.27241379310344827 0.023054755043227664 0.05517241379310345
0 0.34341978866474543 0.16982758620689656 0.010566762728146013 0.02586206896551724
0 0.3679154658981748 0.19655172413793104 0.013448607108549471 0.03793103448275862
0 0.3414985590778098 0.2025862068965517 0.01633045148895293 0.029310344827586206
0 0.3035542747358309 0.2103448275862069 0.01536983669548511 0.034482758620689655
0 0.3045148895292987 0.23275862068965517 0.01921229586935639 0.03793103448275862
0 0.3314121037463977 0.23189655172413792 0.01536983669548511 0.03620689655172414
0 0.36839577329490875 0.24568965517241378 0.020172910662824207 0.04655172413793104
0 0.5355427473583093 0.2913793103448276 0.024015369836695485 0.05862068965517241
0 0.5754082612872238 0.24655172413793103 0.021133525456292025 0.05517241379310345
0 0.5989433237271854 0.3267241379310345 0.025936599423631124 0.06724137931034482
0 0.2070124879923151 0.3594827586206897 0.04130643611911623 0.08448275862068966