0 0.1624413145539906 0.41142384105960267 0.048826291079812206 0.09105960264900662
0 0.18826291079812207 0.4685430463576159 0.051643192488262914 0.10264900662251655
0 0.30140845070422534 0.24917218543046357 0.016901408450704224 0.041390728476821195
0 0.3089201877934272 0.27980132450331124 0.020657276995305163 0.029801324503311258
0 0.3427230046948357 0.2533112582781457 0.022535211267605635 0.03642384105960265
0 0.4197183098591549 0.26655629139072845 0.024413145539906103 0.04304635761589404
0 0.5051643192488263 0.08526490066225166 0.013145539906103286 0.024834437086092714
0 0.5333333333333333 0.0902317880794702 0.013145539906103286 0.028145695364238412
0 0.5572769953051643 0.12003311258278146 0.014084507042253521 0.02152317880794702
0 0.611737089201878 0.11589403973509933 0.014084507042253521 0.026490066225165563
0 0.5746478873239437 0.15728476821192053 0.015023474178403756 0.029801324503311258
0 0.5474178403755868 0.15562913907284767 0.018779342723004695 0.029801324503311258
0 0.5220657276995305 0.15397350993377484 0.016901408450704224 0.023178807947019868
0 0.4863849765258216 0.13245033112582782 0.015023474178403756 0.019867549668874173
0 0.4699530516431925 0.15480132450331127 0.01784037558685446 0.024834437086092714
0 0.49483568075117373 0.17549668874172186 0.016901408450704224 0.029801324503311258
0 0.4323943661971831 0.17052980132450332 0.01784037558685446 0.029801324503311258
0 0.3863849765258216 0.19950331125827814 0.023474178403755867 0.0347682119205298
0 0.4450704225352113 0.1879139072847682 0.018779342723004695 0.024834437086092714
0 0.42065727699530514 0.2185430463576159 0.022535211267605635 0.029801324503311258
0 0.44272300469483566 0.2326158940397351 0.023474178403755867 0.0347682119205298
0 0.4652582159624413 0.21026490066225165 0.01784037558685446 0.023178807947019868
0 0.4751173708920188 0.19536423841059603 0.016901408450704224 0.023178807947019868
0 0.5192488262910798 0.2119205298013245 0.020657276995305163 0.033112582781456956
0 0.47981220657276996 0.32367549668874174 0.03004694835680751 0.048013245033112585
0 0.5352112676056338 0.2740066225165563 0.020657276995305163 0.028145695364238412
0 0.5610328638497653 0.28311258278145696 0.02535211267605634 0.03642384105960265
0 0.6004694835680752 0.2599337748344371 0.023474178403755867 0.039735099337748346
0 0.6549295774647887 0.2574503311258278 0.023474178403755867 0.048013245033112585
0 0.7075117370892019 0.2806291390728477 0.030985915492957747 0.054635761589403975
0 0.7699530516431925 0.3129139072847682 0.03004694835680751 0.04966887417218543
0 0.8676056338028169 0.23344370860927152 0.016901408450704224 0.04304635761589404
0 0.8483568075117371 0.1837748344370861 0.01784037558685446 0.03642384105960265
0 0.7910798122065728 0.19288079470198677 0.01784037558685446 0.03145695364238411
0 0.7507042253521127 0.18129139072847683 0.02535211267605634 0.0380794701986755
0 0.7460093896713615 0.15480132450331127 0.01784037558685446 0.0380794701986755
0 0.715962441314554 0.1672185430463576 0.01971830985915493 0.029801324503311258
0 0.7075117370892019 0.14652317880794702 0.01596244131455399 0.028145695364238412
0 0.6934272300469484 0.18956953642384106 0.023474178403755867 0.0380794701986755
0 0.6929577464788732 0.10513245033112582 0.016901408450704224 0.0380794701986755
0 0.7464788732394366 0.10927152317880795 0.011267605633802818 0.026490066225165563
0 0.8042253521126761 0.13245033112582782 0.010328638497652582 0.023178807947019868