0 0.24744897959183673 0.3442028985507246 0.05204081632653061 0.09420289855072464
0 0.5321428571428571 0.19202898550724637 0.02346938775510204 0.043478260869565216
0 0.5857142857142857 0.161231884057971 0.018367346938775512 0.03985507246376811
0 0.6153061224489796 0.22554347826086957 0.018367346938775512 0.04528985507246377
0 0.6607142857142857 0.18931159420289856 0.019387755102040816 0.041666666666666664
0 0.6698979591836735 0.22010869565217392 0.017346938775510204 0.03804347826086957
0 0.6591836734693878 0.24456521739130435 0.024489795918367346 0.05434782608695652
0 0.7086734693877551 0.19655797101449277 0.02142857142857143 0.04528985507246377
0 0.7418367346938776 0.21829710144927536 0.018367346938775512 0.030797101449275364
0 0.7295918367346939 0.2753623188405797 0.024489795918367346 0.050724637681159424
0 0.746938775510204 0.25905797101449274 0.022448979591836733 0.04710144927536232
0 0.7229591836734693 0.35778985507246375 0.03163265306122449 0.07427536231884058
0 0.8081632653061225 0.384963768115942 0.030612244897959183 0.08514492753623189
0 0.8622448979591837 0.42481884057971014 0.036734693877551024 0.07789855072463768
0 0.8168367346938775 0.24094202898550723 0.02346938775510204 0.057971014492753624