0 0.0673076923076923 0.6063268892794376 0.05608974358974359 0.12302284710017575
0 0.19951923076923078 0.3031634446397188 0.019230769230769232 0.054481546572934976
0 0.22916666666666666 0.29086115992970124 0.02564102564102564 0.05799648506151142
0 0.2724358974358974 0.2513181019332162 0.019230769230769232 0.0421792618629174
0 0.3092948717948718 0.24956063268892795 0.017628205128205128 0.0421792618629174
0 0.32572115384615385 0.24165202108963094 0.01842948717948718 0.05799648506151142
0 0.30969551282051283 0.218804920913884 0.01842948717948718 0.04745166959578207
0 0.35216346153846156 0.2179261862917399 0.01842948717948718 0.04569420035149385
0 0.37219551282051283 0.2697715289982425 0.01842948717948718 0.04745166959578207
0 0.3918269230769231 0.2451669595782074 0.017628205128205128 0.04745166959578207
0 0.3645833333333333 0.20738137082601055 0.017628205128205128 0.04569420035149385
0 0.3922275641025641 0.19507908611599298 0.016826923076923076 0.0421792618629174
0 0.4375 0.3295254833040422 0.02564102564102564 0.061511423550087874
0 0.43149038461538464 0.20123022847100175 0.01842948717948718 0.040421792618629174
0 0.4358974358974359 0.16695957820738136 0.014423076923076924 0.0421792618629174
0 0.4551282051282051 0.1704745166959578 0.014423076923076924 0.03163444639718805
0 0.49559294871794873 0.1625659050966608 0.023237179487179488 0.043936731107205626
0 0.4947916666666667 0.21353251318101935 0.016826923076923076 0.043936731107205626
0 0.4719551282051282 0.2548330404217926 0.020833333333333332 0.056239015817223195
0 0.5220352564102564 0.1757469244288225 0.01842948717948718 0.0492091388400703
0 0.5540865384615384 0.22671353251318102 0.020032051282051284 0.03866432337434095
0 0.5572916666666666 0.1678383128295255 0.013621794871794872 0.040421792618629174
0 0.5536858974358975 0.13532513181019332 0.014423076923076924 0.03163444639718805
0 0.578125 0.13971880492091387 0.016826923076923076 0.03690685413005272
0 0.5797275641025641 0.20123022847100175 0.01842948717948718 0.04745166959578207
0 0.5809294871794872 0.17311072056239016 0.014423076923076924 0.033391915641476276
0 0.5989583333333334 0.1265377855887522 0.015224358974358974 0.0421792618629174
0 0.6073717948717948 0.15992970123022848 0.01282051282051282 0.0351493848857645
0 0.6141826923076923 0.1827768014059754 0.016826923076923076 0.04569420035149385
0 0.6229967948717948 0.20913884007029876 0.015224358974358974 0.0492091388400703
0 0.6302083333333334 0.1344463971880492 0.016826923076923076 0.040421792618629174
0 0.6574519230769231 0.15202108963093147 0.015224358974358974 0.043936731107205626
0 0.6654647435897436 0.13796133567662566 0.013621794871794872 0.040421792618629174
0 0.6642628205128205 0.18804920913884007 0.011217948717948718 0.0421792618629174
0 0.6746794871794872 0.24340949033391915 0.019230769230769232 0.054481546572934976
0 0.6951121794871795 0.21528998242530756 0.016826923076923076 0.043936731107205626
0 0.6891025641025641 0.1704745166959578 0.016025641025641024 0.0351493848857645
0 0.6887019230769231 0.140597539543058 0.016826923076923076 0.0421792618629174
0 0.7115384615384616 0.1625659050966608 0.016025641025641024 0.03690685413005272
0 0.6157852564102564 0.30140597539543057 0.024839743589743588 0.05799648506151142
0 0.5769230769230769 0.3532513181019332 0.028846153846153848 0.070298769771529
0 0.6109775641025641 0.39103690685413006 0.032852564102564104 0.06854130052724078
0 0.6578525641025641 0.4253075571177504 0.030448717948717948 0.0773286467486819
0 0.7311698717948718 0.4191564147627416 0.032852564102564104 0.08963093145869948
0 0.7295673076923077 0.27240773286467485 0.020032051282051284 0.056239015817223195
0 0.7475961538461539 0.30667838312829526 0.020833333333333332 0.054481546572934976
0 0.7427884615384616 0.24253075571177504 0.017628205128205128 0.0492091388400703
0 0.7495993589743589 0.2038664323374341 0.016826923076923076 0.03866432337434095
0 0.7732371794871795 0.19244288224956063 0.017628205128205128 0.04745166959578207
0 0.7952724358974359 0.22407732864674867 0.020032051282051284 0.050966608084358524
0 0.8104967948717948 0.1977152899824253 0.01842948717948718 0.050966608084358524
0 0.8201121794871795 0.210896309314587 0.015224358974358974 0.0421792618629174
0 0.8225160256410257 0.24253075571177504 0.016826923076923076 0.04569420035149385
0 0.7900641025641025 0.28031634446397186 0.020833333333333332 0.061511423550087874
0 0.8137019230769231 0.3093145869947276 0.024839743589743588 0.0632688927943761
0 0.7996794871794872 0.4797891036906854 0.03365384615384615 0.09490333919156414
0 0.8689903846153846 0.5149384885764499 0.03125 0.1054481546572935
0 0.8882211538461539 0.4209138840070299 0.023237179487179488 0.07205623901581722
0 0.8629807692307693 0.37961335676625657 0.022435897435897436 0.0632688927943761
0 0.8705929487179487 0.3251318101933216 0.01842948717948718 0.04569420035149385
0 0.8874198717948718 0.30404217926186294 0.01842948717948718 0.05272407732864675
0 0.8697916666666666 0.24165202108963094 0.013621794871794872 0.040421792618629174
0 0.8794070512820513 0.23022847100175747 0.015224358974358974 0.0351493848857645
0 0.9014423076923077 0.23725834797891038 0.019230769230769232 0.04569420035149385
0 0.9022435897435898 0.2750439367311072 0.01282051282051282 0.04745166959578207
0 0.9234775641025641 0.35676625659050965 0.021634615384615384 0.070298769771529
0 0.9318910256410257 0.2820738137082601 0.014423076923076924 0.050966608084358524
0 0.9527243589743589 0.25746924428822493 0.014423076923076924 0.040421792618629174
0 0.983573717948718 0.2680140597539543 0.01201923076923077 0.04745166959578207
0 0.9727564102564102 0.3312829525483304 0.016025641025641024 0.050966608084358524
0 0.9735576923076923 0.38400702987697716 0.020833333333333332 0.05799648506151142
0 0.9499198717948718 0.3927943760984183 0.021634615384615384 0.07205623901581722
0 0.9535256410256411 0.4938488576449912 0.02403846153846154 0.0913884007029877