0 0.144076840981857 0.22053231939163498 0.0192102454642476 0.030418250950570342
0 0.28601921024546423 0.40019011406844107 0.0576307363927428 0.11216730038022814
0 0.3959445037353255 0.5133079847908745 0.06616862326574173 0.13688212927756654
0 0.3447171824973319 0.20817490494296578 0.021344717182497332 0.04752851711026616
0 0.400213447171825 0.2661596958174905 0.021344717182497332 0.04182509505703422
0 0.4231590181430096 0.21007604562737642 0.016008537886873 0.03231939163498099
0 0.46905016008537886 0.22433460076045628 0.01814300960512273 0.034220532319391636
0 0.4994663820704376 0.20722433460076045 0.021344717182497332 0.034220532319391636
0 0.5747065101387406 0.10931558935361217 0.011739594450373533 0.024714828897338403
0 0.6061899679829242 0.10741444866920152 0.010672358591248666 0.02091254752851711
0 0.6366061899679829 0.1150190114068441 0.0096051227321238 0.024714828897338403
0 0.5827107790821772 0.25380228136882127 0.025613660618996798 0.03612167300380228
0 0.6147278548559232 0.24334600760456274 0.023479188900747065 0.04182509505703422
0 0.6531483457844184 0.12262357414448669 0.010672358591248666 0.017110266159695818