0 0.1487603305785124 0.38819875776397517 0.04014167650531287 0.07246376811594203
0 0.29338842975206614 0.2536231884057971 0.020070838252656435 0.035196687370600416
0 0.3305785123966942 0.2722567287784679 0.021251475796930343 0.035196687370600416
0 0.423258559622196 0.2774327122153209 0.02243211334120425 0.045548654244306416
0 0.41853600944510033 0.21428571428571427 0.020070838252656435 0.035196687370600416
0 0.3795749704840614 0.20600414078674947 0.020070838252656435 0.035196687370600416
0 0.4462809917355372 0.2163561076604555 0.01652892561983471 0.035196687370600416
0 0.4433293978748524 0.1915113871635611 0.015348288075560802 0.026915113871635612
0 0.4268004722550177 0.17080745341614906 0.01770956316410862 0.031055900621118012
0 0.44155844155844154 0.15942028985507245 0.01652892561983471 0.033126293995859216
0 0.4669421487603306 0.1997929606625259 0.020070838252656435 0.043478260869565216
0 0.4793388429752066 0.13250517598343686 0.01652892561983471 0.033126293995859216
0 0.4911452184179457 0.17391304347826086 0.021251475796930343 0.037267080745341616
0 0.512396694214876 0.21325051759834368 0.018890200708382526 0.041407867494824016
0 0.5177095631641087 0.15320910973084886 0.015348288075560802 0.028985507246376812
0 0.5301062573789846 0.13146997929606624 0.014167650531286895 0.026915113871635612
0 0.5478158205430933 0.12939958592132506 0.014167650531286895 0.035196687370600416
0 0.5737898465171193 0.15734989648033126 0.014167650531286895 0.033126293995859216
0 0.5637544273907911 0.10869565217391304 0.012987012987012988 0.026915113871635612
0 0.5838252656434475 0.13457556935817805 0.012987012987012988 0.028985507246376812
0 0.5985832349468713 0.14285714285714285 0.014167650531286895 0.033126293995859216
0 0.5932703659976387 0.09627329192546584 0.010625737898465172 0.018633540372670808
0 0.6115702479338843 0.11904761904761904 0.01652892561983471 0.031055900621118012
0 0.6847697756788665 0.10766045548654245 0.014167650531286895 0.033126293995859216
0 0.4734356552538371 0.32401656314699795 0.030696576151121605 0.051759834368530024
0 0.5371900826446281 0.29606625258799174 0.02833530106257379 0.07039337474120083
0 0.5596221959858324 0.2349896480331263 0.025974025974025976 0.043478260869565216
0 0.5997638724911453 0.30124223602484473 0.02833530106257379 0.06418219461697723
0 0.6103896103896104 0.19875776397515527 0.021251475796930343 0.049689440993788817
0 0.654073199527745 0.2619047619047619 0.025974025974025976 0.055900621118012424
0 0.7077922077922078 0.2857142857142857 0.024793388429752067 0.053830227743271224
0 0.7656434474616293 0.3115942028985507 0.024793388429752067 0.055900621118012424
0 0.6546635182998819 0.20082815734989648 0.024793388429752067 0.041407867494824016
0 0.6788665879574971 0.19668737060041408 0.01652892561983471 0.037267080745341616
0 0.6900826446280992 0.17908902691511386 0.02243211334120425 0.043478260869565216
0 0.680047225501771 0.15838509316770186 0.021251475796930343 0.031055900621118012
0 0.7107438016528925 0.13871635610766045 0.018890200708382526 0.037267080745341616
0 0.7402597402597403 0.15010351966873706 0.01652892561983471 0.031055900621118012
0 0.7497048406139315 0.17598343685300208 0.021251475796930343 0.041407867494824016
0 0.7378984651711924 0.11594202898550725 0.01652892561983471 0.028985507246376812
0 0.8010625737898465 0.13250517598343686 0.015348288075560802 0.028985507246376812
0 0.7874852420306966 0.1915113871635611 0.021251475796930343 0.047619047619047616
0 0.8429752066115702 0.18115942028985507 0.01652892561983471 0.039337474120082816
0 0.8600944510035419 0.2329192546583851 0.02243211334120425 0.043478260869565216
0 0.8819362455726092 0.1873706004140787 0.018890200708382526 0.043478260869565216
0 0.9126328217237308 0.18633540372670807 0.018890200708382526 0.037267080745341616
0 0.9574970484061394 0.12732919254658384 0.01652892561983471 0.039337474120082816