0 0.20368239355581128 0.3505050505050505 0.039125431530494824 0.08282828282828283
0 0.2848101265822785 0.2505050505050505 0.01726121979286536 0.03636363636363636
0 0.31185270425776757 0.22121212121212122 0.01380897583429229 0.026262626262626262
0 0.3440736478711162 0.22323232323232323 0.01611047180667434 0.030303030303030304
0 0.31645569620253167 0.2686868686868687 0.01611047180667434 0.04040404040404041
0 0.33716915995397007 0.2767676767676768 0.01611047180667434 0.028282828282828285
0 0.3705408515535098 0.20606060606060606 0.011507479861910242 0.020202020202020204
0 0.38262370540851554 0.19797979797979798 0.01726121979286536 0.028282828282828285
0 0.3757192174913694 0.22727272727272727 0.01726121979286536 0.026262626262626262
0 0.42289988492520136 0.21414141414141413 0.014959723820483314 0.028282828282828285
0 0.42577675489067895 0.17474747474747473 0.01611047180667434 0.030303030303030304
0 0.4378596087456847 0.19494949494949496 0.01726121979286536 0.030303030303030304
0 0.45857307249712315 0.20606060606060606 0.01726121979286536 0.03636363636363636
0 0.45397008055235905 0.1696969696969697 0.014959723820483314 0.028282828282828285
0 0.4482163406214039 0.15252525252525254 0.014959723820483314 0.026262626262626262
0 0.4706559263521289 0.15151515151515152 0.01611047180667434 0.028282828282828285
0 0.48331415420023016 0.1383838383838384 0.01380897583429229 0.022222222222222223
0 0.47756041426927504 0.16666666666666666 0.01611047180667434 0.026262626262626262
0 0.4286536248561565 0.2727272727272727 0.024165707710011506 0.04040404040404041
0 0.4965477560414269 0.2 0.014959723820483314 0.03232323232323232
0 0.5184119677790564 0.20606060606060606 0.01726121979286536 0.03232323232323232
0 0.5483314154200231 0.16565656565656567 0.01726121979286536 0.03636363636363636
0 0.5690448791714614 0.17575757575757575 0.014959723820483314 0.024242424242424242
0 0.5805523590333717 0.15454545454545454 0.014959723820483314 0.026262626262626262
0 0.5667433831990794 0.1393939393939394 0.014959723820483314 0.024242424242424242
0 0.5558112773302647 0.11818181818181818 0.011507479861910242 0.01818181818181818
0 0.525891829689298 0.14545454545454545 0.01380897583429229 0.024242424242424242
0 0.5327963176064442 0.1303030303030303 0.01380897583429229 0.01818181818181818
0 0.5817031070195627 0.12323232323232323 0.014959723820483314 0.024242424242424242
0 0.5909090909090909 0.1 0.012658227848101266 0.022222222222222223
0 0.6156501726121979 0.09898989898989899 0.011507479861910242 0.020202020202020204
0 0.6116225546605294 0.11515151515151516 0.012658227848101266 0.020202020202020204
0 0.6323360184119677 0.1202020202020202 0.014959723820483314 0.022222222222222223
0 0.640391254315305 0.09898989898989899 0.012658227848101266 0.020202020202020204
0 0.6185270425776754 0.14343434343434344 0.014959723820483314 0.028282828282828285
0 0.6892980437284235 0.09696969696969697 0.011507479861910242 0.028282828282828285
0 0.667433831990794 0.12222222222222222 0.011507479861910242 0.022222222222222223
0 0.6559263521288837 0.16767676767676767 0.01380897583429229 0.03232323232323232
0 0.6058688147295742 0.21313131313131314 0.019562715765247412 0.03838383838383838
0 0.667433831990794 0.20404040404040405 0.01380897583429229 0.028282828282828285
0 0.6956271576524741 0.18282828282828284 0.014959723820483314 0.030303030303030304
0 0.687571921749137 0.15555555555555556 0.014959723820483314 0.028282828282828285
0 0.7088607594936709 0.13737373737373737 0.01380897583429229 0.024242424242424242
0 0.7324510932105869 0.12323232323232323 0.014959723820483314 0.028282828282828285
0 0.7566168009205984 0.10707070707070707 0.012658227848101266 0.024242424242424242
0 0.7439585730724971 0.1383838383838384 0.012658227848101266 0.022222222222222223
0 0.7675489067894131 0.13131313131313133 0.01380897583429229 0.028282828282828285
0 0.7359033371691599 0.16262626262626262 0.012658227848101266 0.026262626262626262
0 0.7462600690448792 0.19393939393939394 0.014959723820483314 0.03232323232323232
0 0.759493670886076 0.18484848484848485 0.01380897583429229 0.022222222222222223
0 0.7986191024165707 0.18181818181818182 0.01380897583429229 0.028282828282828285
0 0.8037974683544303 0.1414141414141414 0.012658227848101266 0.020202020202020204
0 0.807825086306099 0.12626262626262627 0.01380897583429229 0.022222222222222223
0 0.8296892980437284 0.1404040404040404 0.01380897583429229 0.026262626262626262
0 0.8446490218642118 0.1494949494949495 0.011507479861910242 0.020202020202020204
0 0.8216340621403913 0.1717171717171717 0.011507479861910242 0.028282828282828285
0 0.8417721518987342 0.18585858585858586 0.014959723820483314 0.03636363636363636
0 0.8653624856156502 0.14242424242424243 0.01380897583429229 0.03434343434343434
0 0.877445339470656 0.18888888888888888 0.012658227848101266 0.03434343434343434
0 0.8693901035673187 0.22727272727272727 0.01726121979286536 0.04242424242424243
0 0.8987341772151899 0.1383838383838384 0.009205983889528193 0.026262626262626262
0 0.8941311852704258 0.16565656565656567 0.01380897583429229 0.03232323232323232
0 0.9234752589182968 0.15555555555555556 0.010356731875719217 0.028282828282828285
0 0.929228998849252 0.15555555555555556 0.010356731875719217 0.020202020202020204
0 0.9223245109321059 0.18484848484848485 0.014959723820483314 0.04242424242424243
0 0.9142692750287686 0.2797979797979798 0.019562715765247412 0.05454545454545454
0 0.7686996547756041 0.28888888888888886 0.023014959723820484 0.052525252525252523
0 0.714614499424626 0.2878787878787879 0.023014959723820484 0.046464646464646465
0 0.6772151898734177 0.3282828282828283 0.026467203682393557 0.05858585858585859
0 0.6622554660529344 0.2545454545454545 0.02186421173762946 0.048484848484848485
0 0.7002301495972382 0.22323232323232323 0.019562715765247412 0.03838383838383838
0 0.6041426927502876 0.26464646464646463 0.020713463751438434 0.044444444444444446
0 0.6012658227848101 0.33131313131313134 0.026467203682393557 0.052525252525252523
0 0.5448791714614499 0.302020202020202 0.024165707710011506 0.050505050505050504
0 0.5586881472957422 0.2494949494949495 0.019562715765247412 0.03838383838383838
0 0.4902186421173763 0.298989898989899 0.023014959723820484 0.044444444444444446