0 0.04831144465290807 0.3685092127303183 0.025328330206378986 0.04690117252931323
0 0.2621951219512195 0.24623115577889448 0.01594746716697936 0.03685092127303183
0 0.27204502814258913 0.26046901172529313 0.01876172607879925 0.035175879396984924
0 0.324108818011257 0.24120603015075376 0.01594746716697936 0.03685092127303183
0 0.349437148217636 0.26046901172529313 0.021575984990619138 0.04187604690117253
0 0.3409943714821764 0.24623115577889448 0.017823639774859287 0.03350083752093802
0 0.324108818011257 0.20938023450586266 0.014071294559099437 0.03015075376884422
0 0.3424015009380863 0.20603015075376885 0.013133208255159476 0.03350083752093802
0 0.35365853658536583 0.2236180904522613 0.0150093808630394 0.035175879396984924
0 0.35647279549718575 0.19095477386934673 0.0150093808630394 0.03350083752093802
0 0.3794559099437148 0.18676716917922948 0.017823639774859287 0.035175879396984924
0 0.398686679174484 0.21273031825795644 0.016885553470919325 0.03685092127303183
0 0.38602251407129456 0.2554438860971524 0.021575984990619138 0.04187604690117253
0 0.4047842401500938 0.25711892797319935 0.02345215759849906 0.048576214405360134
0 0.41838649155722324 0.18592964824120603 0.0150093808630394 0.03685092127303183
0 0.4469981238273921 0.1884422110552764 0.01594746716697936 0.035175879396984924
0 0.4540337711069418 0.22529313232830822 0.016885553470919325 0.04187604690117253
0 0.46716697936210133 0.228643216080402 0.0225140712945591 0.04522613065326633
0 0.4826454033771107 0.19262981574539365 0.021575984990619138 0.04020100502512563
0 0.474202626641651 0.1624790619765494 0.017823639774859287 0.03685092127303183
0 0.45778611632270166 0.14991624790619765 0.0150093808630394 0.031825795644891124
0 0.4831144465290807 0.13149078726968175 0.01125703564727955 0.02512562814070352
0 0.4924953095684803 0.15159128978224456 0.0150093808630394 0.02847571189279732
0 0.5093808630393997 0.15912897822445563 0.0150093808630394 0.03350083752093802
0 0.5112570356472795 0.18760469011725292 0.01876172607879925 0.03685092127303183
0 0.5318949343339587 0.18509212730318259 0.01876172607879925 0.04522613065326633
0 0.549718574108818 0.15661641541038526 0.0150093808630394 0.031825795644891124
0 0.5637898686679175 0.1457286432160804 0.013133208255159476 0.02680067001675042
0 0.5773921200750469 0.15996649916247907 0.017823639774859287 0.038525963149078725
0 0.5576923076923077 0.11809045226130653 0.01594746716697936 0.02847571189279732
0 0.5 0.28726968174204354 0.02626641651031895 0.05527638190954774
0 0.5525328330206379 0.23450586264656617 0.0225140712945591 0.05695142378559464
0 0.5830206378986866 0.2830820770519263 0.027204502814258912 0.06030150753768844
0 0.5984990619136961 0.27554438860971525 0.024390243902439025 0.051926298157453935
0 0.5877110694183865 0.1440536013400335 0.01594746716697936 0.03015075376884422
0 0.6022514071294559 0.1306532663316583 0.013133208255159476 0.02680067001675042
0 0.5966228893058161 0.11809045226130653 0.01125703564727955 0.021775544388609715
0 0.6074108818011257 0.11139028475711893 0.012195121951219513 0.02512562814070352
0 0.6177298311444653 0.14154103852596314 0.014071294559099437 0.02512562814070352
0 0.6388367729831145 0.135678391959799 0.0150093808630394 0.03015075376884422
0 0.6421200750469043 0.11390284757118928 0.014071294559099437 0.02680067001675042
0 0.6754221388367729 0.10887772194304858 0.016885553470919325 0.03015075376884422
0 0.6796435272045028 0.14321608040201006 0.014071294559099437 0.031825795644891124
0 0.6463414634146342 0.17755443886097153 0.020637898686679174 0.03350083752093802
0 0.6486866791744841 0.19765494137353434 0.021575984990619138 0.04020100502512563
0 0.6167917448405253 0.20435510887772193 0.019699812382739212 0.04020100502512563
0 0.6730769230769231 0.24958123953098826 0.02345215759849906 0.04690117252931323
0 0.6294559099437148 0.30067001675041877 0.03377110694183865 0.06532663316582915
0 0.7152908067542214 0.2897822445561139 0.025328330206378986 0.06365159128978225
0 0.7059099437148217 0.22445561139028475 0.019699812382739212 0.05025125628140704
0 0.699812382739212 0.17504187604690116 0.016885553470919325 0.038525963149078725
0 0.7171669793621013 0.1658291457286432 0.017823639774859287 0.04020100502512563
0 0.7040337711069419 0.13986599664991625 0.017823639774859287 0.038525963149078725
0 0.7340525328330206 0.11725293132328309 0.01594746716697936 0.03350083752093802
0 0.7303001876172608 0.19765494137353434 0.019699812382739212 0.04690117252931323
0 0.7551594746716698 0.23283082077051925 0.0225140712945591 0.05360134003350084
0 0.7696998123827392 0.25795644891122277 0.027204502814258912 0.05360134003350084
0 0.7659474671669794 0.20100502512562815 0.021575984990619138 0.04690117252931323
0 0.7429643527204502 0.17252931323283083 0.016885553470919325 0.03685092127303183
0 0.7621951219512195 0.1574539363484087 0.017823639774859287 0.04020100502512563
0 0.7617260787992496 0.12395309882747069 0.016885553470919325 0.02680067001675042
0 0.776735459662289 0.13484087102177555 0.016885553470919325 0.038525963149078725
0 0.7964352720450282 0.16080402010050251 0.016885553470919325 0.04355108877721943
0 0.8325515947467167 0.20351758793969849 0.021575984990619138 0.05527638190954774
0 0.8456848030018762 0.14824120603015076 0.01594746716697936 0.038525963149078725
0 0.8320825515947468 0.15159128978224456 0.0150093808630394 0.035175879396984924
0 0.8827392120075047 0.16750418760469013 0.016885553470919325 0.03350083752093802
0 0.8888367729831145 0.1507537688442211 0.014071294559099437 0.03015075376884422
0 0.900093808630394 0.18509212730318259 0.014071294559099437 0.031825795644891124
0 0.8883677298311444 0.20770519262981574 0.016885553470919325 0.04355108877721943
0 0.8419324577861164 0.26884422110552764 0.02345215759849906 0.048576214405360134
0 0.8466228893058161 0.3157453936348409 0.025328330206378986 0.06867671691792294
0 0.9151031894934334 0.254606365159129 0.017823639774859287 0.05025125628140704
0 0.9136960600375235 0.2152428810720268 0.01876172607879925 0.038525963149078725