0 0.18470149253731344 0.4066115702479339 0.04291044776119403 0.07933884297520662
0 0.2775186567164179 0.256198347107438 0.021455223880597014 0.02975206611570248
0 0.28777985074626866 0.27520661157024795 0.021455223880597014 0.04132231404958678
0 0.35774253731343286 0.2611570247933884 0.01585820895522388 0.03305785123966942
0 0.37220149253731344 0.2809917355371901 0.018656716417910446 0.03636363636363636
0 0.37779850746268656 0.23057851239669422 0.016791044776119403 0.02809917355371901
0 0.37033582089552236 0.19669421487603306 0.016791044776119403 0.03305785123966942
0 0.3969216417910448 0.1975206611570248 0.013992537313432836 0.02809917355371901
0 0.4039179104477612 0.16033057851239668 0.014925373134328358 0.026446280991735537
0 0.42723880597014924 0.17768595041322313 0.016791044776119403 0.03140495867768595
0 0.45475746268656714 0.1537190082644628 0.013992537313432836 0.026446280991735537
0 0.470615671641791 0.15702479338842976 0.013992537313432836 0.026446280991735537
0 0.4832089552238806 0.17024793388429751 0.016791044776119403 0.026446280991735537
0 0.45475746268656714 0.18264462809917356 0.01958955223880597 0.03471074380165289
0 0.4468283582089552 0.22975206611570248 0.018656716417910446 0.04297520661157025
0 0.47994402985074625 0.23057851239669422 0.021455223880597014 0.04132231404958678
0 0.5069962686567164 0.17603305785123968 0.017723880597014924 0.03471074380165289
0 0.5163246268656716 0.20082644628099172 0.017723880597014924 0.03471074380165289
0 0.5158582089552238 0.15289256198347106 0.014925373134328358 0.024793388429752067
0 0.5163246268656716 0.12396694214876033 0.012126865671641791 0.026446280991735537
0 0.5354477611940298 0.1305785123966942 0.014925373134328358 0.023140495867768594
0 0.5550373134328358 0.12479338842975207 0.013059701492537313 0.024793388429752067
0 0.5685634328358209 0.13140495867768595 0.013992537313432836 0.024793388429752067
0 0.5620335820895522 0.18016528925619835 0.01585820895522388 0.02975206611570248
0 0.5550373134328358 0.1652892561983471 0.013059701492537313 0.023140495867768594
0 0.5890858208955224 0.13140495867768595 0.013992537313432836 0.03140495867768595
0 0.5988805970149254 0.09669421487603305 0.011194029850746268 0.024793388429752067
0 0.6208022388059702 0.10413223140495868 0.010261194029850746 0.019834710743801654
0 0.6315298507462687 0.10578512396694215 0.011194029850746268 0.019834710743801654
0 0.6105410447761194 0.13305785123966943 0.013992537313432836 0.024793388429752067
0 0.648320895522388 0.11487603305785124 0.013059701492537313 0.021487603305785124
0 0.6473880597014925 0.1371900826446281 0.014925373134328358 0.026446280991735537
0 0.6786380597014925 0.10578512396694215 0.012126865671641791 0.026446280991735537
0 0.7019589552238806 0.10165289256198347 0.012126865671641791 0.024793388429752067
0 0.6875 0.15123966942148762 0.014925373134328358 0.024793388429752067
0 0.6646455223880597 0.17355371900826447 0.017723880597014924 0.02975206611570248
0 0.6231343283582089 0.20578512396694215 0.016791044776119403 0.03471074380165289
0 0.6124067164179104 0.15950413223140497 0.017723880597014924 0.024793388429752067
0 0.5708955223880597 0.16198347107438016 0.014925373134328358 0.023140495867768594
0 0.6277985074626866 0.24710743801652893 0.020522388059701493 0.03801652892561983
0 0.5569029850746269 0.256198347107438 0.018656716417910446 0.03636363636363636
0 0.503731343283582 0.2983471074380165 0.027985074626865673 0.05454545454545454
0 0.5433768656716418 0.32066115702479336 0.025186567164179104 0.04297520661157025
0 0.6208022388059702 0.31983471074380165 0.028917910447761194 0.0512396694214876
0 0.6730410447761194 0.21322314049586777 0.021455223880597014 0.03966942148760331
0 0.7000932835820896 0.1834710743801653 0.021455223880597014 0.03966942148760331
0 0.7276119402985075 0.1628099173553719 0.014925373134328358 0.02809917355371901
0 0.7299440298507462 0.1206611570247934 0.01585820895522388 0.02975206611570248
0 0.7448694029850746 0.13140495867768595 0.013992537313432836 0.03140495867768595
0 0.7709888059701493 0.128099173553719 0.012126865671641791 0.024793388429752067
0 0.7887126865671642 0.14049586776859505 0.013992537313432836 0.02975206611570248
0 0.7290111940298507 0.19669421487603306 0.021455223880597014 0.03966942148760331
0 0.7061567164179104 0.23884297520661157 0.020522388059701493 0.03801652892561983
0 0.6865671641791045 0.3446280991735537 0.029850746268656716 0.05785123966942149
0 0.71875 0.2694214876033058 0.021455223880597014 0.04628099173553719
0 0.7597947761194029 0.21570247933884298 0.01958955223880597 0.04132231404958678
0 0.7765858208955224 0.20330578512396694 0.017723880597014924 0.04297520661157025
0 0.8166977611940298 0.15123966942148762 0.01585820895522388 0.03140495867768595
0 0.8372201492537313 0.13636363636363635 0.01585820895522388 0.03140495867768595
0 0.8684701492537313 0.11735537190082644 0.011194029850746268 0.026446280991735537
0 0.863339552238806 0.14545454545454545 0.013992537313432836 0.026446280991735537
0 0.855410447761194 0.17024793388429751 0.018656716417910446 0.03966942148760331
0 0.8311567164179104 0.19504132231404958 0.020522388059701493 0.04628099173553719
0 0.8143656716417911 0.25702479338842976 0.022388059701492536 0.047933884297520664
0 0.7784514925373134 0.2834710743801653 0.025186567164179104 0.05454545454545454
0 0.7444029850746269 0.38099173553719007 0.029850746268656716 0.07107438016528926
0 0.8064365671641791 0.4099173553719008 0.030783582089552237 0.0628099173553719
0 0.8950559701492538 0.3504132231404959 0.028917910447761194 0.05289256198347107
0 0.847481343283582 0.30330578512396694 0.025186567164179104 0.05454545454545454
0 0.8680037313432836 0.24710743801652893 0.01958955223880597 0.03801652892561983
0 0.8791977611940298 0.20578512396694215 0.017723880597014924 0.03471074380165289
0 0.9244402985074627 0.26611570247933886 0.018656716417910446 0.03966942148760331
0 0.9230410447761194 0.21487603305785125 0.013992537313432836 0.04628099173553719
0 0.8969216417910447 0.17272727272727273 0.017723880597014924 0.03140495867768595
0 0.9309701492537313 0.15867768595041323 0.013059701492537313 0.026446280991735537