0 0.09500805152979067 0.596885813148789 0.05475040257648953 0.12110726643598616
0 0.19444444444444445 0.30017301038062283 0.021739130434782608 0.050173010380622836
0 0.22262479871175522 0.28719723183391005 0.021739130434782608 0.05190311418685121
0 0.2636876006441224 0.2517301038062284 0.020128824476650563 0.04671280276816609
0 0.30434782608695654 0.22404844290657439 0.01932367149758454 0.04325259515570934
0 0.31602254428341386 0.25519031141868515 0.023349436392914653 0.050173010380622836
0 0.3474235104669887 0.21626297577854672 0.018518518518518517 0.04498269896193772
0 0.3691626409017713 0.2690311418685121 0.0249597423510467 0.050173010380622836
0 0.35909822866344604 0.20328719723183392 0.01932367149758454 0.039792387543252594
0 0.38768115942028986 0.19550173010380623 0.020128824476650563 0.04152249134948097
0 0.3856682769726248 0.24653979238754326 0.017713365539452495 0.04325259515570934
0 0.4367954911433172 0.31920415224913495 0.0249597423510467 0.05709342560553633
0 0.4669887278582931 0.25432525951557095 0.02254428341384863 0.058823529411764705
0 0.42391304347826086 0.20847750865051903 0.021739130434782608 0.04671280276816609
0 0.4323671497584541 0.17387543252595156 0.01288244766505636 0.039792387543252594
0 0.4524959742351047 0.1704152249134948 0.01610305958132045 0.0328719723183391
0 0.4883252818035427 0.16349480968858132 0.018518518518518517 0.039792387543252594
0 0.49315619967793883 0.20847750865051903 0.018518518518518517 0.050173010380622836
0 0.5173107890499195 0.17214532871972318 0.018518518518518517 0.04671280276816609
0 0.5491143317230274 0.22491349480968859 0.01932367149758454 0.04498269896193772
0 0.5539452495974235 0.16868512110726644 0.01610305958132045 0.04325259515570934
0 0.5503220611916264 0.14186851211072665 0.015297906602254429 0.03460207612456748
0 0.5752818035426731 0.14013840830449828 0.013687600644122383 0.03806228373702422
0 0.5780998389694042 0.17474048442906576 0.017713365539452495 0.04498269896193772
0 0.5764895330112721 0.20847750865051903 0.014492753623188406 0.039792387543252594
0 0.5998389694041868 0.19636678200692043 0.017713365539452495 0.04671280276816609
0 0.6038647342995169 0.16089965397923875 0.01610305958132045 0.03460207612456748
0 0.5938003220611916 0.12802768166089964 0.015297906602254429 0.03806228373702422
0 0.6195652173913043 0.20761245674740483 0.016908212560386472 0.04844290657439446
0 0.6280193236714976 0.13321799307958476 0.01610305958132045 0.04152249134948097
0 0.6549919484702094 0.18339100346020762 0.016908212560386472 0.03806228373702422
0 0.6525764895330113 0.14878892733564014 0.015297906602254429 0.03460207612456748
0 0.6666666666666666 0.13062283737024222 0.01288244766505636 0.0328719723183391
0 0.6847826086956522 0.1453287197231834 0.016908212560386472 0.03806228373702422
0 0.6859903381642513 0.17387543252595156 0.017713365539452495 0.04325259515570934
0 0.6863929146537843 0.21972318339100347 0.016908212560386472 0.04844290657439446
0 0.6714975845410628 0.23529411764705882 0.01932367149758454 0.05190311418685121
0 0.7081320450885669 0.16782006920415224 0.015297906602254429 0.04498269896193772
0 0.6147342995169082 0.29930795847750863 0.02818035426731079 0.05536332179930796
0 0.5696457326892109 0.3494809688581315 0.02818035426731079 0.06920415224913495
0 0.6034621578099839 0.38494809688581316 0.026570048309178744 0.06401384083044982
0 0.6590177133655395 0.40743944636678203 0.029790660225442835 0.07093425605536333
0 0.7206119162640902 0.4204152249134948 0.02576489533011272 0.07958477508650519
0 0.7274557165861514 0.27162629757785467 0.023349436392914653 0.05536332179930796
0 0.749597423510467 0.29930795847750863 0.01932367149758454 0.04498269896193772
0 0.7971014492753623 0.4662629757785467 0.030595813204508857 0.09169550173010381
0 0.8647342995169082 0.5051903114186851 0.030595813204508857 0.08650519031141868
0 0.8856682769726248 0.41608996539792387 0.024154589371980676 0.07093425605536333
0 0.8611111111111112 0.35034602076124566 0.020128824476650563 0.05363321799307959
0 0.8115942028985508 0.3062283737024221 0.02254428341384863 0.05536332179930796
0 0.7894524959742351 0.2742214532871972 0.020128824476650563 0.05363321799307959
0 0.7391304347826086 0.23961937716262977 0.01932367149758454 0.04671280276816609
0 0.7475845410628019 0.20069204152249134 0.016908212560386472 0.04498269896193772
0 0.7697262479871175 0.1903114186851211 0.01610305958132045 0.04498269896193772
0 0.7987117552334944 0.23269896193771628 0.01610305958132045 0.03633217993079585
0 0.8196457326892109 0.23615916955017302 0.01932367149758454 0.04325259515570934
0 0.8071658615136876 0.1980968858131488 0.016908212560386472 0.039792387543252594
0 0.8417874396135265 0.21885813148788927 0.015297906602254429 0.03633217993079585
0 0.8671497584541062 0.23961937716262977 0.01288244766505636 0.039792387543252594
0 0.8784219001610306 0.23875432525951557 0.01288244766505636 0.04498269896193772
0 0.8977455716586151 0.23529411764705882 0.01610305958132045 0.04152249134948097
0 0.8977455716586151 0.2664359861591695 0.014492753623188406 0.04498269896193772
0 0.8836553945249598 0.2975778546712803 0.018518518518518517 0.05190311418685121
0 0.9202898550724637 0.3468858131487889 0.01932367149758454 0.05709342560553633
0 0.9452495974235104 0.393598615916955 0.024154589371980676 0.07093425605536333
0 0.9492753623188406 0.4930795847750865 0.02254428341384863 0.06920415224913495
0 0.9734299516908212 0.3780276816608997 0.017713365539452495 0.06055363321799308
0 0.9722222222222222 0.33217993079584773 0.015297906602254429 0.04152249134948097
0 0.9782608695652174 0.263840830449827 0.01288244766505636 0.03633217993079585
0 0.9444444444444444 0.2508650519031142 0.01288244766505636 0.04152249134948097
0 0.928341384863124 0.2837370242214533 0.01610305958132045 0.05190311418685121