0 0.20028544243577545 0.45695364238410596 0.05423406279733587 0.09933774834437085
0 0.25832540437678403 0.4246688741721854 0.048525214081826834 0.10430463576158941
0 0.23644148430066603 0.2367549668874172 0.023786869647954328 0.046357615894039736
0 0.3549000951474786 0.2673841059602649 0.019029495718363463 0.04470198675496689
0 0.37345385347288296 0.2582781456953642 0.019980970504281638 0.039735099337748346
0 0.4257849666983825 0.22764900662251655 0.021883920076117985 0.0380794701986755
0 0.4486203615604186 0.22764900662251655 0.019980970504281638 0.041390728476821195
0 0.439581351094196 0.28394039735099336 0.02664129400570885 0.04470198675496689
0 0.5 0.2905629139072848 0.04091341579448145 0.06456953642384106
0 0.45908658420551857 0.18543046357615894 0.01807802093244529 0.03642384105960265
0 0.48239771646051377 0.1912251655629139 0.019029495718363463 0.041390728476821195
0 0.46622264509990485 0.15397350993377484 0.011417697431018078 0.029801324503311258
0 0.47573739295908657 0.14652317880794702 0.013320647002854425 0.028145695364238412
0 0.4838249286393911 0.1597682119205298 0.016175071360608945 0.024834437086092714
0 0.4923882017126546 0.12582781456953643 0.014272121788772598 0.029801324503311258
0 0.5137963843958135 0.0695364238410596 0.009514747859181731 0.023178807947019868
0 0.527592768791627 0.16225165562913907 0.01807802093244529 0.039735099337748346
0 0.5394862036156042 0.1390728476821192 0.015223596574690771 0.033112582781456956
0 0.5670789724072313 0.1498344370860927 0.015223596574690771 0.0347682119205298
0 0.5456707897240723 0.19288079470198677 0.021883920076117985 0.041390728476821195
0 0.5951474785918173 0.1490066225165563 0.016175071360608945 0.039735099337748346
0 0.670313986679353 0.24172185430463577 0.02759276879162702 0.056291390728476824
0 0.7259752616555661 0.28394039735099336 0.030447193149381543 0.057947019867549666
0 0.774500475737393 0.2913907284768212 0.03235014272121789 0.056291390728476824
0 0.69267364414843 0.1630794701986755 0.019029495718363463 0.0380794701986755
0 0.7274024738344433 0.1490066225165563 0.01807802093244529 0.03642384105960265
0 0.7568981921979068 0.058774834437086095 0.016175071360608945 0.0347682119205298
0 0.7478591817316841 0.15894039735099338 0.015223596574690771 0.033112582781456956
0 0.7578496669838249 0.1423841059602649 0.01807802093244529 0.029801324503311258
0 0.7706945765937203 0.17218543046357615 0.017126546146527116 0.04304635761589404
0 0.813035204567079 0.1870860927152318 0.01807802093244529 0.03642384105960265
0 0.8268315889628924 0.12417218543046357 0.015223596574690771 0.03642384105960265
0 0.9148430066603235 0.08112582781456953 0.01807802093244529 0.039735099337748346
0 0.8877259752616555 0.2251655629139073 0.02093244529019981 0.046357615894039736