0 0.08133086876155268 0.5316139767054908 0.06469500924214418 0.1281198003327787
0 0.2601663585951941 0.28452579034941766 0.021256931608133085 0.036605657237936774
0 0.28835489833641403 0.2687188019966722 0.0166358595194085 0.04492512479201331
0 0.3008317929759704 0.26206322795341097 0.019408502772643253 0.04159733777038269
0 0.32162661737523107 0.2753743760399334 0.018484288354898338 0.03826955074875208
0 0.3438077634011091 0.2795341098169717 0.02033271719038817 0.036605657237936774
0 0.39972273567467653 0.2895174708818636 0.024953789279112754 0.05324459234608985
0 0.31515711645101663 0.2237936772046589 0.0166358595194085 0.03826955074875208
0 0.3257855822550832 0.24958402662229617 0.015711645101663587 0.029950083194675542
0 0.3470425138632163 0.22628951747088186 0.019408502772643253 0.033277870216306155
0 0.3733826247689464 0.23294509151414308 0.02033271719038817 0.036605657237936774
0 0.37430683918669133 0.2146422628951747 0.014787430683918669 0.029950083194675542
0 0.3766173752310536 0.19800332778702162 0.012014787430683918 0.02329450915141431
0 0.40850277264325324 0.2271214642262895 0.018484288354898338 0.03161397670549085
0 0.44870609981515713 0.22046589018302828 0.01756007393715342 0.04492512479201331
0 0.4089648798521257 0.17387687188019968 0.015711645101663587 0.03494176372712146
0 0.42190388170055454 0.19051580698835274 0.019408502772643253 0.024958402662229616
0 0.46164510166358597 0.19217970049916805 0.015711645101663587 0.03161397670549085
0 0.48475046210720885 0.1913477537437604 0.02310536044362292 0.03993344425956739
0 0.466728280961183 0.15806988352745424 0.014787430683918669 0.029950083194675542
0 0.4477818853974122 0.15058236272878536 0.015711645101663587 0.028286189683860232
0 0.4801293900184843 0.13643926788685523 0.012014787430683918 0.026622296173044926
0 0.5304990757855823 0.13477537437603992 0.02033271719038817 0.03993344425956739
0 0.5457486136783734 0.15557404326123128 0.01756007393715342 0.03494176372712146
0 0.5651571164510166 0.16555740432612312 0.019408502772643253 0.03826955074875208
0 0.5799445471349353 0.14891846921797006 0.015711645101663587 0.028286189683860232
0 0.5637707948243993 0.10815307820299501 0.0166358595194085 0.026622296173044926
0 0.5841035120147874 0.09816971713810316 0.014787430683918669 0.029950083194675542
0 0.589648798521257 0.11647254575707154 0.012939001848428836 0.026622296173044926
0 0.5864140480591498 0.13227953410981697 0.013863216266173753 0.03161397670549085
0 0.6164510166358595 0.11397670549084858 0.0166358595194085 0.028286189683860232
0 0.6201478743068392 0.09484193011647254 0.014787430683918669 0.029950083194675542
0 0.6353974121996303 0.12396006655574043 0.015711645101663587 0.03161397670549085
0 0.6483364140480592 0.09900166389351081 0.01756007393715342 0.03161397670549085
0 0.6843807763401109 0.10232945091514144 0.013863216266173753 0.03494176372712146
0 0.6649722735674677 0.12229617304492513 0.012014787430683918 0.024958402662229616
0 0.6238447319778189 0.14891846921797006 0.018484288354898338 0.03494176372712146
0 0.532347504621072 0.20382695507487522 0.022181146025878003 0.04492512479201331
0 0.49029574861367836 0.22878535773710482 0.024953789279112754 0.04492512479201331
0 0.488909426987061 0.30948419301164726 0.031423290203327174 0.06988352745424292
0 0.5522181146025879 0.31697171381031614 0.03234750462107209 0.06156405990016639
0 0.6035120147874307 0.32945091514143093 0.033271719038817 0.06655574043261231
0 0.6719038817005545 0.3410981697171381 0.036968576709796676 0.06988352745424292
0 0.5623844731977818 0.2437603993344426 0.02310536044362292 0.048252911813643926
0 0.6021256931608133 0.259567387687188 0.026802218114602587 0.056572379367720464
0 0.5988909426987061 0.19800332778702162 0.02033271719038817 0.04326123128119801
0 0.6404805914972274 0.1805324459234609 0.024029574861367836 0.048252911813643926
0 0.6580406654343808 0.259567387687188 0.024029574861367836 0.056572379367720464
0 0.6575785582255084 0.20632279534109818 0.02310536044362292 0.04658901830282862
0 0.6950092421441775 0.22462562396006655 0.024029574861367836 0.05324459234608985
0 0.7070240295748613 0.28868552412645593 0.027726432532347505 0.051580698835274545
0 0.7754158964879853 0.28868552412645593 0.029574861367837338 0.064891846921797
0 0.7476894639556377 0.22628951747088186 0.025878003696857672 0.06988352745424292
0 0.7393715341959335 0.18136439267886856 0.025878003696857672 0.04658901830282862
0 0.7102587800369686 0.18386023294509152 0.019408502772643253 0.051580698835274545
0 0.6829944547134935 0.15806988352745424 0.025878003696857672 0.04991680532445923
0 0.7195009242144177 0.14226289517470883 0.021256931608133085 0.04159733777038269
0 0.7338262476894639 0.12396006655574043 0.0166358595194085 0.03494176372712146
0 0.7430683918669131 0.12479201331114809 0.014787430683918669 0.033277870216306155
0 0.7652495378927912 0.1264559068219634 0.014787430683918669 0.033277870216306155
0 0.7726432532347505 0.11980033277870217 0.014787430683918669 0.033277870216306155
0 0.7897412199630314 0.13560732113144758 0.013863216266173753 0.03494176372712146
0 0.7962107208872459 0.17470881863560733 0.026802218114602587 0.04991680532445923
0 0.7564695009242144 0.15973377703826955 0.01756007393715342 0.033277870216306155
0 0.8096118299445472 0.24292845257903495 0.027726432532347505 0.04991680532445923
0 0.8193160813308688 0.16722129783693843 0.01756007393715342 0.03826955074875208
0 0.8091497227356746 0.129783693843594 0.015711645101663587 0.033277870216306155
0 0.8290203327171903 0.1480865224625624 0.0166358595194085 0.036605657237936774
0 0.8438077634011091 0.18469217970049917 0.018484288354898338 0.03993344425956739
0 0.8636783733826248 0.22462562396006655 0.02310536044362292 0.05324459234608985
0 0.9214417744916821 0.2878535773710483 0.029574861367837338 0.0632279534109817
0 0.8807763401109058 0.194675540765391 0.02033271719038817 0.04326123128119801
0 0.8595194085027726 0.15973377703826955 0.0166358595194085 0.029950083194675542
0 0.8655268022181146 0.12728785357737105 0.015711645101663587 0.03494176372712146
0 0.8914048059149723 0.13061564059900166 0.012014787430683918 0.03494176372712146
0 0.890018484288355 0.16971713810316139 0.0166358595194085 0.04326123128119801
0 0.9177449168207024 0.20715474209650583 0.018484288354898338 0.04159733777038269
0 0.9205175600739371 0.1805324459234609 0.014787430683918669 0.028286189683860232
0 0.9182070240295749 0.15557404326123128 0.013863216266173753 0.024958402662229616