0 0.35555555555555557 0.21214953271028036 0.016931216931216932 0.03177570093457944
0 0.42857142857142855 0.23551401869158878 0.02328042328042328 0.044859813084112146
0 0.5455026455026455 0.13925233644859814 0.01164021164021164 0.028037383177570093
0 0.47513227513227513 0.30467289719626167 0.02962962962962963 0.059813084112149535
0 0.5338624338624338 0.3233644859813084 0.02433862433862434 0.052336448598130844
0 0.5783068783068783 0.39065420560747666 0.030687830687830688 0.056074766355140186
0 0.6 0.2672897196261682 0.02328042328042328 0.052336448598130844
0 0.7513227513227513 0.3168224299065421 0.02962962962962963 0.04672897196261682
0 0.8365079365079365 0.2850467289719626 0.037037037037037035 0.08785046728971962
0 0.8952380952380953 0.14299065420560747 0.012698412698412698 0.024299065420560748
0 0.9137566137566138 0.15514018691588785 0.01164021164021164 0.029906542056074768