0 0.21501390176088972 0.3067434210526316 0.024096385542168676 0.047697368421052634
0 0.36932344763670066 0.21052631578947367 0.026876737720111215 0.05263157894736842
0 0.3887859128822984 0.19325657894736842 0.015755329008341055 0.03125
0 0.42771084337349397 0.2598684210526316 0.023169601482854494 0.046052631578947366
0 0.4569045412418906 0.22039473684210525 0.018535681186283594 0.03618421052631579
0 0.4721964782205746 0.18996710526315788 0.012048192771084338 0.027960526315789474
0 0.49814643188137164 0.18009868421052633 0.013901760889712697 0.03125
0 0.4907321594068582 0.14720394736842105 0.013901760889712697 0.03125
0 0.48424467099165897 0.1669407894736842 0.010194624652455977 0.024671052631578948
0 0.5315106580166821 0.13075657894736842 0.019462465245597776 0.044407894736842105
0 0.572289156626506 0.12828947368421054 0.012048192771084338 0.019736842105263157
0 0.48748841519925856 0.29769736842105265 0.020389249304911955 0.04276315789473684
0 0.6932344763670065 0.17845394736842105 0.014828544949026877 0.03125
0 0.629286376274328 0.2393092105263158 0.024096385542168676 0.05098684210526316