0 0.18344007319304667 0.32281553398058255 0.03751143641354071 0.06957928802588997
0 0.2566331198536139 0.39805825242718446 0.04483074107959744 0.08090614886731391
0 0.3000914913083257 0.4538834951456311 0.04757548032936871 0.07928802588996764
0 0.2753888380603843 0.23462783171521034 0.020128087831655993 0.045307443365695796
0 0.3060384263494968 0.2297734627831715 0.01738334858188472 0.03559870550161812
0 0.3353156450137237 0.2273462783171521 0.024702653247941447 0.043689320388349516
0 0.348124428179323 0.17313915857605178 0.01738334858188472 0.038834951456310676
0 0.36596523330283626 0.18851132686084143 0.01463860933211345 0.0372168284789644
0 0.37694419030192133 0.22411003236245955 0.023787740164684355 0.040453074433656956
0 0.40759377859103385 0.24919093851132687 0.024702653247941447 0.05501618122977346
0 0.3806038426349497 0.16828478964401294 0.01646843549862763 0.03559870550161812
0 0.41537053979871913 0.20388349514563106 0.023787740164684355 0.042071197411003236
0 0.45288197621225984 0.2022653721682848 0.020128087831655993 0.045307443365695796
0 0.4377859103385178 0.16585760517799353 0.013723696248856358 0.030744336569579287
0 0.4231473010064044 0.15776699029126215 0.013723696248856358 0.0372168284789644
0 0.4684354986276304 0.15048543689320387 0.01646843549862763 0.03559870550161812
0 0.4707227813357731 0.11326860841423948 0.01555352241537054 0.02912621359223301
0 0.48719121683440075 0.1407766990291262 0.01555352241537054 0.032362459546925564
0 0.4807868252516011 0.15048543689320387 0.013723696248856358 0.025889967637540454
0 0.48032936870997256 0.17880258899676377 0.018298261665141813 0.03398058252427184
0 0.5 0.12216828478964402 0.011893870082342177 0.02750809061488673
0 0.5123513266239708 0.15453074433656958 0.01646843549862763 0.040453074433656956
0 0.5219579139981702 0.12702265372168284 0.01555352241537054 0.040453074433656956
0 0.535224153705398 0.1302588996763754 0.012808783165599268 0.030744336569579287
0 0.5516925892040256 0.12702265372168284 0.01463860933211345 0.030744336569579287
0 0.5535224153705398 0.06634304207119741 0.010978956999085087 0.025889967637540454
0 0.596523330283623 0.1610032362459547 0.01646843549862763 0.0372168284789644
0 0.6029277218664227 0.12702265372168284 0.01646843549862763 0.03398058252427184
0 0.6203110704483074 0.11974110032362459 0.012808783165599268 0.02912621359223301
0 0.630832570905764 0.1755663430420712 0.0192131747483989 0.03398058252427184
0 0.6555352241537054 0.13592233009708737 0.01555352241537054 0.03559870550161812
0 0.6710887465690759 0.12540453074433658 0.011893870082342177 0.024271844660194174
0 0.7099725526075022 0.11245954692556634 0.01463860933211345 0.030744336569579287
0 0.6454711802378774 0.10194174757281553 0.011893870082342177 0.02912621359223301
0 0.6253430924062214 0.059870550161812294 0.01738334858188472 0.02912621359223301
0 0.5521500457456542 0.18284789644012944 0.021043000914913082 0.04854368932038835
0 0.5320219579139982 0.17880258899676377 0.0192131747483989 0.043689320388349516
0 0.5494053064958829 0.23220064724919093 0.026532479414455627 0.05663430420711974
0 0.6161939615736505 0.25 0.024702653247941447 0.05339805825242718
0 0.611619396157365 0.220873786407767 0.024702653247941447 0.03398058252427184
0 0.6793229643183898 0.22491909385113268 0.0192131747483989 0.045307443365695796
0 0.7053979871912168 0.26941747572815533 0.027447392497712716 0.05339805825242718
0 0.7118023787740164 0.3187702265372168 0.03476669716376944 0.0744336569579288
0 0.7177493138151876 0.22330097087378642 0.022872827081427266 0.038834951456310676
0 0.722323879231473 0.18527508090614886 0.01555352241537054 0.040453074433656956
0 0.7067703568161025 0.16828478964401294 0.0192131747483989 0.042071197411003236
0 0.7483989021043 0.18770226537216828 0.020128087831655993 0.045307443365695796
0 0.7291857273559011 0.1650485436893204 0.01646843549862763 0.038834951456310676
0 0.7598353156450137 0.24110032362459546 0.026532479414455627 0.05825242718446602
0 0.7849954254345837 0.3058252427184466 0.03110704483074108 0.061488673139158574
0 0.8261665141811528 0.2686084142394822 0.021957913998170174 0.05501618122977346
0 0.9492223238792314 0.3737864077669903 0.04666056724611162 0.0970873786407767
0 0.9071363220494053 0.39158576051779936 0.024702653247941447 0.05825242718446602
0 0.8828911253430924 0.27184466019417475 0.020128087831655993 0.038834951456310676
0 0.934583714547118 0.2645631067961165 0.022872827081427266 0.04692556634304207
0 0.9354986276303752 0.20631067961165048 0.021043000914913082 0.04692556634304207
0 0.9451052150045746 0.1739482200647249 0.01463860933211345 0.0372168284789644
0 0.9103385178408051 0.18284789644012944 0.012808783165599268 0.03559870550161812
0 0.8993595608417201 0.18527508090614886 0.018298261665141813 0.030744336569579287
0 0.9021043000914913 0.20469255663430422 0.01463860933211345 0.0372168284789644
0 0.8641354071363221 0.23058252427184467 0.0192131747483989 0.0372168284789644
0 0.8618481244281794 0.18527508090614886 0.01646843549862763 0.0372168284789644
0 0.8307410795974383 0.19174757281553398 0.018298261665141813 0.03398058252427184
0 0.8417200365965233 0.1593851132686084 0.021957913998170174 0.040453074433656956
0 0.8559011893870082 0.15048543689320387 0.01555352241537054 0.038834951456310676
0 0.8234217749313815 0.07362459546925566 0.018298261665141813 0.03398058252427184
0 0.7968892955169259 0.13754045307443366 0.01463860933211345 0.02912621359223301
0 0.7946020128087832 0.16666666666666666 0.01738334858188472 0.038834951456310676
0 0.7740164684354987 0.1593851132686084 0.01646843549862763 0.030744336569579287
0 0.7900274473924978 0.23624595469255663 0.024702653247941447 0.042071197411003236