0 0.0645910780669145 0.41570247933884297 0.03438661710037175 0.06776859504132231
0 0.25650557620817843 0.2818181818181818 0.01486988847583643 0.02809917355371901
0 0.2783457249070632 0.2834710743801653 0.015799256505576207 0.02809917355371901
0 0.30576208178438663 0.25950413223140495 0.01858736059479554 0.03305785123966942
0 0.34386617100371747 0.2702479338842975 0.016728624535315983 0.03801652892561983
0 0.3141263940520446 0.21818181818181817 0.011152416356877323 0.023140495867768594
0 0.33271375464684017 0.22644628099173553 0.016728624535315983 0.026446280991735537
0 0.3601301115241636 0.21652892561983472 0.012081784386617101 0.026446280991735537
0 0.3736059479553903 0.21818181818181817 0.01486988847583643 0.026446280991735537
0 0.3819702602230483 0.20330578512396694 0.016728624535315983 0.03305785123966942
0 0.40566914498141265 0.23305785123966943 0.019516728624535316 0.03966942148760331
0 0.42657992565055763 0.26611570247933886 0.01858736059479554 0.03636363636363636
0 0.44144981412639406 0.23471074380165288 0.01858736059479554 0.03636363636363636
0 0.46236059479553904 0.22644628099173553 0.017657992565055763 0.03636363636363636
0 0.4093866171003718 0.17024793388429751 0.015799256505576207 0.026446280991735537
0 0.43866171003717475 0.19669421487603306 0.01486988847583643 0.026446280991735537
0 0.46886617100371747 0.18429752066115704 0.012081784386617101 0.02809917355371901
0 0.4516728624535316 0.18099173553719008 0.011152416356877323 0.01818181818181818
0 0.42890334572490707 0.18512396694214875 0.012081784386617101 0.023140495867768594
0 0.4474907063197026 0.1446280991735537 0.013940520446096654 0.024793388429752067
0 0.4679368029739777 0.15041322314049588 0.012081784386617101 0.026446280991735537
0 0.48187732342007433 0.1628099173553719 0.012081784386617101 0.02809917355371901
0 0.4846654275092937 0.12892561983471074 0.012081784386617101 0.026446280991735537
0 0.5074349442379182 0.18429752066115704 0.016728624535315983 0.03140495867768595
0 0.5348513011152416 0.18677685950413223 0.017657992565055763 0.02975206611570248
0 0.537639405204461 0.15537190082644628 0.013940520446096654 0.026446280991735537
0 0.5236988847583643 0.1371900826446281 0.012081784386617101 0.02975206611570248
0 0.5483271375464684 0.14049586776859505 0.013011152416356878 0.03636363636363636
0 0.5715613382899628 0.15867768595041323 0.01486988847583643 0.02975206611570248
0 0.5776022304832714 0.13884297520661157 0.013940520446096654 0.02975206611570248
0 0.5664498141263941 0.10909090909090909 0.010223048327137546 0.019834710743801654
0 0.5813197026022305 0.10165289256198347 0.012081784386617101 0.021487603305785124
0 0.5906133828996283 0.11818181818181818 0.012081784386617101 0.02809917355371901
0 0.6092007434944238 0.1347107438016529 0.013940520446096654 0.024793388429752067
0 0.625 0.11735537190082644 0.010223048327137546 0.023140495867768594
0 0.6236059479553904 0.09834710743801653 0.00929368029739777 0.021487603305785124
0 0.6463754646840149 0.09421487603305785 0.012081784386617101 0.026446280991735537
0 0.6658921933085502 0.11487603305785124 0.012081784386617101 0.024793388429752067
0 0.6835501858736059 0.1 0.012081784386617101 0.02809917355371901
0 0.5371747211895911 0.31157024793388427 0.024163568773234202 0.047933884297520664
0 0.4800185873605948 0.28677685950413223 0.02137546468401487 0.04462809917355372
0 0.5673791821561338 0.2413223140495868 0.019516728624535316 0.04297520661157025
0 0.6026951672862454 0.2528925619834711 0.02137546468401487 0.04628099173553719
0 0.6133828996282528 0.2049586776859504 0.01858736059479554 0.03305785123966942
0 0.6552044609665427 0.2115702479338843 0.01858736059479554 0.04297520661157025
0 0.6463754646840149 0.171900826446281 0.015799256505576207 0.03305785123966942
0 0.6784386617100372 0.15702479338842976 0.016728624535315983 0.03636363636363636
0 0.699814126394052 0.1975206611570248 0.020446096654275093 0.04462809917355372
0 0.7072490706319703 0.171900826446281 0.01486988847583643 0.02975206611570248
0 0.720724907063197 0.1578512396694215 0.015799256505576207 0.03140495867768595
0 0.6631040892193308 0.2553719008264463 0.017657992565055763 0.04132231404958678
0 0.6649628252788105 0.34297520661157027 0.023234200743494422 0.0512396694214876
0 0.5929368029739777 0.343801652892562 0.026022304832713755 0.049586776859504134
0 0.7067843866171004 0.2785123966942149 0.02137546468401487 0.04462809917355372
0 0.7764869888475836 0.2884297520661157 0.023234200743494422 0.04462809917355372
0 0.7699814126394052 0.22479338842975208 0.019516728624535316 0.04297520661157025
0 0.7360594795539034 0.19090909090909092 0.016728624535315983 0.03140495867768595
0 0.7695167286245354 0.15950413223140497 0.011152416356877323 0.021487603305785124
0 0.7346654275092936 0.14380165289256197 0.010223048327137546 0.019834710743801654
0 0.7309479553903345 0.12644628099173555 0.010223048327137546 0.024793388429752067
0 0.7527881040892194 0.10413223140495868 0.011152416356877323 0.026446280991735537
0 0.775092936802974 0.12396694214876033 0.011152416356877323 0.023140495867768594
0 0.7653345724907064 0.128099173553719 0.010223048327137546 0.024793388429752067
0 0.7899628252788105 0.13140495867768595 0.011152416356877323 0.024793388429752067
0 0.8034386617100372 0.12148760330578512 0.012081784386617101 0.02809917355371901
0 0.8243494423791822 0.1396694214876033 0.013011152416356878 0.02809917355371901
0 0.7932156133828996 0.16033057851239668 0.015799256505576207 0.02975206611570248
0 0.8327137546468402 0.1669421487603306 0.013011152416356878 0.02975206611570248
0 0.8406133828996283 0.18429752066115704 0.012081784386617101 0.03140495867768595
0 0.8159851301115242 0.2512396694214876 0.01486988847583643 0.03636363636363636
0 0.8643122676579925 0.22975206611570248 0.013011152416356878 0.03966942148760331
0 0.8852230483271375 0.1925619834710744 0.012081784386617101 0.03140495867768595
0 0.8726765799256505 0.16942148760330578 0.01486988847583643 0.03140495867768595
0 0.8596654275092936 0.12892561983471074 0.011152416356877323 0.023140495867768594
0 0.8605947955390335 0.15867768595041323 0.011152416356877323 0.026446280991735537
0 0.887546468401487 0.128099173553719 0.00929368029739777 0.02809917355371901
0 0.8935873605947955 0.15950413223140497 0.012081784386617101 0.024793388429752067
0 0.9223977695167286 0.20578512396694215 0.013940520446096654 0.03140495867768595
0 0.9172862453531598 0.17603305785123968 0.011152416356877323 0.024793388429752067
0 0.9200743494423792 0.1537190082644628 0.011152416356877323 0.023140495867768594
0 0.9247211895910781 0.26859504132231404 0.01858736059479554 0.047933884297520664