0 0.18454763811048838 0.2826086956521739 0.02642113690952762 0.04628330995792426
0 0.21497197758206565 0.3022440392706872 0.029623698959167333 0.06030855539971949
0 0.22578062449959968 0.22861150070126227 0.02401921537229784 0.04488078541374474
0 0.25500400320256206 0.2335203366058906 0.02642113690952762 0.051893408134642355
0 0.27822257806244993 0.24193548387096775 0.018414731785428344 0.04067321178120617
0 0.31585268214571655 0.22861150070126227 0.024819855884707767 0.05890603085553997
0 0.3434747798238591 0.23422159887798036 0.02722177742193755 0.061711079943899017
0 0.3166533226581265 0.3015427769985975 0.04243394715772618 0.07012622720897616
0 0.35188150520416334 0.42005610098176716 0.045636509207365894 0.07713884992987377
0 0.39511609287429944 0.2496493688639551 0.02802241793434748 0.05329593267882188
0 0.44835868694955966 0.23983169705469845 0.032025620496397116 0.061711079943899017
0 0.44715772618094474 0.2138849929873773 0.02802241793434748 0.06030855539971949
0 0.5456365092073658 0.28330995792426367 0.0344275420336269 0.0785413744740533