0 0.8398247322297955 0.11379310344827587 0.010710808179162609 0.02413793103448276
0 0.8656280428432327 0.12155172413793103 0.007789678675754625 0.02586206896551724
0 0.8524829600778968 0.14224137931034483 0.010710808179162609 0.029310344827586206
0 0.8875365141187926 0.14310344827586208 0.012658227848101266 0.027586206896551724
0 0.9026290165530672 0.1413793103448276 0.009737098344693282 0.02413793103448276
0 0.927458617332035 0.15172413793103448 0.006815968841285297 0.020689655172413793
0 0.9230769230769231 0.19827586206896552 0.01557935735150925 0.03793103448275862
0 0.9294060370009737 0.23017241379310344 0.014605647517039922 0.039655172413793106
0 0.882667964946446 0.18017241379310345 0.016553067185978577 0.039655172413793106
0 0.875365141187926 0.19482758620689655 0.017526777020447908 0.03793103448275862
0 0.8646543330087634 0.2543103448275862 0.019474196689386564 0.039655172413793106
0 0.9133398247322297 0.29224137931034483 0.021421616358325218 0.0603448275862069
0 0.8953261927945472 0.3594827586206897 0.022395326192794548 0.06379310344827586
0 0.8446932814021422 0.29051724137931034 0.02629016553067186 0.06379310344827586
0 0.7935735150925024 0.3629310344827586 0.027263875365141188 0.06379310344827586
0 0.7672833495618305 0.2620689655172414 0.023369036027263874 0.05517241379310345
0 0.7468354430379747 0.33017241379310347 0.029211295034079845 0.06724137931034482
0 0.810126582278481 0.13017241379310346 0.01557935735150925 0.03620689655172414
0 0.817429406037001 0.14396551724137932 0.014605647517039922 0.03620689655172414
0 0.7925998052580331 0.13793103448275862 0.013631937682570594 0.034482758620689655
0 0.8242453748782863 0.19310344827586207 0.014605647517039922 0.04482758620689655
0 0.8076923076923077 0.24051724137931035 0.02044790652385589 0.04655172413793104
0 0.7775073028237586 0.18879310344827585 0.022395326192794548 0.05344827586206897
0 0.737585199610516 0.17672413793103448 0.016553067185978577 0.039655172413793106
0 0.749269717624148 0.21465517241379312 0.02044790652385589 0.05
0 0.7069133398247323 0.22155172413793103 0.017526777020447908 0.04310344827586207
0 0.695715676728335 0.2793103448275862 0.024342745861733205 0.04827586206896552
0 0.6879259980525804 0.30948275862068964 0.03018500486854917 0.06724137931034482
0 0.6923076923076923 0.18362068965517242 0.019474196689386564 0.039655172413793106
0 0.6689386562804285 0.16810344827586207 0.01557935735150925 0.039655172413793106
0 0.6606621226874392 0.20344827586206896 0.018500486854917234 0.04482758620689655
0 0.6893865628042843 0.14482758620689656 0.01557935735150925 0.027586206896551724
0 0.6991236611489776 0.09568965517241379 0.009737098344693282 0.022413793103448276
0 0.6713729308666018 0.10086206896551723 0.010710808179162609 0.022413793103448276
0 0.5929892891918208 0.10172413793103448 0.009737098344693282 0.02413793103448276
0 0.6168451801363194 0.09827586206896552 0.010710808179162609 0.020689655172413793
0 0.6363193768257059 0.10086206896551723 0.010710808179162609 0.022413793103448276
0 0.6528724440116845 0.11379310344827587 0.010710808179162609 0.02413793103448276
0 0.6450827653359299 0.12931034482758622 0.010710808179162609 0.02413793103448276
0 0.6002921129503408 0.14913793103448275 0.012658227848101266 0.02586206896551724
0 0.6085686465433301 0.125 0.011684518013631937 0.022413793103448276
0 0.5545277507302824 0.10948275862068965 0.010710808179162609 0.022413793103448276
0 0.5598831548198637 0.12327586206896551 0.011684518013631937 0.02586206896551724
0 0.572541382667965 0.16034482758620688 0.011684518013631937 0.027586206896551724
0 0.5277507302823758 0.12586206896551724 0.009737098344693282 0.020689655172413793
0 0.5443037974683544 0.16810344827586207 0.013631937682570594 0.029310344827586206
0 0.5189873417721519 0.1629310344827586 0.013631937682570594 0.02586206896551724
0 0.5082765335929893 0.12844827586206897 0.007789678675754625 0.022413793103448276
0 0.47127555988315484 0.1543103448275862 0.011684518013631937 0.029310344827586206
0 0.44936708860759494 0.14913793103448275 0.008763388510223954 0.022413793103448276
0 0.4454722492697176 0.1810344827586207 0.012658227848101266 0.027586206896551724
0 0.443524829600779 0.2206896551724138 0.016553067185978577 0.03793103448275862
0 0.47955209347614414 0.1793103448275862 0.012658227848101266 0.034482758620689655
0 0.48977604673807207 0.1560344827586207 0.013631937682570594 0.029310344827586206
0 0.48831548198636804 0.18879310344827585 0.016553067185978577 0.03620689655172414
0 0.4878286270691334 0.2974137931034483 0.02531645569620253 0.05
0 0.5209347614410905 0.1939655172413793 0.013631937682570594 0.04310344827586207
0 0.5326192794547225 0.32155172413793104 0.02531645569620253 0.05344827586206897
0 0.5593962999026291 0.2560344827586207 0.02044790652385589 0.04655172413793104
0 0.6139240506329114 0.20086206896551725 0.016553067185978577 0.039655172413793106
0 0.6075949367088608 0.31551724137931036 0.023369036027263874 0.05517241379310345
0 0.25413826679649465 0.25862068965517243 0.013631937682570594 0.034482758620689655
0 0.2779941577409932 0.24741379310344827 0.014605647517039922 0.02586206896551724
0 0.32716650438169426 0.20172413793103447 0.01557935735150925 0.03103448275862069
0 0.3617332035053554 0.1896551724137931 0.010710808179162609 0.03103448275862069
0 0.3578383641674781 0.23793103448275862 0.024342745861733205 0.05172413793103448
0 0.38558909444985395 0.2663793103448276 0.013631937682570594 0.03620689655172414
0 0.4070107108081792 0.1810344827586207 0.01557935735150925 0.034482758620689655
0 0.39191820837390456 0.20948275862068966 0.014605647517039922 0.039655172413793106
0 0.38802336903602724 0.19482758620689655 0.014605647517039922 0.034482758620689655