0 0.8715559157212318 0.25137362637362637 0.01053484602917342 0.027472527472527472
0 0.833063209076175 0.25206043956043955 0.011345218800648298 0.028846153846153848
0 0.8452188006482982 0.2657967032967033 0.011345218800648298 0.03159340659340659
0 0.8873581847649918 0.27472527472527475 0.012965964343598054 0.03021978021978022
0 0.8784440842787682 0.3076923076923077 0.011345218800648298 0.03296703296703297
0 0.8646677471636953 0.33035714285714285 0.01620745542949757 0.03159340659340659
0 0.8391410048622366 0.30288461538461536 0.013776337115072933 0.034340659340659344
0 0.8488654781199352 0.3756868131868132 0.02025931928687196 0.05631868131868132
0 0.9019448946515397 0.2967032967032967 0.012965964343598054 0.024725274725274724
0 0.903160453808752 0.3248626373626374 0.018638573743922204 0.03159340659340659
0 0.9246353322528363 0.34684065934065933 0.01620745542949757 0.042582417582417584
0 0.923419773095624 0.30288461538461536 0.013776337115072933 0.03159340659340659
0 0.929902755267423 0.2706043956043956 0.012155591572123177 0.027472527472527472
0 0.8022690437601296 0.24175824175824176 0.014586709886547812 0.03021978021978022
0 0.8063209076175041 0.2760989010989011 0.012965964343598054 0.027472527472527472
0 0.8030794165316045 0.2932692307692308 0.012965964343598054 0.03708791208791209
0 0.9047811993517018 0.4017857142857143 0.018638573743922204 0.050824175824175824
0 0.9120745542949756 0.4498626373626374 0.028363047001620744 0.061813186813186816
0 0.8018638573743923 0.3317307692307692 0.013776337115072933 0.03159340659340659
0 0.8055105348460292 0.3489010989010989 0.019448946515397084 0.046703296703296704
0 0.8383306320907618 0.4416208791208791 0.025121555915721232 0.059065934065934064
0 0.8123987034035657 0.49793956043956045 0.031604538087520256 0.07005494505494506
0 0.7791734197730956 0.4141483516483517 0.028363047001620744 0.05357142857142857
0 0.7751215559157212 0.23763736263736263 0.012155591572123177 0.03021978021978022
0 0.7807941653160454 0.2623626373626374 0.013776337115072933 0.03571428571428571
0 0.7686385737439222 0.2706043956043956 0.013776337115072933 0.03021978021978022
0 0.7398703403565641 0.2348901098901099 0.011345218800648298 0.027472527472527472
0 0.7260940032414911 0.24793956043956045 0.012965964343598054 0.034340659340659344
0 0.6997568881685575 0.24587912087912087 0.013776337115072933 0.03021978021978022
0 0.6892220421393841 0.2967032967032967 0.01539708265802269 0.03571428571428571
0 0.6823338735818476 0.3516483516483517 0.019448946515397084 0.04395604395604396
0 0.7175850891410048 0.3907967032967033 0.02674230145867099 0.05631868131868132
0 0.6555915721231766 0.3543956043956044 0.024311183144246355 0.054945054945054944
0 0.6296596434359806 0.29876373626373626 0.017828200972447326 0.03708791208791209
0 0.6373581847649918 0.24244505494505494 0.012155591572123177 0.0260989010989011
0 0.6665316045380876 0.27129120879120877 0.01539708265802269 0.034340659340659344
0 0.6681523500810372 0.20673076923076922 0.008914100486223663 0.023351648351648352
0 0.6685575364667747 0.22596153846153846 0.011345218800648298 0.0260989010989011
0 0.6790923824959482 0.22321428571428573 0.011345218800648298 0.020604395604395604
0 0.6333063209076175 0.21978021978021978 0.01053484602917342 0.02197802197802198
0 0.5976499189627229 0.2087912087912088 0.008914100486223663 0.024725274725274724
0 0.5996758508914101 0.22046703296703296 0.011345218800648298 0.0260989010989011
0 0.6008914100486223 0.24587912087912087 0.01053484602917342 0.024725274725274724
0 0.5992706645056726 0.32005494505494503 0.02025931928687196 0.046703296703296704
0 0.6292544570502431 0.4532967032967033 0.02674230145867099 0.07142857142857142
0 0.6904376012965965 0.5281593406593407 0.027552674230145867 0.06456043956043957
0 0.589546191247974 0.43475274725274726 0.02674230145867099 0.06456043956043957
0 0.5777957860615883 0.40384615384615385 0.024311183144246355 0.04120879120879121
0 0.5429497568881686 0.39697802197802196 0.022690437601296597 0.057692307692307696
0 0.553484602917342 0.27472527472527475 0.014586709886547812 0.03296703296703297
0 0.5782009724473258 0.2616758241758242 0.012155591572123177 0.028846153846153848
0 0.5810372771474879 0.2342032967032967 0.011345218800648298 0.0260989010989011
0 0.5676661264181524 0.21016483516483517 0.01053484602917342 0.019230769230769232
0 0.5518638573743923 0.2239010989010989 0.011345218800648298 0.027472527472527472
0 0.5384927066450568 0.25 0.012155591572123177 0.03296703296703297
0 0.5356564019448946 0.3482142857142857 0.019448946515397084 0.04807692307692308
0 0.5008103727714749 0.3179945054945055 0.014586709886547812 0.034340659340659344
0 0.5190437601296597 0.27197802197802196 0.013776337115072933 0.03021978021978022
0 0.5056726094003241 0.25686813186813184 0.014586709886547812 0.03296703296703297
0 0.5174230145867099 0.2438186813186813 0.01053484602917342 0.023351648351648352
0 0.476904376012966 0.3901098901098901 0.025121555915721232 0.054945054945054944
0 0.47244732576985415 0.3001373626373626 0.014586709886547812 0.03159340659340659
0 0.47163695299837927 0.25961538461538464 0.012965964343598054 0.024725274725274724
0 0.46353322528363045 0.23763736263736263 0.011345218800648298 0.027472527472527472
0 0.4250405186385737 0.2548076923076923 0.012155591572123177 0.023351648351648352
0 0.4080226904376013 0.29464285714285715 0.013776337115072933 0.03159340659340659
0 0.42098865478119935 0.2850274725274725 0.012155591572123177 0.0260989010989011
0 0.4104538087520259 0.3248626373626374 0.023500810372771474 0.03708791208791209
0 0.4327390599675851 0.30357142857142855 0.014586709886547812 0.03296703296703297
0 0.44246353322528365 0.3241758241758242 0.019448946515397084 0.04120879120879121
0 0.3897893030794165 0.25824175824175827 0.011345218800648298 0.027472527472527472
0 0.3525121555915721 0.29052197802197804 0.014586709886547812 0.028846153846153848
0 0.3334683954619125 0.35233516483516486 0.02025931928687196 0.04532967032967033
0 0.35170178282009723 0.3241758241758242 0.014586709886547812 0.03296703296703297
0 0.3812803889789303 0.3324175824175824 0.017017828200972446 0.038461538461538464
0 0.28646677471636955 0.3008241758241758 0.013776337115072933 0.03021978021978022
0 0.2645867098865478 0.3358516483516483 0.01539708265802269 0.03983516483516483
0 0.27836304700162073 0.36881868131868134 0.013776337115072933 0.03708791208791209
0 0.23014586709886548 0.3331043956043956 0.014586709886547812 0.034340659340659344
0 0.09440842787682334 0.5480769230769231 0.03808752025931929 0.07417582417582418
0 0.7005672609400324 0.2891483516483517 0.013776337115072933 0.034340659340659344
0 0.6458670988654781 0.33722527472527475 0.02106969205834684 0.050824175824175824