0 0.0885518590998043 0.2793103448275862 0.022504892367906065 0.05172413793103448
0 0.2827788649706458 0.2293103448275862 0.019569471624266144 0.03793103448275862
0 0.2945205479452055 0.23103448275862068 0.015655577299412915 0.034482758620689655
0 0.33268101761252444 0.1879310344827586 0.015655577299412915 0.034482758620689655
0 0.35518590998043054 0.19137931034482758 0.015655577299412915 0.034482758620689655
0 0.35812133072407043 0.22844827586206898 0.019569471624266144 0.039655172413793106
0 0.37818003913894327 0.23620689655172414 0.018590998043052837 0.03793103448275862
0 0.3860078277886497 0.17586206896551723 0.012720156555772993 0.03103448275862069
0 0.40557729941291587 0.1706896551724138 0.012720156555772993 0.027586206896551724
0 0.3801369863013699 0.20948275862068966 0.014677103718199608 0.029310344827586206
0 0.41193737769080235 0.2413793103448276 0.01761252446183953 0.03793103448275862
0 0.4261252446183953 0.20172413793103447 0.016634050880626222 0.041379310344827586
0 0.42563600782778865 0.17413793103448275 0.0136986301369863 0.03103448275862069
0 0.4432485322896282 0.16637931034482759 0.0136986301369863 0.029310344827586206
0 0.45939334637964774 0.21293103448275863 0.018590998043052837 0.03620689655172414
0 0.4486301369863014 0.2508620689655172 0.018590998043052837 0.03620689655172414
0 0.4882583170254403 0.15344827586206897 0.011741682974559686 0.03103448275862069
0 0.49902152641878667 0.15775862068965518 0.0136986301369863 0.02586206896551724
0 0.5034246575342466 0.1870689655172414 0.016634050880626222 0.03620689655172414
0 0.5058708414872799 0.13189655172413794 0.011741682974559686 0.022413793103448276
0 0.5210371819960861 0.14482758620689656 0.016634050880626222 0.03103448275862069
0 0.5278864970645792 0.18448275862068966 0.018590998043052837 0.03103448275862069
0 0.541095890410959 0.16120689655172413 0.0136986301369863 0.029310344827586206
0 0.5518590998043053 0.1310344827586207 0.011741682974559686 0.02413793103448276
0 0.5533268101761253 0.14655172413793102 0.016634050880626222 0.027586206896551724
0 0.5601761252446184 0.1870689655172414 0.016634050880626222 0.03620689655172414
0 0.5699608610567515 0.16379310344827586 0.014677103718199608 0.034482758620689655
0 0.5777886497064579 0.14224137931034483 0.012720156555772993 0.029310344827586206
0 0.5954011741682974 0.1396551724137931 0.012720156555772993 0.02413793103448276
0 0.600293542074364 0.15948275862068967 0.016634050880626222 0.029310344827586206
0 0.6081213307240705 0.16551724137931034 0.016634050880626222 0.03103448275862069
0 0.5958904109589042 0.2293103448275862 0.019569471624266144 0.04827586206896552
0 0.6267123287671232 0.2120689655172414 0.018590998043052837 0.041379310344827586
0 0.636986301369863 0.2525862068965517 0.021526418786692758 0.04655172413793104
0 0.6727005870841487 0.18448275862068966 0.014677103718199608 0.034482758620689655
0 0.6457925636007827 0.15862068965517243 0.0136986301369863 0.02413793103448276
0 0.6267123287671232 0.1396551724137931 0.012720156555772993 0.027586206896551724
0 0.6169275929549902 0.12586206896551724 0.012720156555772993 0.020689655172413793
0 0.6110567514677103 0.1267241379310345 0.014677103718199608 0.02586206896551724
0 0.6438356164383562 0.12586206896551724 0.0136986301369863 0.03103448275862069
0 0.6604696673189824 0.11206896551724138 0.011741682974559686 0.02413793103448276
0 0.6658512720156555 0.13017241379310346 0.012720156555772993 0.029310344827586206
0 0.6834637964774951 0.13620689655172413 0.012720156555772993 0.027586206896551724
0 0.6888454011741683 0.11551724137931034 0.011741682974559686 0.02413793103448276
0 0.708904109589041 0.11551724137931034 0.010763209393346379 0.02413793103448276
0 0.7822896281800391 0.13275862068965516 0.010763209393346379 0.02413793103448276
0 0.737279843444227 0.15258620689655172 0.012720156555772993 0.032758620689655175
0 0.7397260273972602 0.17672413793103448 0.01761252446183953 0.03620689655172414
0 0.7191780821917808 0.1879310344827586 0.0136986301369863 0.034482758620689655
0 0.7054794520547946 0.18275862068965518 0.015655577299412915 0.03103448275862069
0 0.6839530332681018 0.22586206896551725 0.019569471624266144 0.03793103448275862
0 0.6937377690802349 0.25775862068965516 0.021526418786692758 0.04655172413793104
0 0.6966731898238747 0.30689655172413793 0.025440313111545987 0.06896551724137931
0 0.7367906066536204 0.23879310344827587 0.01761252446183953 0.04310344827586207
0 0.7700587084148728 0.24482758620689654 0.01761252446183953 0.04482758620689655
0 0.7945205479452054 0.21637931034482757 0.015655577299412915 0.039655172413793106
0 0.797945205479452 0.1724137931034483 0.012720156555772993 0.034482758620689655
0 0.8047945205479452 0.14051724137931035 0.010763209393346379 0.032758620689655175
0 0.8346379647749511 0.1413793103448276 0.011741682974559686 0.03103448275862069
0 0.8346379647749511 0.17586206896551723 0.0136986301369863 0.034482758620689655
0 0.8561643835616438 0.16120689655172413 0.011741682974559686 0.03620689655172414
0 0.8762230919765166 0.16810344827586207 0.014677103718199608 0.032758620689655175
0 0.8679060665362035 0.1939655172413793 0.015655577299412915 0.032758620689655175
0 0.9148727984344422 0.15344827586206897 0.011741682974559686 0.03103448275862069
0 0.9050880626223092 0.1810344827586207 0.015655577299412915 0.03793103448275862
0 0.9525440313111546 0.19741379310344828 0.010763209393346379 0.032758620689655175
0 0.9354207436399217 0.2103448275862069 0.015655577299412915 0.027586206896551724
0 0.9461839530332681 0.22413793103448276 0.0136986301369863 0.03103448275862069
0 0.9241682974559687 0.2560344827586207 0.016634050880626222 0.039655172413793106
0 0.9168297455968689 0.3293103448275862 0.021526418786692758 0.05517241379310345
0 0.8879647749510763 0.2293103448275862 0.016634050880626222 0.03793103448275862
0 0.8957925636007827 0.20862068965517241 0.018590998043052837 0.03103448275862069
0 0.8571428571428571 0.22241379310344828 0.0136986301369863 0.034482758620689655
0 0.8429549902152642 0.22241379310344828 0.016634050880626222 0.034482758620689655
0 0.8199608610567515 0.20517241379310344 0.015655577299412915 0.03103448275862069
0 0.8238747553816047 0.2681034482758621 0.01761252446183953 0.056896551724137934
0 0.7940313111545988 0.296551724137931 0.022504892367906065 0.05517241379310345
0 0.7495107632093934 0.3810344827586207 0.025440313111545987 0.06551724137931035
0 0.7622309197651663 0.1396551724137931 0.0136986301369863 0.034482758620689655
0 0.7558708414872799 0.19741379310344828 0.018590998043052837 0.03620689655172414
0 0.6575342465753424 0.1456896551724138 0.0136986301369863 0.02586206896551724
0 0.33708414872798437 0.22586206896551725 0.014677103718199608 0.03103448275862069
0 0.45499021526418787 0.1939655172413793 0.0136986301369863 0.029310344827586206