0 0.1200836820083682 0.5340425531914894 0.042677824267782424 0.06950354609929078
0 0.2196652719665272 0.3375886524822695 0.019246861924686193 0.03687943262411347
0 0.2510460251046025 0.3617021276595745 0.023430962343096235 0.04539007092198582
0 0.28661087866108786 0.3546099290780142 0.022594142259414227 0.03971631205673759
0 0.31255230125523015 0.3872340425531915 0.02594142259414226 0.0425531914893617
0 0.2769874476987448 0.3148936170212766 0.0200836820083682 0.03687943262411347
0 0.3401673640167364 0.3375886524822695 0.019246861924686193 0.03687943262411347
0 0.3468619246861925 0.29858156028368793 0.017573221757322177 0.029787234042553193
0 0.37698744769874476 0.33687943262411346 0.019246861924686193 0.03546099290780142
0 0.40836820083682007 0.33191489361702126 0.023430962343096235 0.03971631205673759
0 0.402092050209205 0.29645390070921984 0.019246861924686193 0.031205673758865248
0 0.399581589958159 0.27375886524822696 0.017573221757322177 0.028368794326241134
0 0.3861924686192469 0.25886524822695034 0.017573221757322177 0.03546099290780142
0 0.42301255230125523 0.25460992907801416 0.014225941422594143 0.029787234042553193
0 0.4514644351464435 0.3375886524822695 0.024267782426778243 0.0425531914893617
0 0.46317991631799166 0.3120567375886525 0.02092050209205021 0.03687943262411347
0 0.4514644351464435 0.26170212765957446 0.012552301255230125 0.029787234042553193
0 0.4589958158995816 0.2702127659574468 0.015899581589958158 0.029787234042553193
0 0.4602510460251046 0.2404255319148936 0.011715481171548118 0.029787234042553193
0 0.5033472803347281 0.2631205673758865 0.017573221757322177 0.032624113475177303
0 0.5171548117154812 0.27163120567375887 0.018410041841004185 0.029787234042553193
0 0.50418410041841 0.31843971631205675 0.017573221757322177 0.032624113475177303
0 0.5573221757322175 0.27588652482269505 0.021757322175732216 0.04113475177304964
0 0.5489539748953974 0.2425531914893617 0.018410041841004185 0.028368794326241134
0 0.5577405857740586 0.2226950354609929 0.014225941422594143 0.02553191489361702
0 0.5682008368200837 0.23546099290780143 0.016736401673640166 0.031205673758865248
0 0.5736401673640167 0.21347517730496454 0.015899581589958158 0.029787234042553193
0 0.5794979079497908 0.26099290780141843 0.015899581589958158 0.028368794326241134
0 0.602092050209205 0.25177304964539005 0.015899581589958158 0.032624113475177303
0 0.604602510460251 0.22411347517730495 0.014225941422594143 0.028368794326241134
0 0.6104602510460251 0.20212765957446807 0.014225941422594143 0.02695035460992908
0 0.6259414225941422 0.21560283687943263 0.013389121338912133 0.028368794326241134
0 0.6393305439330544 0.21773049645390072 0.01506276150627615 0.02695035460992908
0 0.6364016736401673 0.2475177304964539 0.014225941422594143 0.032624113475177303
0 0.6677824267782427 0.2148936170212766 0.011715481171548118 0.02695035460992908
0 0.6786610878661088 0.22907801418439716 0.016736401673640166 0.029787234042553193
0 0.6707112970711298 0.2815602836879433 0.017573221757322177 0.03829787234042553
0 0.7 0.21631205673758866 0.015899581589958158 0.029787234042553193
0 0.7079497907949791 0.2524822695035461 0.016736401673640166 0.03687943262411347
0 0.5309623430962344 0.37659574468085105 0.03096234309623431 0.0524822695035461
0 0.46234309623430964 0.4134751773049645 0.03430962343096234 0.06382978723404255
0 0.5255230125523013 0.43617021276595747 0.03347280334728033 0.06382978723404255
0 0.5895397489539749 0.4453900709219858 0.03096234309623431 0.06524822695035461
0 0.6384937238493724 0.4581560283687943 0.03682008368200837 0.06808510638297872
0 0.5807531380753138 0.3971631205673759 0.026778242677824266 0.04539007092198582
0 0.600418410041841 0.3312056737588652 0.02092050209205021 0.04964539007092199
0 0.6334728033472803 0.3049645390070922 0.02510460251046025 0.05106382978723404
0 0.6589958158995816 0.3624113475177305 0.027615062761506277 0.04397163120567376
0 0.6405857740585774 0.3567375886524823 0.022594142259414227 0.04397163120567376
0 0.6924686192468619 0.3659574468085106 0.022594142259414227 0.04539007092198582
0 0.6832635983263599 0.3191489361702128 0.019246861924686193 0.03971631205673759
0 0.7142259414225941 0.29716312056737587 0.017573221757322177 0.03829787234042553
0 0.7351464435146443 0.24609929078014184 0.015899581589958158 0.029787234042553193
0 0.7489539748953975 0.24964539007092199 0.016736401673640166 0.03687943262411347
0 0.7661087866108787 0.2574468085106383 0.015899581589958158 0.02695035460992908
0 0.7732217573221757 0.27801418439716313 0.016736401673640166 0.03404255319148936
0 0.7815899581589958 0.2631205673758865 0.01506276150627615 0.032624113475177303
0 0.7686192468619247 0.22482269503546098 0.014225941422594143 0.03546099290780142
0 0.7853556485355648 0.23900709219858157 0.015899581589958158 0.029787234042553193
0 0.8142259414225942 0.2397163120567376 0.018410041841004185 0.031205673758865248
0 0.8246861924686193 0.29858156028368793 0.017573221757322177 0.03829787234042553
0 0.8246861924686193 0.3375886524822695 0.019246861924686193 0.03971631205673759
0 0.8133891213389122 0.3567375886524823 0.0200836820083682 0.05531914893617021
0 0.7769874476987447 0.4375886524822695 0.029288702928870293 0.05531914893617021
0 0.7213389121338912 0.40283687943262414 0.028451882845188285 0.05390070921985816
0 0.697489539748954 0.5425531914893617 0.042677824267782424 0.08085106382978724
0 0.8263598326359832 0.5113475177304965 0.03430962343096234 0.075177304964539
0 0.8560669456066946 0.45177304964539006 0.035146443514644354 0.06666666666666667
0 0.9213389121338912 0.48014184397163123 0.0401673640167364 0.06666666666666667
0 0.8656903765690377 0.3702127659574468 0.02594142259414226 0.059574468085106386
0 0.8552301255230126 0.3283687943262411 0.018410041841004185 0.03829787234042553
0 0.8753138075313808 0.3304964539007092 0.0200836820083682 0.0425531914893617
0 0.8937238493723849 0.3333333333333333 0.016736401673640166 0.04539007092198582
0 0.9142259414225942 0.33617021276595743 0.017573221757322177 0.0425531914893617
0 0.9355648535564853 0.3624113475177305 0.0200836820083682 0.04964539007092199
0 0.9326359832635983 0.31347517730496455 0.017573221757322177 0.03687943262411347
0 0.9389121338912134 0.3021276595744681 0.013389121338912133 0.028368794326241134
0 0.9430962343096234 0.28085106382978725 0.016736401673640166 0.028368794326241134
0 0.8987447698744769 0.2723404255319149 0.01506276150627615 0.03404255319148936
0 0.8569037656903765 0.28085106382978725 0.016736401673640166 0.03687943262411347
0 0.8468619246861925 0.250354609929078 0.01506276150627615 0.032624113475177303
0 0.8686192468619247 0.27092198581560284 0.013389121338912133 0.03404255319148936
0 0.8845188284518829 0.25886524822695034 0.01506276150627615 0.03546099290780142