0 0.07984031936127745 0.2760416666666667 0.02594810379241517 0.052083333333333336
0 0.29241516966067865 0.2387152777777778 0.017964071856287425 0.03298611111111111
0 0.28542914171656686 0.2230902777777778 0.017964071856287425 0.03993055555555555
0 0.33532934131736525 0.19010416666666666 0.017964071856287425 0.03993055555555555
0 0.3567864271457086 0.19444444444444445 0.018962075848303395 0.03819444444444445
0 0.3592814371257485 0.2222222222222222 0.017964071856287425 0.03819444444444445
0 0.38273453093812376 0.2361111111111111 0.022954091816367265 0.04513888888888889
0 0.3388223552894212 0.2265625 0.018962075848303395 0.036458333333333336
0 0.38273453093812376 0.1996527777777778 0.014970059880239521 0.03819444444444445
0 0.39820359281437123 0.2065972222222222 0.015968063872255488 0.034722222222222224
0 0.38872255489021956 0.171875 0.016966067864271458 0.034722222222222224
0 0.40818363273453095 0.1701388888888889 0.011976047904191617 0.034722222222222224
0 0.42714570858283435 0.20225694444444445 0.015968063872255488 0.036458333333333336
0 0.4111776447105788 0.2404513888888889 0.02594810379241517 0.043402777777777776
0 0.4496007984031936 0.2456597222222222 0.022954091816367265 0.050347222222222224
0 0.4500998003992016 0.20052083333333334 0.01996007984031936 0.03993055555555555
0 0.46956087824351295 0.20225694444444445 0.020958083832335328 0.043402777777777776
0 0.4311377245508982 0.15885416666666666 0.015968063872255488 0.029513888888888888
0 0.4535928143712575 0.1597222222222222 0.018962075848303395 0.03819444444444445
0 0.49001996007984033 0.1362847222222222 0.011976047904191617 0.026041666666666668
0 0.49251497005988026 0.1484375 0.012974051896207584 0.026041666666666668
0 0.5014970059880239 0.15364583333333334 0.014970059880239521 0.026041666666666668
0 0.5059880239520959 0.18489583333333334 0.01996007984031936 0.036458333333333336
0 0.530439121756487 0.1779513888888889 0.020958083832335328 0.036458333333333336
0 0.5174650698602794 0.1501736111111111 0.014970059880239521 0.029513888888888888
0 0.5094810379241517 0.1328125 0.012974051896207584 0.026041666666666668
0 0.5284431137724551 0.13541666666666666 0.012974051896207584 0.020833333333333332
0 0.5558882235528942 0.1267361111111111 0.015968063872255488 0.024305555555555556
0 0.5608782435129741 0.13975694444444445 0.013972055888223553 0.026041666666666668
0 0.5748502994011976 0.1597222222222222 0.013972055888223553 0.03125
0 0.5653692614770459 0.1831597222222222 0.016966067864271458 0.043402777777777776
0 0.5434131736526946 0.15885416666666666 0.016966067864271458 0.036458333333333336
0 0.5843313373253493 0.14149305555555555 0.014970059880239521 0.03298611111111111
0 0.6002994011976048 0.13802083333333334 0.012974051896207584 0.029513888888888888
0 0.6132734530938124 0.1657986111111111 0.014970059880239521 0.036458333333333336
0 0.6147704590818364 0.125 0.00998003992015968 0.024305555555555556
0 0.6212574850299402 0.12586805555555555 0.012974051896207584 0.026041666666666668
0 0.6327345309381237 0.1362847222222222 0.013972055888223553 0.03298611111111111
0 0.6477045908183633 0.1232638888888889 0.015968063872255488 0.034722222222222224
0 0.6711576846307385 0.12152777777777778 0.012974051896207584 0.024305555555555556
0 0.6651696606786427 0.10850694444444445 0.010978043912175649 0.019097222222222224
0 0.6911177644710579 0.1328125 0.012974051896207584 0.03298611111111111
0 0.6936127744510978 0.11024305555555555 0.00998003992015968 0.026041666666666668
0 0.7030938123752495 0.12586805555555555 0.012974051896207584 0.026041666666666668
0 0.7155688622754491 0.11631944444444445 0.013972055888223553 0.03125
0 0.6761477045908184 0.18489583333333334 0.018962075848303395 0.036458333333333336
0 0.6631736526946108 0.1440972222222222 0.012974051896207584 0.024305555555555556
0 0.6501996007984032 0.15625 0.014970059880239521 0.03125
0 0.6007984031936128 0.22743055555555555 0.02594810379241517 0.04861111111111111
0 0.6312375249500998 0.20833333333333334 0.0249500998003992 0.04861111111111111
0 0.6477045908183633 0.24913194444444445 0.02594810379241517 0.05381944444444445
0 0.7005988023952096 0.2586805555555556 0.02594810379241517 0.052083333333333336
0 0.6906187624750499 0.2230902777777778 0.021956087824351298 0.050347222222222224
0 0.7120758483033932 0.18229166666666666 0.016966067864271458 0.041666666666666664
0 0.7255489021956087 0.1840277777777778 0.015968063872255488 0.03819444444444445
0 0.7470059880239521 0.17708333333333334 0.018962075848303395 0.03819444444444445
0 0.7075848303393214 0.3237847222222222 0.033932135728542916 0.078125
0 0.7594810379241517 0.3793402777777778 0.031936127744510975 0.06770833333333333
0 0.8053892215568862 0.296875 0.027944111776447105 0.0625
0 0.7789421157684631 0.25 0.02694610778443114 0.0625
0 0.7425149700598802 0.24131944444444445 0.021956087824351298 0.052083333333333336
0 0.7654690618762475 0.19618055555555555 0.021956087824351298 0.041666666666666664
0 0.7440119760479041 0.15104166666666666 0.016966067864271458 0.03125
0 0.7714570858283433 0.13541666666666666 0.013972055888223553 0.03125
0 0.7924151696606786 0.13541666666666666 0.013972055888223553 0.027777777777777776
0 0.7994011976047904 0.1467013888888889 0.011976047904191617 0.026041666666666668
0 0.8043912175648703 0.1684027777777778 0.011976047904191617 0.027777777777777776
0 0.8093812375249501 0.20572916666666666 0.017964071856287425 0.03993055555555555
0 0.8278443113772455 0.2013888888888889 0.016966067864271458 0.03819444444444445
0 0.8527944111776448 0.22135416666666666 0.020958083832335328 0.043402777777777776
0 0.8388223552894212 0.2638888888888889 0.022954091816367265 0.059027777777777776
0 0.8692614770459082 0.22916666666666666 0.015968063872255488 0.03819444444444445
0 0.842814371257485 0.1762152777777778 0.014970059880239521 0.036458333333333336
0 0.81187624750499 0.140625 0.014970059880239521 0.03125
0 0.8363273453093812 0.14583333333333334 0.011976047904191617 0.03125
0 0.8488023952095808 0.15625 0.014970059880239521 0.034722222222222224
0 0.8677644710578842 0.1545138888888889 0.014970059880239521 0.034722222222222224
0 0.8872255489021956 0.1640625 0.015968063872255488 0.03993055555555555
0 0.8797405189620758 0.1892361111111111 0.014970059880239521 0.03819444444444445
0 0.9006986027944112 0.2300347222222222 0.018962075848303395 0.03993055555555555
0 0.909181636726547 0.21006944444444445 0.015968063872255488 0.041666666666666664
0 0.9146706586826348 0.1892361111111111 0.016966067864271458 0.03125
0 0.9251497005988024 0.15538194444444445 0.011976047904191617 0.03993055555555555
0 0.9620758483033932 0.18489583333333334 0.013972055888223553 0.043402777777777776
0 0.9500998003992016 0.2065972222222222 0.015968063872255488 0.041666666666666664
0 0.9560878243512974 0.2326388888888889 0.017964071856287425 0.041666666666666664
0 0.9356287425149701 0.2612847222222222 0.022954091816367265 0.050347222222222224
0 0.9256487025948104 0.3211805555555556 0.03093812375249501 0.0625