0 0.29838709677419356 0.16637630662020905 0.016129032258064516 0.029616724738675958
0 0.35685483870967744 0.15331010452961671 0.018145161290322582 0.03832752613240418
0 0.40725806451612906 0.23693379790940766 0.03024193548387097 0.0627177700348432
0 0.43850806451612906 0.171602787456446 0.02620967741935484 0.05749128919860627
0 0.4879032258064516 0.18292682926829268 0.028225806451612902 0.059233449477351915
0 0.5448588709677419 0.19425087108013936 0.023185483870967742 0.036585365853658534
0 0.6441532258064516 0.16289198606271776 0.024193548387096774 0.05749128919860627
0 0.6930443548387096 0.2073170731707317 0.021169354838709676 0.04529616724738676
0 0.6214717741935484 0.19599303135888502 0.021169354838709676 0.050522648083623695
0 0.7550403225806451 0.2761324041811847 0.02217741935483871 0.05400696864111498
0 0.78125 0.2770034843205575 0.02217741935483871 0.041811846689895474
0 0.8442540322580645 0.25435540069686413 0.021169354838709676 0.05226480836236934
0 0.8598790322580645 0.2926829268292683 0.028225806451612902 0.07317073170731707
0 0.920866935483871 0.25609756097560976 0.03528225806451613 0.0627177700348432
0 0.9495967741935484 0.3336236933797909 0.04032258064516129 0.078397212543554