0 0.2 0.36701208981001726 0.036893203883495145 0.07426597582037997
0 0.308252427184466 0.2374784110535406 0.020388349514563107 0.039723661485319514
0 0.32038834951456313 0.21243523316062177 0.017475728155339806 0.027633851468048358
0 0.34951456310679613 0.18048359240069084 0.015533980582524271 0.03281519861830743
0 0.3616504854368932 0.19516407599309155 0.014563106796116505 0.03454231433506045
0 0.4092233009708738 0.22452504317789293 0.018446601941747572 0.03454231433506045
0 0.43106796116504853 0.18652849740932642 0.015533980582524271 0.027633851468048358
0 0.4116504854368932 0.17098445595854922 0.015533980582524271 0.03454231433506045
0 0.4529126213592233 0.19084628670120898 0.01650485436893204 0.03626943005181347
0 0.4650485436893204 0.22797927461139897 0.021359223300970873 0.037996545768566495
0 0.45097087378640777 0.15544041450777202 0.014563106796116505 0.031088082901554404
0 0.4679611650485437 0.13989637305699482 0.013592233009708738 0.031088082901554404
0 0.47524271844660193 0.16407599309153714 0.01650485436893204 0.027633851468048358
0 0.5024271844660194 0.16062176165803108 0.01650485436893204 0.031088082901554404
0 0.4961165048543689 0.13903281519861832 0.011650485436893204 0.02936096718480138
0 0.5082524271844661 0.14162348877374784 0.01262135922330097 0.031088082901554404
0 0.5466019417475728 0.18393782383419688 0.019417475728155338 0.039723661485319514
0 0.5572815533980583 0.19516407599309155 0.017475728155339806 0.03454231433506045
0 0.5300970873786408 0.13298791018998274 0.011650485436893204 0.027633851468048358
0 0.537864077669903 0.1381692573402418 0.011650485436893204 0.02072538860103627
0 0.5485436893203883 0.14507772020725387 0.011650485436893204 0.024179620034542316
0 0.5674757281553398 0.15284974093264247 0.01650485436893204 0.03281519861830743
0 0.5859223300970874 0.18307426597582038 0.018446601941747572 0.037996545768566495
0 0.5907766990291262 0.15198618307426598 0.01650485436893204 0.037996545768566495
0 0.5907766990291262 0.1226252158894646 0.01262135922330097 0.031088082901554404
0 0.5995145631067961 0.13212435233160622 0.01262135922330097 0.02936096718480138
0 0.6121359223300971 0.10880829015544041 0.014563106796116505 0.031088082901554404
0 0.6300970873786408 0.14335060449050085 0.015533980582524271 0.03454231433506045
0 0.6368932038834951 0.12867012089810018 0.015533980582524271 0.02936096718480138
0 0.6660194174757281 0.1303972366148532 0.009708737864077669 0.02936096718480138
0 0.6728155339805825 0.12003454231433507 0.011650485436893204 0.025906735751295335
0 0.6864077669902913 0.12953367875647667 0.009708737864077669 0.024179620034542316
0 0.7 0.12867012089810018 0.013592233009708738 0.022452504317789293
0 0.49029126213592233 0.32556131260794474 0.031067961165048542 0.05699481865284974
0 0.5635922330097087 0.3221070811744387 0.02815533980582524 0.06390328151986183
0 0.591747572815534 0.31519861830742657 0.03203883495145631 0.06390328151986183
0 0.5810679611650486 0.2659758203799655 0.024271844660194174 0.05181347150259067
0 0.625242718446602 0.23488773747841105 0.021359223300970873 0.04835924006908463
0 0.6325242718446602 0.18393782383419688 0.01650485436893204 0.02936096718480138
0 0.6466019417475728 0.2651122625215889 0.02330097087378641 0.04317789291882556
0 0.65 0.16234887737478412 0.01650485436893204 0.031088082901554404
0 0.6679611650485436 0.19343696027633853 0.021359223300970873 0.04145077720207254
0 0.6786407766990291 0.22107081174438686 0.019417475728155338 0.04145077720207254
0 0.666504854368932 0.31519861830742657 0.020388349514563107 0.04317789291882556
0 0.6975728155339805 0.32124352331606215 0.030097087378640777 0.0690846286701209
0 0.7266990291262136 0.23661485319516407 0.02233009708737864 0.04145077720207254
0 0.7097087378640776 0.18134715025906736 0.017475728155339806 0.03454231433506045
0 0.7364077669902913 0.18825561312607944 0.018446601941747572 0.04145077720207254
0 0.7548543689320388 0.16234887737478412 0.014563106796116505 0.03454231433506045
0 0.7674757281553398 0.19170984455958548 0.018446601941747572 0.04145077720207254
0 0.7529126213592233 0.08981001727115717 0.014563106796116505 0.03454231433506045
0 0.7941747572815534 0.18911917098445596 0.017475728155339806 0.03626943005181347
0 0.7747572815533981 0.16753022452504318 0.013592233009708738 0.03454231433506045
0 0.7432038834951457 0.1614853195164076 0.014563106796116505 0.02936096718480138
0 0.8029126213592233 0.21675302245250433 0.015533980582524271 0.039723661485319514
0 0.8174757281553398 0.2504317789291883 0.021359223300970873 0.044905008635578586
0 0.7810679611650485 0.30397236614853196 0.02621359223300971 0.055267702936096716
0 0.8004854368932038 0.3704663212435233 0.03203883495145631 0.07772020725388601
0 0.8519417475728155 0.37392055267702934 0.02815533980582524 0.0535405872193437
0 0.9029126213592233 0.4265975820379965 0.03300970873786408 0.0690846286701209
0 0.8271844660194175 0.22452504317789293 0.019417475728155338 0.037996545768566495
0 0.8174757281553398 0.20120898100172713 0.013592233009708738 0.03626943005181347
0 0.8276699029126213 0.1848013816925734 0.01262135922330097 0.027633851468048358
0 0.8475728155339806 0.19775474956822106 0.019417475728155338 0.039723661485319514
0 0.8684466019417476 0.21934369602763384 0.020388349514563107 0.04145077720207254
0 0.8669902912621359 0.18307426597582038 0.015533980582524271 0.027633851468048358
0 0.8766990291262136 0.17271157167530224 0.011650485436893204 0.024179620034542316
0 0.8733009708737864 0.153713298791019 0.010679611650485437 0.02072538860103627
0 0.8805825242718447 0.20466321243523317 0.015533980582524271 0.03281519861830743
0 0.8883495145631068 0.23834196891191708 0.017475728155339806 0.04835924006908463
0 0.866504854368932 0.28411053540587217 0.02621359223300971 0.05699481865284974
0 0.9169902912621359 0.33592400690846286 0.02233009708737864 0.039723661485319514
0 0.9242718446601942 0.25302245250431776 0.019417475728155338 0.039723661485319514
0 0.9383495145631068 0.21934369602763384 0.01262135922330097 0.031088082901554404
0 0.9402912621359223 0.19170984455958548 0.01262135922330097 0.027633851468048358
0 0.9194174757281554 0.17875647668393782 0.013592233009708738 0.03281519861830743