0 0.0908 0.49633967789165445 0.052 0.10834553440702782
0 0.2584 0.22767203513909223 0.0176 0.048316251830161056
0 0.3008 0.2144948755490483 0.0192 0.03953147877013177
0 0.3204 0.18887262079062958 0.02 0.040995607613469986
0 0.338 0.20863836017569545 0.0248 0.04538799414348463
0 0.3588 0.19326500732064422 0.0216 0.043923865300146414
0 0.3716 0.24158125915080528 0.0232 0.043923865300146414
0 0.4048 0.20863836017569545 0.0192 0.03367496339677892
0 0.3704 0.17496339677891654 0.0192 0.03074670571010249
0 0.4148 0.1581259150805271 0.0168 0.032210834553440704
0 0.4368 0.16764275256222547 0.0176 0.036603221083455345
0 0.4396 0.2664714494875549 0.0216 0.04978038067349927
0 0.4808 0.212298682284041 0.0256 0.04685212298682284
0 0.4964 0.18740849194729137 0.0184 0.040995607613469986
0 0.532 0.19326500732064422 0.0208 0.040995607613469986
0 0.48 0.15300146412884333 0.0192 0.036603221083455345
0 0.4596 0.1478770131771596 0.0152 0.03513909224011713
0 0.4756 0.13323572474377746 0.0152 0.02635431918008785
0 0.5016 0.13469985358711567 0.0128 0.029282576866764276
0 0.5352 0.14641288433382138 0.0192 0.03513909224011713
0 0.5608 0.14421669106881405 0.016 0.036603221083455345
0 0.56 0.1171303074670571 0.0144 0.02635431918008785
0 0.5804 0.12664714494875548 0.0184 0.03074670571010249
0 0.6 0.10761346998535871 0.016 0.03074670571010249
0 0.6092 0.15666178623718888 0.0152 0.032210834553440704
0 0.6228 0.16691068814055637 0.0168 0.03806734992679356
0 0.6184 0.13616398243045388 0.0176 0.032210834553440704
0 0.6388 0.11493411420204978 0.0168 0.03367496339677892
0 0.6484 0.12518301610541727 0.0168 0.036603221083455345
0 0.656 0.16471449487554904 0.016 0.027818448023426062
0 0.6856 0.14421669106881405 0.016 0.03367496339677892
0 0.69 0.11786237188872621 0.0152 0.03074670571010249
0 0.7196 0.1376281112737921 0.0152 0.032210834553440704
0 0.5648 0.3118594436310395 0.0272 0.05856515373352855
0 0.6116 0.33528550512445093 0.0312 0.055636896046852125
0 0.6172 0.25841874084919475 0.0264 0.05710102489019034
0 0.662 0.22913616398243045 0.0248 0.05124450951683748
0 0.7204 0.18740849194729137 0.02 0.03806734992679356
0 0.7208 0.23645680819912152 0.0208 0.05417276720351391
0 0.7508 0.2027818448023426 0.02 0.03953147877013177
0 0.742 0.17935578330893118 0.0168 0.03367496339677892
0 0.7592 0.1705710102489019 0.0144 0.03367496339677892
0 0.7872 0.15226939970717424 0.0192 0.040995607613469986
0 0.8108 0.17423133235724744 0.0152 0.040995607613469986
0 0.8312 0.19765739385065886 0.016 0.03513909224011713
0 0.8012 0.2240117130307467 0.0184 0.040995607613469986
0 0.7756 0.19692532942898974 0.0152 0.036603221083455345
0 0.7684 0.24816983894582723 0.02 0.0424597364568082
0 0.662 0.35505124450951686 0.0296 0.0629575402635432
0 0.7376 0.37774524158125916 0.0288 0.06442166910688141
0 0.7872 0.4011713030746706 0.032 0.07906295754026355
0 0.8628 0.45241581259150804 0.0328 0.07320644216691069
0 0.89 0.37701317715959004 0.0264 0.06881405563689605
0 0.8612 0.3074670571010249 0.0216 0.04685212298682284
0 0.8184 0.26500732064421667 0.0224 0.055636896046852125
0 0.8708 0.20571010248901903 0.0152 0.03953147877013177
0 0.8816 0.20644216691068815 0.016 0.032210834553440704
0 0.8956 0.24377745241581258 0.0168 0.04538799414348463
0 0.9064 0.2225475841874085 0.0144 0.03806734992679356
0 0.9128 0.20644216691068815 0.016 0.03806734992679356
0 0.9256 0.30380673499267935 0.0192 0.05417276720351391
0 0.9452 0.3323572474377745 0.0232 0.055636896046852125
0 0.9536 0.404099560761347 0.0272 0.07320644216691069
0 0.9808 0.32650073206442165 0.0192 0.043923865300146414
0 0.9836 0.2840409956076135 0.0152 0.040995607613469986
0 0.9788 0.2591508052708638 0.0152 0.03806734992679356
0 0.9824 0.22547584187408493 0.0144 0.029282576866764276
0 0.9468 0.20937042459736457 0.02 0.04685212298682284
0 0.942 0.24084919472913616 0.0152 0.03953147877013177