0 0.3127358490566038 0.22758037225042302 0.016037735849056604 0.032148900169204735
0 0.3278301886792453 0.22081218274111675 0.017924528301886792 0.038917089678511
0 0.3410377358490566 0.24111675126903553 0.01981132075471698 0.04230118443316413
0 0.37169811320754714 0.23688663282571912 0.020754716981132074 0.04060913705583756
0 0.3915094339622642 0.2766497461928934 0.02830188679245283 0.05922165820642978
0 0.360377358490566 0.3003384094754653 0.022641509433962263 0.04568527918781726
0 0.35188679245283017 0.2140439932318105 0.018867924528301886 0.038917089678511
0 0.3632075471698113 0.1895093062605753 0.020754716981132074 0.030456852791878174
0 0.38207547169811323 0.19120135363790186 0.018867924528301886 0.03722504230118443
0 0.4047169811320755 0.19289340101522842 0.018867924528301886 0.03722504230118443
0 0.39764150943396226 0.21742808798646363 0.01981132075471698 0.038917089678511
0 0.46226415094339623 0.233502538071066 0.024528301886792454 0.05414551607445008
0 0.45047169811320753 0.17681895093062605 0.02169811320754717 0.049069373942470386
0 0.49056603773584906 0.19204737732656516 0.016981132075471698 0.038917089678511
0 0.4721698113207547 0.19373942470389172 0.016037735849056604 0.03553299492385787
0 0.4891509433962264 0.1548223350253807 0.017924528301886792 0.03553299492385787
0 0.5061320754716981 0.1649746192893401 0.02358490566037736 0.04230118443316413
0 0.5462264150943397 0.1598984771573604 0.018867924528301886 0.04568527918781726
0 0.5599056603773584 0.11844331641285956 0.016037735849056604 0.03722504230118443
0 0.5863207547169811 0.15905245346869712 0.017924528301886792 0.03722504230118443
0 0.6415094339622641 0.10744500846023688 0.013207547169811321 0.032148900169204735
0 0.6688679245283019 0.10998307952622674 0.016981132075471698 0.03722504230118443
0 0.7165094339622642 0.07614213197969544 0.02358490566037736 0.04060913705583756
0 0.5018867924528302 0.2910321489001692 0.03207547169811321 0.06091370558375635
0 0.5707547169811321 0.2952622673434856 0.03207547169811321 0.06937394247038917
0 0.5990566037735849 0.25380710659898476 0.03018867924528302 0.06429780033840947
0 0.6245283018867924 0.20642978003384094 0.024528301886792454 0.04060913705583756
0 0.6523584905660378 0.18274111675126903 0.02358490566037736 0.05414551607445008
0 0.6636792452830189 0.1988155668358714 0.01981132075471698 0.04568527918781726
0 0.6891509433962264 0.15397631133671744 0.017924528301886792 0.0338409475465313
0 0.6674528301886793 0.2614213197969543 0.029245283018867925 0.06937394247038917
0 0.6419811320754717 0.32148900169204736 0.0330188679245283 0.07106598984771574
0 0.7127358490566038 0.2715736040609137 0.02547169811320755 0.05922165820642978
0 0.7037735849056603 0.21912013536379019 0.020754716981132074 0.04568527918781726
0 0.7471698113207547 0.1793570219966159 0.024528301886792454 0.043993231810490696
0 0.7716981132075472 0.2098138747884941 0.024528301886792454 0.05752961082910321
0 0.7726415094339623 0.15905245346869712 0.018867924528301886 0.047377326565143825
0 0.7783018867924528 0.2749576988155668 0.03018867924528302 0.05922165820642978
0 0.8452830188679246 0.3240270727580372 0.024528301886792454 0.05922165820642978
0 0.8632075471698113 0.25380710659898476 0.026415094339622643 0.05752961082910321
0 0.9165094339622641 0.28510998307952623 0.027358490566037737 0.05922165820642978
0 0.9235849056603773 0.22927241962774958 0.024528301886792454 0.049069373942470386