0 0.4404216315307058 0.2124600638977636 0.017415215398716773 0.04153354632587859
0 0.45875343721356554 0.2268370607028754 0.017415215398716773 0.04153354632587859
0 0.6718606782768103 0.1269968051118211 0.010999083409715857 0.027156549520766772
0 0.6365719523373052 0.14696485623003194 0.011915673693858845 0.03514376996805112
0 0.6516956920256646 0.15175718849840256 0.01466544454628781 0.022364217252396165
0 0.7538955087076077 0.152555910543131 0.015582034830430797 0.020766773162939296
0 0.7722273143904674 0.1573482428115016 0.013748854262144821 0.027156549520766772
0 0.8735105407882676 0.19249201277955272 0.012832263978001834 0.027156549520766772
0 0.9422548120989918 0.20607028753993611 0.01466544454628781 0.03514376996805112
0 0.8267644362969753 0.26198083067092653 0.01833180568285976 0.04472843450479233
0 0.8936755270394133 0.22603833865814696 0.016498625114573784 0.03354632587859425
0 0.8923006416131989 0.26198083067092653 0.01924839596700275 0.03194888178913738
0 0.9216315307057745 0.2539936102236422 0.017415215398716773 0.038338658146964855
0 0.611365719523373 0.11661341853035144 0.012832263978001834 0.025559105431309903