0 0.1092436974789916 0.5562913907284768 0.05788982259570495 0.10596026490066225
0 0.2511671335200747 0.26903973509933776 0.01680672268907563 0.0380794701986755
0 0.2707749766573296 0.2764900662251656 0.02054154995331466 0.039735099337748346
0 0.2992530345471522 0.271523178807947 0.0196078431372549 0.03642384105960265
0 0.34780578898225956 0.26986754966887416 0.021475256769374416 0.039735099337748346
0 0.3739495798319328 0.2706953642384106 0.0196078431372549 0.041390728476821195
0 0.3902894491129785 0.2947019867549669 0.026143790849673203 0.04966887417218543
0 0.3067226890756303 0.2359271523178808 0.0196078431372549 0.0347682119205298
0 0.3300653594771242 0.23427152317880795 0.0196078431372549 0.0380794701986755
0 0.35294117647058826 0.23344370860927152 0.02054154995331466 0.039735099337748346
0 0.38095238095238093 0.22847682119205298 0.018674136321195144 0.039735099337748346
0 0.4341736694677871 0.2541390728476821 0.022408963585434174 0.04470198675496689
0 0.37628384687208216 0.18460264900662252 0.013071895424836602 0.03145695364238411
0 0.38562091503267976 0.19536423841059603 0.014939309056956116 0.029801324503311258
0 0.4178338001867414 0.19701986754966888 0.015873015873015872 0.033112582781456956
0 0.44164332399626516 0.19701986754966888 0.018674136321195144 0.033112582781456956
0 0.44164332399626516 0.17549668874172186 0.01680672268907563 0.029801324503311258
0 0.4710550887021475 0.23509933774834438 0.021475256769374416 0.046357615894039736
0 0.4822595704948646 0.20281456953642385 0.021475256769374416 0.041390728476821195
0 0.4598506069094304 0.15314569536423842 0.015873015873015872 0.03145695364238411
0 0.47945845004668536 0.14321192052980133 0.014005602240896359 0.028145695364238412
0 0.507469654528478 0.17466887417218543 0.017740429505135387 0.03145695364238411
0 0.534547152194211 0.18874172185430463 0.017740429505135387 0.039735099337748346
0 0.5298786181139122 0.17301324503311258 0.015873015873015872 0.03145695364238411
0 0.5592903828197946 0.15149006622516556 0.013071895424836602 0.028145695364238412
0 0.5630252100840336 0.12417218543046357 0.013071895424836602 0.029801324503311258
0 0.5929038281979458 0.12582781456953643 0.011204481792717087 0.029801324503311258
0 0.6134453781512605 0.12417218543046357 0.013071895424836602 0.029801324503311258
0 0.5938375350140056 0.1490066225165563 0.013071895424836602 0.033112582781456956
0 0.569094304388422 0.18211920529801323 0.017740429505135387 0.039735099337748346
0 0.5756302521008403 0.2185430463576159 0.0196078431372549 0.04966887417218543
0 0.6176470588235294 0.14735099337748345 0.014005602240896359 0.033112582781456956
0 0.6325863678804855 0.14155629139072848 0.014005602240896359 0.0347682119205298
0 0.6708683473389355 0.125 0.015873015873015872 0.028145695364238412
0 0.6802054154995332 0.16142384105960264 0.015873015873015872 0.041390728476821195
0 0.719421101774043 0.1390728476821192 0.014005602240896359 0.03642384105960265
0 0.7544351073762838 0.14321192052980133 0.014939309056956116 0.03145695364238411
0 0.7549019607843137 0.1316225165562914 0.015873015873015872 0.028145695364238412
0 0.7679738562091504 0.16142384105960264 0.017740429505135387 0.0347682119205298
0 0.7866479925303455 0.1564569536423841 0.014005602240896359 0.0380794701986755
0 0.7969187675070029 0.18129139072847683 0.0196078431372549 0.041390728476821195
0 0.830999066293184 0.15728476821192053 0.01680672268907563 0.029801324503311258
0 0.8464052287581699 0.16390728476821192 0.017740429505135387 0.039735099337748346
0 0.8921568627450981 0.16639072847682118 0.015873015873015872 0.03145695364238411
0 0.8907563025210085 0.15811258278145696 0.014939309056956116 0.03145695364238411
0 0.8431372549019608 0.1945364238410596 0.018674136321195144 0.04470198675496689
0 0.8837535014005602 0.19288079470198677 0.017740429505135387 0.048013245033112585
0 0.9056956115779645 0.2392384105960265 0.018674136321195144 0.048013245033112585
0 0.9267040149393091 0.26241721854304634 0.02334267040149393 0.057947019867549666
0 0.8464052287581699 0.24172185430463577 0.025210084033613446 0.059602649006622516
0 0.84593837535014 0.2947019867549669 0.028011204481792718 0.059602649006622516
0 0.7740429505135388 0.20612582781456953 0.02054154995331466 0.048013245033112585
0 0.7553688141923436 0.23427152317880795 0.026143790849673203 0.054635761589403975
0 0.7712418300653595 0.27483443708609273 0.028011204481792718 0.06291390728476821
0 0.7133520074696545 0.27897350993377484 0.022408963585434174 0.06456953642384106
0 0.6671335200746965 0.2640728476821192 0.02334267040149393 0.057947019867549666
0 0.6097105508870215 0.26903973509933776 0.026143790849673203 0.057947019867549666
0 0.6171802054154996 0.2996688741721854 0.028011204481792718 0.056291390728476824
0 0.5812324929971989 0.29304635761589404 0.02707749766573296 0.056291390728476824
0 0.6218487394957983 0.21109271523178808 0.02054154995331466 0.041390728476821195
0 0.6671335200746965 0.22185430463576158 0.02334267040149393 0.04966887417218543
0 0.7002801120448179 0.2326158940397351 0.026143790849673203 0.054635761589403975
0 0.7049486461251168 0.19039735099337748 0.018674136321195144 0.04304635761589404
0 0.726890756302521 0.20612582781456953 0.0196078431372549 0.048013245033112585
0 0.5028011204481793 0.29304635761589404 0.028944911297852476 0.056291390728476824