0 0.4451219512195122 0.25133689839572193 0.028455284552845527 0.053475935828877004
0 0.5320121951219512 0.20499108734402852 0.019308943089430895 0.035650623885918005
0 0.5899390243902439 0.17647058823529413 0.013211382113821139 0.0285204991087344
0 0.6128048780487805 0.20588235294117646 0.018292682926829267 0.040998217468805706
0 0.6524390243902439 0.2620320855614973 0.018292682926829267 0.04634581105169341
0 0.663109756097561 0.22727272727272727 0.017276422764227643 0.0374331550802139
0 0.6773373983739838 0.20855614973262032 0.01524390243902439 0.0285204991087344
0 0.717479674796748 0.21301247771836007 0.018292682926829267 0.0374331550802139
0 0.733739837398374 0.21301247771836007 0.018292682926829267 0.030303030303030304
0 0.7642276422764228 0.23707664884135474 0.02032520325203252 0.0392156862745098
0 0.8048780487804879 0.25757575757575757 0.018292682926829267 0.0374331550802139
0 0.733739837398374 0.2789661319073084 0.018292682926829267 0.044563279857397504
0 0.7311991869918699 0.34581105169340465 0.021341463414634148 0.06060606060606061
0 0.8145325203252033 0.3868092691622103 0.023373983739837397 0.06060606060606061
0 0.9070121951219512 0.45454545454545453 0.02540650406504065 0.06060606060606061