0 0.08446215139442231 0.5525451559934319 0.05258964143426295 0.11658456486042693
0 0.2250996015936255 0.26354679802955666 0.018326693227091632 0.04433497536945813
0 0.23745019920318725 0.26108374384236455 0.01752988047808765 0.052545155993431854
0 0.27808764940239045 0.2348111658456486 0.020717131474103586 0.04597701149425287
0 0.30597609561752986 0.2348111658456486 0.019123505976095617 0.03940886699507389
0 0.3111553784860558 0.20607553366174056 0.0199203187250996 0.03776683087027915
0 0.33745019920318725 0.2233169129720854 0.0199203187250996 0.04926108374384237
0 0.37171314741035855 0.26108374384236455 0.02151394422310757 0.059113300492610835
0 0.35258964143426297 0.20525451559934318 0.016733067729083666 0.0361247947454844
0 0.3637450199203187 0.18719211822660098 0.016733067729083666 0.03284072249589491
0 0.41394422310756973 0.17405582922824303 0.015139442231075698 0.0361247947454844
0 0.3944223107569721 0.24055829228243022 0.01593625498007968 0.03776683087027915
0 0.42868525896414345 0.30623973727422005 0.022310756972111555 0.05747126436781609
0 0.43306772908366536 0.18472906403940886 0.016733067729083666 0.041050903119868636
0 0.42470119521912353 0.1592775041050903 0.012749003984063745 0.029556650246305417
0 0.45577689243027886 0.1625615763546798 0.012749003984063745 0.03284072249589491
0 0.4745019920318725 0.16995073891625614 0.016733067729083666 0.04433497536945813
0 0.4681274900398406 0.23973727422003285 0.0199203187250996 0.04926108374384237
0 0.49721115537848604 0.2044334975369458 0.019123505976095617 0.041050903119868636
0 0.4956175298804781 0.14532019704433496 0.014342629482071713 0.034482758620689655
0 0.5147410358565737 0.16666666666666666 0.019123505976095617 0.04433497536945813
0 0.5250996015936255 0.1568144499178982 0.01593625498007968 0.041050903119868636
0 0.550597609561753 0.21428571428571427 0.01593625498007968 0.047619047619047616
0 0.5741035856573705 0.1921182266009852 0.016733067729083666 0.04926108374384237
0 0.5557768924302788 0.1592775041050903 0.016733067729083666 0.0361247947454844
0 0.5545816733067729 0.13218390804597702 0.014342629482071713 0.034482758620689655
0 0.5776892430278885 0.13382594417077176 0.014342629482071713 0.034482758620689655
0 0.5964143426294821 0.13054187192118227 0.016733067729083666 0.041050903119868636
0 0.6051792828685258 0.14203612479474548 0.013545816733067729 0.027914614121510674
0 0.6099601593625498 0.1625615763546798 0.013545816733067729 0.03284072249589491
0 0.6119521912350597 0.18883415435139572 0.01593625498007968 0.042692939244663386
0 0.6569721115537849 0.17733990147783252 0.013545816733067729 0.0361247947454844
0 0.6525896414342629 0.14614121510673234 0.012749003984063745 0.03284072249589491
0 0.6314741035856574 0.12315270935960591 0.015139442231075698 0.0361247947454844
0 0.650199203187251 0.1174055829228243 0.012749003984063745 0.031198686371100164
0 0.6852589641434262 0.14942528735632185 0.012749003984063745 0.0361247947454844
0 0.6904382470119522 0.13464696223316913 0.01195219123505976 0.03284072249589491
0 0.7091633466135459 0.15024630541871922 0.01593625498007968 0.041050903119868636
0 0.5745019920318725 0.32676518883415434 0.022310756972111555 0.059113300492610835
0 0.5940239043824701 0.3645320197044335 0.026294820717131476 0.06896551724137931
0 0.6079681274900398 0.28407224958949095 0.027091633466135457 0.06239737274220033
0 0.6581673306772908 0.2438423645320197 0.02549800796812749 0.054187192118226604
0 0.6565737051792828 0.40558292282430214 0.028685258964143426 0.06896551724137931
0 0.7195219123505976 0.39983579638752054 0.027091633466135457 0.07060755336617405
0 0.6952191235059761 0.20935960591133004 0.0199203187250996 0.054187192118226604
0 0.7111553784860558 0.26929392446633826 0.023107569721115537 0.06568144499178982
0 0.7398406374501992 0.22495894909688013 0.018326693227091632 0.04926108374384237
0 0.7529880478087649 0.2733990147783251 0.01752988047808765 0.047619047619047616
0 0.7960159362549801 0.44991789819376027 0.028685258964143426 0.07881773399014778
0 0.850996015936255 0.48932676518883417 0.028685258964143426 0.09195402298850575
0 0.8752988047808765 0.3949096880131363 0.023107569721115537 0.07389162561576355
0 0.8609561752988047 0.3366174055829228 0.023107569721115537 0.05582922824302135
0 0.798804780876494 0.3070607553366174 0.024701195219123506 0.059113300492610835
0 0.7928286852589641 0.23645320197044334 0.01752988047808765 0.052545155993431854
0 0.7760956175298804 0.21018062397372742 0.014342629482071713 0.03940886699507389
0 0.7541832669322709 0.19704433497536947 0.015139442231075698 0.03940886699507389
0 0.7705179282868526 0.17898193760262726 0.011155378486055778 0.026272577996715927
0 0.7673306772908367 0.1986863711001642 0.012749003984063745 0.03284072249589491
0 0.8067729083665338 0.18719211822660098 0.013545816733067729 0.03940886699507389
0 0.8143426294820717 0.22742200328407225 0.01752988047808765 0.04433497536945813
0 0.8685258964143426 0.2315270935960591 0.01752988047808765 0.042692939244663386
0 0.9015936254980079 0.22249589490968802 0.016733067729083666 0.04433497536945813
0 0.8972111553784861 0.2512315270935961 0.014342629482071713 0.03940886699507389
0 0.8868525896414342 0.2742200328407225 0.019123505976095617 0.052545155993431854
0 0.9247011952191235 0.3390804597701149 0.0199203187250996 0.047619047619047616
0 0.9454183266932271 0.36863711001642036 0.02151394422310757 0.05747126436781609
0 0.9482071713147411 0.43596059113300495 0.02549800796812749 0.08374384236453201
0 0.9725099601593625 0.35960591133004927 0.02151394422310757 0.05582922824302135
0 0.9685258964143426 0.3103448275862069 0.015139442231075698 0.042692939244663386
0 0.9796812749003984 0.25287356321839083 0.015139442231075698 0.0361247947454844
0 0.9254980079681275 0.2602627257799672 0.015139442231075698 0.04433497536945813
0 0.9466135458167331 0.23973727422003285 0.014342629482071713 0.03940886699507389