0 0.18360864040660738 0.25 0.029224904701397714 0.04751131221719457
0 0.2655654383735705 0.22737556561085973 0.022871664548919948 0.042986425339366516
0 0.30813214739517153 0.20927601809954752 0.026683608640406607 0.05203619909502263
0 0.32592121982210925 0.2171945701357466 0.026683608640406607 0.05429864253393665
0 0.33735705209656924 0.18778280542986425 0.0241423125794155 0.04524886877828054
0 0.34942820838627703 0.26018099547511314 0.03303684879288437 0.07239819004524888
0 0.38881829733163914 0.20927601809954752 0.025412960609911054 0.05203619909502263
0 0.3900889453621347 0.167420814479638 0.02795425667090216 0.05429864253393665
0 0.4269377382465057 0.18552036199095023 0.02795425667090216 0.049773755656108594
0 0.4809402795425667 0.17647058823529413 0.021601016518424398 0.05429864253393665
0 0.5514612452350699 0.20135746606334842 0.03303684879288437 0.06334841628959276
0 0.6188055908513341 0.25 0.03811944091486658 0.06561085972850679