0 0.1034618410700236 0.5429362880886427 0.05114083398898505 0.10249307479224377
0 0.2155782848151062 0.3490304709141274 0.014162077104642014 0.0332409972299169
0 0.2549173878835563 0.3448753462603878 0.015735641227380016 0.04155124653739612
0 0.2844217151848938 0.30678670360110805 0.014948859166011016 0.03462603878116344
0 0.2808811959087333 0.3628808864265928 0.01730920535011802 0.0443213296398892
0 0.3269079464988198 0.3621883656509695 0.024390243902439025 0.04847645429362881
0 0.35169158143194335 0.29570637119113574 0.01730920535011802 0.03462603878116344
0 0.3859166011014949 0.25554016620498615 0.010228166797797011 0.029085872576177285
0 0.35247836349331235 0.32825484764542934 0.015735641227380016 0.030470914127423823
0 0.3772619984264359 0.3317174515235457 0.014948859166011016 0.04016620498614958
0 0.4000786782061369 0.30055401662049863 0.01809598741148702 0.030470914127423823
0 0.4071597167584579 0.33102493074792244 0.016522423288749016 0.036011080332409975
0 0.4295830055074744 0.3047091412742382 0.01888276947285602 0.0332409972299169
0 0.4339103068450039 0.3414127423822715 0.021243115656963022 0.03185595567867036
0 0.4205350118017309 0.2569252077562327 0.011801730920535013 0.023545706371191136
0 0.44177812745869394 0.25 0.011801730920535013 0.02077562326869806
0 0.4563335955940205 0.2389196675900277 0.011014948859166011 0.02631578947368421
0 0.45751376868607396 0.3137119113573407 0.016522423288749016 0.023545706371191136
0 0.493705743509048 0.25346260387811637 0.010228166797797011 0.027700831024930747
0 0.5035405192761605 0.23961218836565096 0.014162077104642014 0.027700831024930747
0 0.551927616050354 0.2188365650969529 0.010228166797797011 0.024930747922437674
0 0.524390243902439 0.2590027700831025 0.016522423288749016 0.0332409972299169
0 0.503933910306845 0.3095567867036011 0.01809598741148702 0.03185595567867036
0 0.45200629425649097 0.40443213296398894 0.02753737214791503 0.04155124653739612
0 0.53147128245476 0.3975069252077562 0.024390243902439025 0.04986149584487535
0 0.5381589299763966 0.29916897506925205 0.014162077104642014 0.0332409972299169
0 0.5609756097560976 0.25069252077562326 0.012588512981904013 0.027700831024930747
0 0.5971675845790716 0.21121883656509696 0.011014948859166011 0.023545706371191136
0 0.6132966168371361 0.21121883656509696 0.011801730920535013 0.02631578947368421
0 0.6215578284815106 0.2562326869806094 0.014162077104642014 0.030470914127423823
0 0.5712037765538945 0.24722991689750692 0.012588512981904013 0.023545706371191136
0 0.5830055074744296 0.3268698060941828 0.020456333595594022 0.036011080332409975
0 0.5924468922108576 0.42174515235457066 0.02675059008654603 0.054016620498614956
0 0.6317859952793077 0.33240997229916897 0.01888276947285602 0.030470914127423823
0 0.6184107002360346 0.29570637119113574 0.014162077104642014 0.03185595567867036
0 0.6428009441384737 0.22091412742382271 0.014162077104642014 0.023545706371191136
0 0.6490952006294256 0.23268698060941828 0.012588512981904013 0.027700831024930747
0 0.6640440597954367 0.23199445983379502 0.014162077104642014 0.029085872576177285
0 0.6506687647521636 0.27146814404432135 0.01730920535011802 0.027700831024930747
0 0.6904012588512982 0.25069252077562326 0.013375295043273014 0.0332409972299169
0 0.6699449252557041 0.34418282548476453 0.01966955153422502 0.04293628808864266
0 0.6404405979543666 0.3850415512465374 0.025177025963808025 0.060941828254847646
0 0.6475216365066876 0.43490304709141275 0.023603461841070025 0.05817174515235457
0 0.6880409126671911 0.5131578947368421 0.03383162863886703 0.07340720221606649
0 0.7167584579071598 0.3912742382271468 0.023603461841070025 0.054016620498614956
0 0.7096774193548387 0.26662049861495846 0.014162077104642014 0.03185595567867036
0 0.7265932336742722 0.23199445983379502 0.013375295043273014 0.029085872576177285
0 0.7466561762391818 0.27770083102493076 0.011014948859166011 0.02631578947368421
0 0.7537372147915028 0.2631578947368421 0.014162077104642014 0.030470914127423823
0 0.7549173878835562 0.23753462603878117 0.013375295043273014 0.03185595567867036
0 0.7828481510621558 0.24653739612188366 0.011014948859166011 0.036011080332409975
0 0.7934697088906373 0.30401662049861494 0.013375295043273014 0.04016620498614958
0 0.8135326514555468 0.2562326869806094 0.012588512981904013 0.027700831024930747
0 0.8453973249409913 0.25346260387811637 0.011801730920535013 0.024930747922437674
0 0.8332022029897719 0.27354570637119113 0.014162077104642014 0.03462603878116344
0 0.8284815106215578 0.30817174515235457 0.012588512981904013 0.03185595567867036
0 0.7875688434303698 0.35941828254847646 0.01888276947285602 0.05124653739612189
0 0.7576711250983478 0.4134349030470914 0.022029897718332022 0.054016620498614956
0 0.8033044846577498 0.49584487534626037 0.03147128245476003 0.06925207756232687
0 0.8166797797010228 0.43490304709141275 0.022029897718332022 0.05263157894736842
0 0.8312352478363493 0.38573407202216065 0.014948859166011016 0.045706371191135735
0 0.8438237608182534 0.3448753462603878 0.01809598741148702 0.04155124653739612
0 0.8642800944138473 0.33518005540166207 0.014948859166011016 0.04155124653739612
0 0.8666404405979544 0.28254847645429365 0.013375295043273014 0.0332409972299169
0 0.9067663257277734 0.2693905817174515 0.011801730920535013 0.023545706371191136
0 0.8768686073957513 0.4466759002770083 0.022816679779701022 0.05955678670360111
0 0.8863099921321794 0.39196675900277006 0.016522423288749016 0.04155124653739612
0 0.8973249409913454 0.360803324099723 0.016522423288749016 0.03185595567867036
0 0.8969315499606609 0.3317174515235457 0.014162077104642014 0.02077562326869806
0 0.7025963808025177 0.28878116343490307 0.011014948859166011 0.03462603878116344
0 0.45594020456333595 0.27631578947368424 0.016522423288749016 0.02631578947368421
0 0.5613690007867821 0.20914127423822715 0.011801730920535013 0.024930747922437674
0 0.9051927616050354 0.3074792243767313 0.00865460267505901 0.027700831024930747
0 0.8918174665617624 0.31301939058171746 0.013375295043273014 0.027700831024930747
0 0.5224232887490166 0.36772853185595566 0.022029897718332022 0.04847645429362881
0 0.5861526357199056 0.22714681440443213 0.012588512981904013 0.0221606648199446
0 0.7183320220298978 0.2513850415512465 0.014162077104642014 0.037396121883656507