0 0.1257005604483587 0.48452883263009844 0.0544435548438751 0.09423347398030943
0 0.21697357886309046 0.3509142053445851 0.020816653322658127 0.0379746835443038
0 0.2634107285828663 0.3291139240506329 0.02401921537229784 0.04219409282700422
0 0.2930344275420336 0.34177215189873417 0.02401921537229784 0.03938115330520394
0 0.32986389111289033 0.34739803094233473 0.025620496397117692 0.03656821378340366
0 0.28422738190552443 0.29465541490857944 0.02241793434747798 0.035161744022503515
0 0.3514811849479584 0.31645569620253167 0.017614091273018415 0.030942334739803096
0 0.355484387510008 0.2812939521800281 0.016012810248198558 0.030942334739803096
0 0.3791032826261009 0.319971870604782 0.018414731785428344 0.029535864978902954
0 0.3967173738991193 0.23066104078762306 0.01521216973578863 0.030942334739803096
0 0.40512409927942356 0.25316455696202533 0.017614091273018415 0.030942334739803096
0 0.4035228182546037 0.2869198312236287 0.017614091273018415 0.02812939521800281
0 0.4031224979983987 0.31926863572433195 0.021617293835068056 0.03375527426160337
0 0.4347477982385909 0.28973277074542897 0.01921537229783827 0.030942334739803096
0 0.4435548438751001 0.2510548523206751 0.012810248198558846 0.02390998593530239
0 0.4399519615692554 0.2369901547116737 0.010408326661329063 0.02390998593530239
0 0.4615692554043235 0.23066104078762306 0.01521216973578863 0.030942334739803096
0 0.4567654123298639 0.26371308016877637 0.01521216973578863 0.026722925457102673
0 0.46837469975980783 0.2967651195499297 0.017614091273018415 0.030942334739803096
0 0.4479583666933547 0.3227848101265823 0.02321857485988791 0.0379746835443038
0 0.49039231385108084 0.37341772151898733 0.021617293835068056 0.052039381153305204
0 0.47918334667734186 0.2841068917018284 0.018414731785428344 0.03656821378340366
0 0.511208967173739 0.23980309423347398 0.013610888710968775 0.026722925457102673
0 0.5244195356285029 0.26019690576652604 0.016012810248198558 0.03656821378340366
0 0.5396317053642914 0.2390998593530239 0.017614091273018415 0.03375527426160337
0 0.5496397117694155 0.21729957805907174 0.013610888710968775 0.029535864978902954
0 0.5640512409927942 0.20182841068917018 0.016813450760608487 0.02390998593530239
0 0.5920736589271417 0.2158931082981716 0.010408326661329063 0.02390998593530239
0 0.6016813450760609 0.19127988748241911 0.013610888710968775 0.02812939521800281
0 0.6160928742994396 0.19760900140646975 0.01200960768614892 0.026722925457102673
0 0.5752602081665332 0.24120956399437413 0.01521216973578863 0.029535864978902954
0 0.5704563650920736 0.229957805907173 0.013610888710968775 0.026722925457102673
0 0.5900720576461169 0.24120956399437413 0.014411529223378704 0.03234880450070324
0 0.5516413130504404 0.2651195499296765 0.017614091273018415 0.03234880450070324
0 0.5280224179343475 0.3389592123769339 0.021617293835068056 0.04219409282700422
0 0.5024019215372297 0.3241912798874824 0.02321857485988791 0.046413502109704644
0 0.5928742994395516 0.3136427566807314 0.024819855884707767 0.04781997187060478
0 0.6216973578863091 0.2890295358649789 0.02321857485988791 0.0379746835443038
0 0.6329063250600481 0.23839662447257384 0.018414731785428344 0.03234880450070324
0 0.6537229783827062 0.20464135021097046 0.01200960768614892 0.02390998593530239
0 0.6613290632506005 0.21729957805907174 0.01120896717373899 0.029535864978902954
0 0.6729383506805444 0.21448663853727146 0.013610888710968775 0.029535864978902954
0 0.666533226581265 0.2517580872011252 0.01521216973578863 0.03375527426160337
0 0.6437149719775821 0.32137834036568214 0.020816653322658127 0.0379746835443038
0 0.5380304243394716 0.3909985935302391 0.02722177742193755 0.05063291139240506
0 0.578462770216173 0.39451476793248946 0.021617293835068056 0.035161744022503515
0 0.5788630904723779 0.43319268635724334 0.03042433947157726 0.07313642756680731
0 0.6353082465972778 0.4479606188466948 0.0344275420336269 0.06891701828410689
0 0.6501200960768615 0.3748241912798875 0.02722177742193755 0.06047819971870605
0 0.6933546837469976 0.23558368495077356 0.017614091273018415 0.035161744022503515
0 0.72337870296237 0.20956399437412096 0.013610888710968775 0.02812939521800281
0 0.7245796637309848 0.2468354430379747 0.016012810248198558 0.040787623066104076
0 0.7137710168134508 0.2749648382559775 0.016813450760608487 0.035161744022503515
0 0.6857485988791033 0.3361462728551336 0.021617293835068056 0.0450070323488045
0 0.6681345076060848 0.3129395218002813 0.021617293835068056 0.0379746835443038
0 0.7293835068054444 0.3917018284106892 0.02401921537229784 0.04922644163150492
0 0.7053642914331465 0.45358649789029537 0.03682946357085669 0.06610407876230662
0 0.7578062449959968 0.409985935302391 0.02802241793434748 0.052039381153305204
0 0.7518014411529224 0.24261603375527427 0.014411529223378704 0.026722925457102673
0 0.7650120096076861 0.2250351617440225 0.01521216973578863 0.030942334739803096
0 0.7662129703763011 0.2580872011251758 0.014411529223378704 0.035161744022503515
0 0.7522017614091273 0.2812939521800281 0.020016012810248198 0.03938115330520394
0 0.7926341072858286 0.24824191279887484 0.017614091273018415 0.02390998593530239
0 0.8246597277822257 0.25246132208157523 0.017614091273018415 0.026722925457102673
0 0.8530824659727783 0.24120956399437413 0.013610888710968775 0.035161744022503515
0 0.8438751000800641 0.26230661040787623 0.012810248198558846 0.0379746835443038
0 0.8606885508406725 0.2714486638537271 0.016012810248198558 0.03375527426160337
0 0.8478783026421137 0.30520393811533053 0.016012810248198558 0.03656821378340366
0 0.800640512409928 0.28973277074542897 0.014411529223378704 0.03375527426160337
0 0.8254603682946358 0.30520393811533053 0.017614091273018415 0.03938115330520394
0 0.8694955964771818 0.310126582278481 0.01921537229783827 0.040787623066104076
0 0.9211369095276221 0.2587904360056259 0.01521216973578863 0.03656821378340366
0 0.9163330664531625 0.2911392405063291 0.01521216973578863 0.02812939521800281
0 0.9039231385108086 0.31575246132208157 0.01921537229783827 0.040787623066104076
0 0.9211369095276221 0.3150492264416315 0.013610888710968775 0.03938115330520394
0 0.910328262610088 0.360056258790436 0.01921537229783827 0.0450070323488045
0 0.8923138510808647 0.3832630098452883 0.016813450760608487 0.040787623066104076
0 0.8598879103282626 0.3621659634317862 0.017614091273018415 0.04360056258790436
0 0.8474779823859088 0.34247538677918427 0.021617293835068056 0.04360056258790436
0 0.8286629303442754 0.4170182841068917 0.02722177742193755 0.057665260196905765
0 0.8919135308246597 0.4479606188466948 0.02401921537229784 0.05485232067510549
0 0.7950360288230585 0.3431786216596343 0.01921537229783827 0.05063291139240506
0 0.7938350680544436 0.5007032348804501 0.029623698959167333 0.07032348804500703