0 0.04813084112149533 0.3983333333333333 0.038317757009345796 0.056666666666666664
0 0.2523364485981308 0.2775 0.016822429906542057 0.021666666666666667
0 0.29813084112149535 0.25666666666666665 0.022429906542056073 0.03
0 0.33504672897196264 0.2775 0.017757009345794394 0.03166666666666667
0 0.3813084112149533 0.31083333333333335 0.022429906542056073 0.041666666666666664
0 0.48411214953271026 0.2925 0.028037383177570093 0.035
0 0.5247663551401869 0.30916666666666665 0.025233644859813085 0.055
0 0.5981308411214953 0.3283333333333333 0.024299065420560748 0.05
0 0.6677570093457944 0.3475 0.02336448598130841 0.055
0 0.7789719626168224 0.29083333333333333 0.025233644859813085 0.045
0 0.7102803738317757 0.2791666666666667 0.026168224299065422 0.045
0 0.6565420560747663 0.25916666666666666 0.02897196261682243 0.045
0 0.6079439252336448 0.25833333333333336 0.025233644859813085 0.03333333333333333
0 0.561214953271028 0.23916666666666667 0.025233644859813085 0.03166666666666667
0 0.48364485981308414 0.22083333333333333 0.02336448598130841 0.03833333333333333
0 0.44766355140186914 0.22416666666666665 0.022429906542056073 0.028333333333333332
0 0.4098130841121495 0.22583333333333333 0.0308411214953271 0.03833333333333333
0 0.3724299065420561 0.22166666666666668 0.014018691588785047 0.03
0 0.3429906542056075 0.21416666666666667 0.022429906542056073 0.028333333333333332
0 0.3144859813084112 0.22166666666666668 0.017757009345794394 0.03
0 0.3794392523364486 0.195 0.014953271028037384 0.02
0 0.4102803738317757 0.16833333333333333 0.013084112149532711 0.023333333333333334
0 0.44672897196261685 0.13666666666666666 0.011214953271028037 0.02
0 0.4504672897196262 0.1675 0.014953271028037384 0.035
0 0.4733644859813084 0.18666666666666668 0.017757009345794394 0.03
0 0.47149532710280373 0.14 0.014018691588785047 0.02666666666666667
0 0.5018691588785047 0.17 0.016822429906542057 0.03
0 0.5341121495327102 0.19083333333333333 0.017757009345794394 0.035
0 0.6046728971962617 0.2125 0.022429906542056073 0.041666666666666664
0 0.5616822429906542 0.1725 0.018691588785046728 0.03166666666666667
0 0.5294392523364486 0.13666666666666666 0.02149532710280374 0.03333333333333333
0 0.5523364485981308 0.1125 0.016822429906542057 0.021666666666666667
0 0.585981308411215 0.11583333333333333 0.016822429906542057 0.028333333333333332
0 0.6233644859813084 0.13833333333333334 0.018691588785046728 0.03
0 0.6509345794392524 0.2075 0.027102803738317756 0.03833333333333333
0 0.6967289719626168 0.21 0.025233644859813085 0.03666666666666667
0 0.744392523364486 0.23166666666666666 0.027102803738317756 0.043333333333333335
0 0.7990654205607477 0.23333333333333334 0.029906542056074768 0.05
0 0.7303738317757009 0.18833333333333332 0.02149532710280374 0.03
0 0.7911214953271029 0.16833333333333333 0.02149532710280374 0.03666666666666667
0 0.7514018691588785 0.15833333333333333 0.022429906542056073 0.03333333333333333
0 0.6878504672897197 0.10166666666666667 0.016822429906542057 0.02
0 0.6710280373831776 0.1125 0.020560747663551402 0.021666666666666667
0 0.65 0.11416666666666667 0.017757009345794394 0.018333333333333333
0 0.6098130841121495 0.11166666666666666 0.01588785046728972 0.023333333333333334
0 0.705607476635514 0.1375 0.013084112149532711 0.03166666666666667
0 0.7252336448598131 0.13166666666666665 0.013084112149532711 0.016666666666666666
0 0.7406542056074766 0.11166666666666666 0.008411214953271028 0.02
0 0.7644859813084112 0.13083333333333333 0.009345794392523364 0.021666666666666667
0 0.77196261682243 0.12 0.009345794392523364 0.02666666666666667
0 0.7869158878504673 0.125 0.011214953271028037 0.02666666666666667
0 0.6780373831775701 0.1575 0.01588785046728972 0.028333333333333332
0 0.5747663551401869 0.14833333333333334 0.014953271028037384 0.03
0 0.9130841121495327 0.2833333333333333 0.022429906542056073 0.04666666666666667
0 0.8626168224299066 0.22583333333333333 0.016822429906542057 0.041666666666666664
0 0.8742990654205608 0.17083333333333334 0.014018691588785047 0.028333333333333332
0 0.9158878504672897 0.19666666666666666 0.016822429906542057 0.03666666666666667
0 0.8920560747663552 0.12916666666666668 0.012149532710280374 0.028333333333333332
0 0.8285046728971963 0.13666666666666666 0.014018691588785047 0.03
0 0.8116822429906542 0.16333333333333333 0.014018691588785047 0.03
0 0.7981308411214953 0.12166666666666667 0.009345794392523364 0.02666666666666667
0 0.8462616822429907 0.15333333333333332 0.017757009345794394 0.04
0 0.9112149532710281 0.16083333333333333 0.011214953271028037 0.025
0 0.9247663551401869 0.1525 0.010280373831775701 0.028333333333333332
0 0.8640186915887851 0.13333333333333333 0.012149532710280374 0.02666666666666667
0 0.8920560747663552 0.16666666666666666 0.014018691588785047 0.02666666666666667
0 0.8976635514018692 0.19916666666666666 0.014018691588785047 0.035