0 0.2073268921095008 0.48890429958391124 0.03784219001610306 0.07350901525658807
0 0.34098228663446056 0.22330097087378642 0.0249597423510467 0.04160887656033287
0 0.3530595813204509 0.25450762829403606 0.0249597423510467 0.05131761442441054
0 0.3961352657004831 0.2656033287101248 0.02254428341384863 0.04299583911234397
0 0.37077294685990336 0.23578363384188628 0.021739130434782608 0.033287101248266296
0 0.3973429951690821 0.23300970873786409 0.020128824476650563 0.038834951456310676
0 0.4114331723027375 0.20180305131761442 0.017713365539452495 0.03744798890429958
0 0.44041867954911434 0.22052704576976423 0.020933977455716585 0.038834951456310676
0 0.47020933977455714 0.23439667128987518 0.027375201288244767 0.049930651872399444
0 0.5124798711755234 0.18377253814147018 0.021739130434782608 0.04576976421636616
0 0.4533011272141707 0.17337031900138697 0.01610305958132045 0.030513176144244106
0 0.44082125603864736 0.16990291262135923 0.013687600644122383 0.0319001386962552
0 0.4585346215780998 0.15256588072122051 0.016908212560386472 0.033287101248266296
0 0.46980676328502413 0.14424410540915394 0.016908212560386472 0.024965325936199722
0 0.5112721417069244 0.12552011095700416 0.01288244766505636 0.023578363384188627
0 0.5249597423510467 0.1463245492371706 0.01288244766505636 0.02912621359223301
0 0.534219001610306 0.13384188626907073 0.012077294685990338 0.023578363384188627
0 0.5491143317230274 0.16019417475728157 0.017713365539452495 0.04022191400832178
0 0.5591787439613527 0.13869625520110956 0.015297906602254429 0.027739251040221916
0 0.5696457326892109 0.12690707350901526 0.013687600644122383 0.02912621359223301
0 0.5837359098228664 0.1608876560332871 0.017713365539452495 0.036061026352288486
0 0.5893719806763285 0.1276005547850208 0.01610305958132045 0.024965325936199722
0 0.5974235104669887 0.11234396671289876 0.014492753623188406 0.024965325936199722
0 0.6151368760064412 0.1463245492371706 0.01932367149758454 0.04022191400832178
0 0.6159420289855072 0.11719833564493759 0.01610305958132045 0.026352288488210817
0 0.6356682769726248 0.11026352288488211 0.016908212560386472 0.02912621359223301
0 0.644927536231884 0.09500693481276005 0.014492753623188406 0.0319001386962552
0 0.6537842190016103 0.11026352288488211 0.014492753623188406 0.02912621359223301
0 0.6525764895330113 0.13661581137309292 0.013687600644122383 0.02912621359223301
0 0.6710950080515298 0.11997226074895978 0.015297906602254429 0.02912621359223301
0 0.6992753623188406 0.10610263522884882 0.016908212560386472 0.0319001386962552
0 0.5491143317230274 0.3044382801664355 0.02576489533011272 0.06241331484049931
0 0.5652173913043478 0.2510402219140083 0.02576489533011272 0.04160887656033287
0 0.6107085346215781 0.21567267683772537 0.026570048309178744 0.04576976421636616
0 0.6123188405797102 0.2565880721220527 0.029790660225442835 0.05825242718446602
0 0.6360708534621579 0.3106796116504854 0.0322061191626409 0.06657420249653259
0 0.6525764895330113 0.26768377253814146 0.02818035426731079 0.052704576976421634
0 0.6626409017713365 0.22468793342579751 0.027375201288244767 0.052704576976421634
0 0.6847826086956522 0.1914008321775312 0.0249597423510467 0.044382801664355064
0 0.714975845410628 0.21914008321775313 0.024154589371980676 0.049930651872399444
0 0.7222222222222222 0.17128987517337033 0.020933977455716585 0.04299583911234397
0 0.7399355877616747 0.18654646324549237 0.02576489533011272 0.04854368932038835
0 0.7584541062801933 0.17198335644937587 0.020933977455716585 0.044382801664355064
0 0.7592592592592593 0.13800277392510402 0.017713365539452495 0.0319001386962552
0 0.7805958132045089 0.10332871012482663 0.015297906602254429 0.03467406380027739
0 0.7946859903381642 0.15048543689320387 0.017713365539452495 0.03744798890429958
0 0.7902576489533011 0.19625520110957004 0.015297906602254429 0.03467406380027739
0 0.7797906602254429 0.2302357836338419 0.026570048309178744 0.04160887656033287
0 0.7765700483091788 0.2843273231622746 0.02818035426731079 0.05547850208044383
0 0.8075684380032206 0.3945908460471567 0.03864734299516908 0.08183079056865465
0 0.8957326892109501 0.41816920943134533 0.036231884057971016 0.07350901525658807
0 0.8743961352657005 0.3169209431345354 0.0322061191626409 0.07073509015256588
0 0.9142512077294686 0.34396671289875175 0.036231884057971016 0.0638002773925104
0 0.9126409017713365 0.2753120665742025 0.026570048309178744 0.05409153952843273
0 0.9327697262479872 0.2461858529819695 0.021739130434782608 0.056865464632454926
0 0.8764090177133655 0.25312066574202496 0.0249597423510467 0.04299583911234397
0 0.8244766505636071 0.23578363384188628 0.020933977455716585 0.047156726768377254
0 0.8329307568438004 0.21636615811373092 0.023349436392914653 0.044382801664355064
0 0.821256038647343 0.16296809986130376 0.01610305958132045 0.03744798890429958
0 0.8063607085346216 0.18793342579750347 0.018518518518518517 0.04022191400832178
0 0.8192431561996779 0.11997226074895978 0.018518518518518517 0.03744798890429958
0 0.8518518518518519 0.1276005547850208 0.01610305958132045 0.030513176144244106
0 0.8731884057971014 0.14008321775312066 0.013687600644122383 0.027739251040221916
0 0.8631239935587761 0.17059639389736478 0.01610305958132045 0.030513176144244106
0 0.8506441223832528 0.1914008321775312 0.018518518518518517 0.04160887656033287
0 0.8792270531400966 0.21914008321775313 0.01610305958132045 0.030513176144244106
0 0.9013687600644122 0.17891816920943135 0.015297906602254429 0.04160887656033287
0 0.9082125603864735 0.1407766990291262 0.020933977455716585 0.03744798890429958