0 0.07678075855689177 0.35365853658536583 0.04625346901017576 0.06991869918699187
0 0.27474560592044406 0.1861788617886179 0.022201665124884366 0.03739837398373984
0 0.29740980573543013 0.19593495934959348 0.01757631822386679 0.04715447154471545
0 0.31267345050878814 0.17804878048780487 0.024051803885291396 0.04390243902439024
0 0.4061054579093432 0.16260162601626016 0.027752081406105456 0.05853658536585366
0 0.44912118408880664 0.1772357723577236 0.034227567067530065 0.06829268292682927
0 0.49167437557816834 0.16097560975609757 0.036077705827937095 0.061788617886178863
0 0.5485661424606846 0.16991869918699187 0.025901942645698426 0.05365853658536585
0 0.5411655874190564 0.14471544715447154 0.025901942645698426 0.05203252032520325
0 0.5481036077705828 0.28292682926829266 0.032377428307123035 0.06504065040650407
0 0.599444958371878 0.17560975609756097 0.03145235892691952 0.061788617886178863
0 0.6308973172987974 0.23902439024390243 0.03700277520814061 0.05853658536585366
0 0.679463459759482 0.2788617886178862 0.04717853839037928 0.1024390243902439
0 0.7631822386679001 0.2056910569105691 0.03515263644773358 0.06666666666666667