0 0.1240846216436127 0.4746008708272859 0.04149715215622457 0.0841799709724238
0 0.2323026851098454 0.3447024673439768 0.01871440195280716 0.03918722786647315
0 0.2656631407648495 0.3490566037735849 0.01871440195280716 0.0420899854862119
0 0.2969894222945484 0.3635703918722787 0.01952807160292921 0.0420899854862119
0 0.2872253864930838 0.30914368650217705 0.01790073230268511 0.040638606676342524
0 0.34296175752644426 0.3664731494920174 0.023596419853539462 0.047895500725689405
0 0.36411716842961755 0.3309143686502177 0.015459723352318959 0.03483309143686502
0 0.35923515052888527 0.2960812772133527 0.015459723352318959 0.03773584905660377
0 0.38812042310821804 0.33962264150943394 0.01790073230268511 0.03483309143686502
0 0.4100895036615134 0.3374455732946299 0.01952807160292921 0.036284470246734396
0 0.44100895036615134 0.3483309143686502 0.02115541090317331 0.04354136429608128
0 0.3974776240846216 0.260522496371553 0.013832384052074858 0.033381712626995644
0 0.41090317331163545 0.3011611030478955 0.01627339300244101 0.033381712626995644
0 0.43897477624084624 0.30914368650217705 0.01708706265256306 0.03483309143686502
0 0.47192839707078926 0.3084179970972424 0.01790073230268511 0.036284470246734396
0 0.41863303498779497 0.2706821480406386 0.013832384052074858 0.030478955007256895
0 0.42717656631407647 0.2612481857764877 0.013018714401952807 0.026124818577648767
0 0.4312449145646867 0.2808417997097242 0.014646053702196907 0.033381712626995644
0 0.4641985353946298 0.2474600870827286 0.013832384052074858 0.030478955007256895
0 0.4707078925956062 0.24238026124818576 0.012205044751830757 0.03483309143686502
0 0.47030105777054515 0.26850507982583455 0.014646053702196907 0.03193033381712627
0 0.49877949552481693 0.26850507982583455 0.01627339300244101 0.03773584905660377
0 0.5085435313262815 0.260522496371553 0.013018714401952807 0.033381712626995644
0 0.5183075671277462 0.2844702467343977 0.01627339300244101 0.04354136429608128
0 0.5101708706265257 0.318577648766328 0.01790073230268511 0.036284470246734396
0 0.5048820179007323 0.38316400580551524 0.028478437754271765 0.06095791001451379
0 0.5467860048820179 0.40711175616835993 0.027664768104149716 0.05660377358490566
0 0.5419039869812856 0.3737300435413643 0.02115541090317331 0.047895500725689405
0 0.5378356387306753 0.25471698113207547 0.014646053702196907 0.036284470246734396
0 0.5593978844589097 0.2227866473149492 0.012205044751830757 0.027576197387518143
0 0.5699755899104963 0.22496371552975328 0.012205044751830757 0.026124818577648767
0 0.5634662327095199 0.2539912917271408 0.015459723352318959 0.03483309143686502
0 0.5634662327095199 0.2793904208998549 0.015459723352318959 0.03918722786647315
0 0.6037428803905615 0.25689404934687954 0.014646053702196907 0.03483309143686502
0 0.6053702196908055 0.22641509433962265 0.011391375101708706 0.03193033381712627
0 0.6114727420667209 0.20899854862119013 0.010577705451586655 0.03193033381712627
0 0.628152969894223 0.22351233671988388 0.013018714401952807 0.02902757619738752
0 0.6358828315703824 0.24963715529753266 0.012205044751830757 0.03193033381712627
0 0.6590724165988608 0.22060957910014514 0.013018714401952807 0.026124818577648767
0 0.6716842961757526 0.23004354136429608 0.013832384052074858 0.030478955007256895
0 0.6895850284784377 0.22931785195936139 0.013832384052074858 0.03193033381712627
0 0.6684296175752644 0.2772133526850508 0.01871440195280716 0.040638606676342524
0 0.6000813669650122 0.32728592162554426 0.023596419853539462 0.04499274310595065
0 0.6346623270951993 0.30914368650217705 0.01952807160292921 0.040638606676342524
0 0.646053702196908 0.34615384615384615 0.02115541090317331 0.05079825834542816
0 0.6651749389747762 0.37010159651669083 0.025223759153783564 0.055152394775036286
0 0.6903986981285598 0.3570391872278665 0.02034174125305126 0.05224963715529753
0 0.6110659072416599 0.42670537010159654 0.030919446704637917 0.06386066763425254
0 0.6696501220504475 0.4477503628447025 0.03580146460537022 0.06531204644412192
0 0.7026037428803905 0.2612481857764877 0.013832384052074858 0.03773584905660377
0 0.7209113100081367 0.28737300435413643 0.01627339300244101 0.03483309143686502
0 0.7424735557363711 0.22641509433962265 0.012205044751830757 0.03193033381712627
0 0.7461350691619203 0.27213352685050796 0.013018714401952807 0.036284470246734396
0 0.7628152969894223 0.28519593613933236 0.013832384052074858 0.03918722786647315
0 0.7819365337672904 0.2714078374455733 0.014646053702196907 0.03483309143686502
0 0.7790886899918633 0.23875181422351233 0.013832384052074858 0.033381712626995644
0 0.8083807973962571 0.25181422351233673 0.012205044751830757 0.033381712626995644
0 0.8376729048006509 0.2648766328011611 0.012205044751830757 0.036284470246734396
0 0.854759967453214 0.26850507982583455 0.012205044751830757 0.03483309143686502
0 0.870219690805533 0.26197387518142234 0.012205044751830757 0.033381712626995644
0 0.8925956061838893 0.29390420899854863 0.014646053702196907 0.0420899854862119
0 0.9316517493897477 0.28664731494920176 0.011391375101708706 0.030478955007256895
0 0.9292107404393816 0.3149492017416546 0.013018714401952807 0.03193033381712627
0 0.9251423921887714 0.35776487663280115 0.01790073230268511 0.036284470246734396
0 0.8527257933279089 0.2830188679245283 0.014646053702196907 0.03193033381712627
0 0.8856794141578519 0.3214804063860668 0.01708706265256306 0.036284470246734396
0 0.8441822620016274 0.3084179970972424 0.015459723352318959 0.036284470246734396
0 0.8140764849471115 0.30551523947750364 0.01708706265256306 0.036284470246734396
0 0.8116354759967453 0.2808417997097242 0.013832384052074858 0.033381712626995644
0 0.8637103336045565 0.3439767779390421 0.01708706265256306 0.04934687953555878
0 0.807567127746135 0.35123367198838895 0.01871440195280716 0.04354136429608128
0 0.8067534580960131 0.3671988388969521 0.02034174125305126 0.04354136429608128
0 0.9141578519121237 0.4005805515239477 0.023596419853539462 0.055152394775036286
0 0.8543531326281529 0.41654571843251087 0.022782750203417412 0.05224963715529753
0 0.9068348250610252 0.46734397677793904 0.028478437754271765 0.06676342525399129
0 0.8433685923515053 0.44702467343976776 0.025223759153783564 0.04934687953555878
0 0.7400325467860048 0.4034833091436865 0.028478437754271765 0.055152394775036286
0 0.7843775427176566 0.41146589259796806 0.027664768104149716 0.05660377358490566
0 0.8006509357200976 0.49564586357039186 0.030919446704637917 0.059506531204644414
0 0.7082994304312449 0.5152394775036284 0.03824247355573637 0.08127721335268505