0 0.05317164179104478 0.39916666666666667 0.022388059701492536 0.04833333333333333
0 0.25513059701492535 0.2625 0.01585820895522388 0.028333333333333332
0 0.271455223880597 0.265 0.014925373134328358 0.03
0 0.31156716417910446 0.24333333333333335 0.014925373134328358 0.03
0 0.33675373134328357 0.24833333333333332 0.014925373134328358 0.02666666666666667
0 0.3306902985074627 0.21083333333333334 0.010261194029850746 0.025
0 0.3460820895522388 0.21583333333333332 0.011194029850746268 0.025
0 0.35494402985074625 0.22416666666666665 0.01585820895522388 0.025
0 0.3568097014925373 0.2833333333333333 0.013992537313432836 0.03666666666666667
0 0.3987873134328358 0.2808333333333333 0.021455223880597014 0.045
0 0.37919776119402987 0.225 0.01585820895522388 0.03666666666666667
0 0.3824626865671642 0.18333333333333332 0.013059701492537313 0.02666666666666667
0 0.4001865671641791 0.18083333333333335 0.013059701492537313 0.025
0 0.39972014925373134 0.2075 0.013992537313432836 0.028333333333333332
0 0.4454291044776119 0.225 0.01585820895522388 0.03666666666666667
0 0.4710820895522388 0.22583333333333333 0.016791044776119403 0.035
0 0.4454291044776119 0.18666666666666668 0.013992537313432836 0.02666666666666667
0 0.47761194029850745 0.19166666666666668 0.013059701492537313 0.02666666666666667
0 0.5032649253731343 0.19333333333333333 0.013992537313432836 0.02666666666666667
0 0.47201492537313433 0.16833333333333333 0.014925373134328358 0.023333333333333334
0 0.45615671641791045 0.15 0.009328358208955223 0.023333333333333334
0 0.4748134328358209 0.13666666666666666 0.009328358208955223 0.02
0 0.5279850746268657 0.16166666666666665 0.013059701492537313 0.03333333333333333
0 0.5485074626865671 0.15666666666666668 0.009328358208955223 0.023333333333333334
0 0.5764925373134329 0.1675 0.013059701492537313 0.028333333333333332
0 0.5634328358208955 0.14583333333333334 0.011194029850746268 0.025
0 0.5638992537313433 0.11833333333333333 0.010261194029850746 0.023333333333333334
0 0.5965485074626866 0.14083333333333334 0.010261194029850746 0.025
0 0.5914179104477612 0.12333333333333334 0.009328358208955223 0.023333333333333334
0 0.6082089552238806 0.13166666666666665 0.009328358208955223 0.023333333333333334
0 0.6138059701492538 0.14416666666666667 0.009328358208955223 0.025
0 0.6128731343283582 0.11666666666666667 0.009328358208955223 0.023333333333333334
0 0.6357276119402985 0.14166666666666666 0.010261194029850746 0.02666666666666667
0 0.6469216417910447 0.11916666666666667 0.012126865671641791 0.025
0 0.6800373134328358 0.11833333333333333 0.011194029850746268 0.023333333333333334
0 0.6576492537313433 0.16916666666666666 0.014925373134328358 0.025
0 0.6175373134328358 0.20333333333333334 0.014925373134328358 0.03333333333333333
0 0.5494402985074627 0.2425 0.018656716417910446 0.041666666666666664
0 0.5265858208955224 0.2075 0.017723880597014924 0.03833333333333333
0 0.5 0.29 0.020522388059701493 0.05333333333333334
0 0.5722947761194029 0.2941666666666667 0.02332089552238806 0.04833333333333333
0 0.6161380597014925 0.25583333333333336 0.01958955223880597 0.04833333333333333
0 0.6114738805970149 0.31916666666666665 0.021455223880597014 0.04833333333333333
0 0.6511194029850746 0.28 0.022388059701492536 0.056666666666666664
0 0.6492537313432836 0.21166666666666667 0.014925373134328358 0.03333333333333333
0 0.6930970149253731 0.17666666666666667 0.016791044776119403 0.03666666666666667
0 0.691231343283582 0.14333333333333334 0.011194029850746268 0.02666666666666667
0 0.7047574626865671 0.15083333333333335 0.012126865671641791 0.025
0 0.7178171641791045 0.17083333333333334 0.013992537313432836 0.028333333333333332
0 0.7280783582089553 0.19916666666666666 0.01585820895522388 0.03166666666666667
0 0.7136194029850746 0.22666666666666666 0.018656716417910446 0.04
0 0.6968283582089553 0.2916666666666667 0.018656716417910446 0.043333333333333335
0 0.7681902985074627 0.28833333333333333 0.021455223880597014 0.04666666666666667
0 0.8404850746268657 0.3225 0.022388059701492536 0.04833333333333333
0 0.7495335820895522 0.245 0.017723880597014924 0.043333333333333335
0 0.7593283582089553 0.20916666666666667 0.020522388059701493 0.03833333333333333
0 0.7607276119402985 0.16583333333333333 0.013992537313432836 0.03166666666666667
0 0.7770522388059702 0.15916666666666668 0.014925373134328358 0.03166666666666667
0 0.7639925373134329 0.12583333333333332 0.014925373134328358 0.03166666666666667
0 0.7448694029850746 0.13583333333333333 0.013992537313432836 0.028333333333333332
0 0.7388059701492538 0.1125 0.013059701492537313 0.028333333333333332
0 0.8199626865671642 0.2075 0.016791044776119403 0.041666666666666664
0 0.8325559701492538 0.195 0.013992537313432836 0.03666666666666667
0 0.8311567164179104 0.15666666666666668 0.013059701492537313 0.03
0 0.8493470149253731 0.15666666666666668 0.012126865671641791 0.03333333333333333
0 0.8535447761194029 0.23833333333333334 0.018656716417910446 0.05333333333333334
0 0.9113805970149254 0.25333333333333335 0.018656716417910446 0.04666666666666667
0 0.9015858208955224 0.23083333333333333 0.01585820895522388 0.035
0 0.8857276119402985 0.205 0.013992537313432836 0.04
0 0.8782649253731343 0.1625 0.013992537313432836 0.035
0 0.8857276119402985 0.1575 0.012126865671641791 0.025