0 0.10754414125200643 0.4458128078817734 0.0449438202247191 0.090311986863711
0 0.1998394863563403 0.277504105090312 0.02086677367576244 0.04597701149425287
0 0.228330658105939 0.27257799671592775 0.024879614767255216 0.04597701149425287
0 0.26926163723916535 0.22660098522167488 0.020064205457463884 0.03940886699507389
0 0.3073836276083467 0.23070607553366174 0.02086677367576244 0.04433497536945813
0 0.30858747993579455 0.2019704433497537 0.021669341894060994 0.04926108374384237
0 0.32784911717495985 0.2200328407224959 0.021669341894060994 0.04597701149425287
0 0.34791332263242375 0.19786535303776684 0.015248796147672551 0.034482758620689655
0 0.36556982343499195 0.25287356321839083 0.020064205457463884 0.04926108374384237
0 0.3972712680577849 0.2257799671592775 0.019261637239165328 0.03776683087027915
0 0.3647672552166934 0.1896551724137931 0.018459069020866775 0.04433497536945813
0 0.3868378812199037 0.17651888341543515 0.019261637239165328 0.041050903119868636
0 0.43820224719101125 0.2996715927750411 0.025682182985553772 0.05090311986863711
0 0.4281701444622793 0.18144499178981938 0.015248796147672551 0.03776683087027915
0 0.43097913322632425 0.15270935960591134 0.014446227929373997 0.03284072249589491
0 0.44903691813804175 0.15435139573070608 0.016853932584269662 0.0361247947454844
0 0.4695024077046549 0.2348111658456486 0.019261637239165328 0.04926108374384237
0 0.49197431781701445 0.19540229885057472 0.01765650080256822 0.03940886699507389
0 0.485553772070626 0.1568144499178982 0.019261637239165328 0.04433497536945813
0 0.49197431781701445 0.13793103448275862 0.01765650080256822 0.0361247947454844
0 0.5188603531300161 0.1568144499178982 0.020064205457463884 0.04433497536945813
0 0.5601926163723917 0.15517241379310345 0.019261637239165328 0.034482758620689655
0 0.5525682182985554 0.12315270935960591 0.015248796147672551 0.03284072249589491
0 0.5734349919743178 0.18883415435139572 0.015248796147672551 0.03940886699507389
0 0.5790529695024077 0.15845648604269294 0.015248796147672551 0.03776683087027915
0 0.5786516853932584 0.12807881773399016 0.016051364365971106 0.03284072249589491
0 0.6063402889245586 0.14285714285714285 0.016853932584269662 0.0361247947454844
0 0.6043338683788122 0.180623973727422 0.012841091492776886 0.03940886699507389
0 0.5971107544141252 0.10673234811165845 0.014446227929373997 0.0361247947454844
0 0.6223916532905297 0.1839080459770115 0.015248796147672551 0.042692939244663386
0 0.6308186195826645 0.11904761904761904 0.014446227929373997 0.031198686371100164
0 0.6512841091492777 0.13793103448275862 0.016853932584269662 0.0361247947454844
0 0.6585072231139647 0.1683087027914614 0.015248796147672551 0.034482758620689655
0 0.6641252006420546 0.1272577996715928 0.015248796147672551 0.03776683087027915
0 0.6873996789727127 0.12561576354679804 0.015248796147672551 0.031198686371100164
0 0.687800963081862 0.15517241379310345 0.014446227929373997 0.034482758620689655
0 0.7126805778491172 0.14942528735632185 0.014446227929373997 0.0361247947454844
0 0.7050561797752809 0.1986863711001642 0.016853932584269662 0.042692939244663386
0 0.6781701444622793 0.22824302134646962 0.01765650080256822 0.04597701149425287
0 0.6207865168539326 0.28160919540229884 0.024879614767255216 0.060755336617405585
0 0.57223113964687 0.3226600985221675 0.025682182985553772 0.05747126436781609
0 0.6051364365971108 0.3555008210180624 0.028892455858747994 0.06403940886699508
0 0.6653290529695024 0.38095238095238093 0.028892455858747994 0.059113300492610835
0 0.7263242375601926 0.3825944170771757 0.028892455858747994 0.06239737274220033
0 0.7186998394863563 0.24548440065681446 0.021669341894060994 0.05090311986863711
0 0.742776886035313 0.21182266009852216 0.020064205457463884 0.04926108374384237
0 0.75 0.2832512315270936 0.020064205457463884 0.05090311986863711
0 0.7929373996789727 0.24630541871921183 0.01765650080256822 0.04926108374384237
0 0.7756821829855538 0.1962233169129721 0.018459069020866775 0.041050903119868636
0 0.7592295345104334 0.1863711001642036 0.016051364365971106 0.034482758620689655
0 0.8085874799357945 0.180623973727422 0.016853932584269662 0.042692939244663386
0 0.8162118780096308 0.21264367816091953 0.019261637239165328 0.04433497536945813
0 0.8290529695024077 0.20114942528735633 0.014446227929373997 0.041050903119868636
0 0.8138041733547352 0.28653530377668307 0.02247191011235955 0.06403940886699508
0 0.8591492776886035 0.31773399014778325 0.020064205457463884 0.04433497536945813
0 0.8687800963081862 0.2914614121510673 0.018459069020866775 0.05090311986863711
0 0.7953451043338684 0.41954022988505746 0.03210272873194221 0.07717569786535304
0 0.8691813804173355 0.4720853858784893 0.030497592295345103 0.08045977011494253
0 0.8776083467094703 0.4178981937602627 0.024879614767255216 0.06403940886699508
0 0.9614767255216693 0.41050903119868637 0.024077046548956663 0.0755336617405583
0 0.9458266452648475 0.3637110016420361 0.021669341894060994 0.060755336617405585
0 0.9273675762439807 0.3185550082101806 0.020064205457463884 0.04597701149425287
0 0.8908507223113965 0.2660098522167488 0.019261637239165328 0.04597701149425287
0 0.8671749598715891 0.21592775041050905 0.013643659711075442 0.041050903119868636
0 0.9113162118780096 0.22085385878489328 0.015248796147672551 0.04433497536945813
0 0.9297752808988764 0.2569786535303777 0.016853932584269662 0.041050903119868636
0 0.9486356340288925 0.2348111658456486 0.016051364365971106 0.042692939244663386
0 0.9747191011235955 0.34811165845648606 0.016853932584269662 0.05582922824302135
0 0.9727126805778491 0.30952380952380953 0.014446227929373997 0.03776683087027915
0 0.9879614767255217 0.27504105090311987 0.01765650080256822 0.034482758620689655