0 0.42186046511627906 0.2146341463414634 0.01953488372093023 0.03577235772357724
0 0.6516279069767442 0.14390243902439023 0.013953488372093023 0.024390243902439025
0 0.632093023255814 0.13983739837398373 0.013953488372093023 0.026016260162601626
0 0.653953488372093 0.11707317073170732 0.014883720930232559 0.02926829268292683
0 0.7641860465116279 0.14796747967479676 0.013953488372093023 0.032520325203252036
0 0.7790697674418605 0.15447154471544716 0.013953488372093023 0.02926829268292683
0 0.8362790697674418 0.26422764227642276 0.018604651162790697 0.04065040650406504
0 0.9032558139534884 0.25203252032520324 0.013023255813953489 0.03902439024390244
0 0.9051162790697674 0.21788617886178863 0.014883720930232559 0.032520325203252036
0 0.8813953488372093 0.1943089430894309 0.012093023255813953 0.030894308943089432
0 0.932093023255814 0.2577235772357724 0.01674418604651163 0.03739837398373984