0 0.22406847935548843 0.3725314183123878 0.0433031218529708 0.08797127468581688
0 0.32376636455186303 0.21005385996409337 0.021148036253776436 0.03231597845601436
0 0.35196374622356497 0.19569120287253142 0.015105740181268883 0.03590664272890485
0 0.37613293051359514 0.18761220825852784 0.017119838872104734 0.03411131059245961
0 0.41289023162134947 0.17235188509874327 0.012084592145015106 0.02872531418312388
0 0.42749244712990936 0.17145421903052063 0.013091641490433032 0.03770197486535009
0 0.4405840886203424 0.1570915619389587 0.013091641490433032 0.03052064631956912
0 0.4612286002014099 0.16786355475763015 0.016112789526686808 0.02333931777378815
0 0.47532729103726085 0.15798922800718132 0.014098690835850957 0.03231597845601436
0 0.472809667673716 0.20556552962298025 0.019133937562940583 0.03411131059245961
0 0.5080563947633434 0.18402154398563733 0.019133937562940583 0.03052064631956912
0 0.49647532729103727 0.13734290843806105 0.012084592145015106 0.02333931777378815
0 0.5292044310171199 0.12657091561938957 0.013091641490433032 0.03052064631956912
0 0.527693856998993 0.16247755834829444 0.01812688821752266 0.026929982046678635
0 0.5372608257804632 0.2163375224416517 0.017119838872104734 0.03411131059245961
0 0.6012084592145015 0.23877917414721722 0.02416918429003021 0.04308797127468582
0 0.6319234642497482 0.21364452423698385 0.015105740181268883 0.03590664272890485
0 0.6701913393756294 0.22621184919210055 0.021148036253776436 0.03590664272890485
0 0.7316213494461229 0.23070017953321365 0.021148036253776436 0.03411131059245961
0 0.8801611278952669 0.2764811490125673 0.026183282980866064 0.0466786355475763
0 0.8836858006042296 0.2324955116696589 0.015105740181268883 0.04129263913824058
0 0.932527693856999 0.25763016157989227 0.022155085599194362 0.03411131059245961
0 0.9420946626384693 0.22710951526032316 0.017119838872104734 0.03770197486535009
0 0.9501510574018127 0.17594254937163376 0.019133937562940583 0.03590664272890485
0 0.9154078549848943 0.17235188509874327 0.016112789526686808 0.03231597845601436
0 0.8882175226586103 0.1561938958707361 0.014098690835850957 0.03231597845601436
0 0.8590130916414904 0.1481149012567325 0.012084592145015106 0.02333931777378815
0 0.8635448136958711 0.19658886894075403 0.017119838872104734 0.04488330341113106
0 0.8282980866062437 0.13913824057450627 0.017119838872104734 0.03411131059245961
0 0.798590130916415 0.1355475763016158 0.014098690835850957 0.026929982046678635
0 0.8126888217522659 0.16337522441651706 0.014098690835850957 0.03231597845601436
0 0.8303121852970795 0.18581687612208259 0.017119838872104734 0.03411131059245961
0 0.8031218529707955 0.20466786355475763 0.015105740181268883 0.03590664272890485
0 0.7804632426988922 0.15170556552962297 0.014098690835850957 0.03052064631956912
0 0.7668680765357503 0.14093357271095153 0.015105740181268883 0.03052064631956912
0 0.7497482376636455 0.14991023339317774 0.015105740181268883 0.03770197486535009
0 0.7411883182275931 0.18043087971274685 0.01812688821752266 0.03052064631956912
0 0.7084592145015106 0.12118491921005387 0.015105740181268883 0.019748653500897665
0 0.7245720040281974 0.14542190305206462 0.015105740181268883 0.02872531418312388
0 0.5458207452165156 0.18940754039497307 0.016112789526686808 0.026929982046678635
0 0.581570996978852 0.18581687612208259 0.015105740181268883 0.026929982046678635
0 0.6092648539778449 0.16696588868940754 0.012084592145015106 0.02872531418312388
0 0.5971802618328298 0.13644524236983843 0.014098690835850957 0.025134649910233394
0 0.6248741188318228 0.10861759425493717 0.011077542799597181 0.02333931777378815
0 0.6289023162134945 0.1319569120287253 0.015105740181268883 0.02333931777378815
0 0.6606243705941591 0.18940754039497307 0.01812688821752266 0.026929982046678635
0 0.7220543806646526 0.18402154398563733 0.014098690835850957 0.03052064631956912
0 0.7069486404833837 0.17235188509874327 0.016112789526686808 0.03590664272890485
0 0.6777442094662638 0.10771992818671454 0.010070493454179255 0.025134649910233394
0 0.6676737160120846 0.1436265709156194 0.016112789526686808 0.03231597845601436
0 0.5825780463242699 0.1229802513464991 0.017119838872104734 0.026929982046678635
0 0.4284994964753273 0.14991023339317774 0.013091641490433032 0.03052064631956912
0 0.4702920443101712 0.13644524236983843 0.014098690835850957 0.025134649910233394
0 0.501007049345418 0.1615798922800718 0.013091641490433032 0.02872531418312388
0 0.5770392749244713 0.1490125673249551 0.014098690835850957 0.02872531418312388
0 0.595166163141994 0.16337522441651706 0.014098690835850957 0.03231597845601436
0 0.5417925478348439 0.1490125673249551 0.016112789526686808 0.02872531418312388
0 0.7940584088620343 0.1867145421903052 0.015105740181268883 0.03590664272890485
0 0.8147029204431017 0.20287253141831238 0.014098690835850957 0.03590664272890485
0 0.7880161127895267 0.1741472172351885 0.013091641490433032 0.02872531418312388
0 0.9008056394763343 0.2073608617594255 0.015105740181268883 0.03770197486535009