0 0.16940948693126814 0.4957118353344768 0.05227492739593417 0.09948542024013722
0 0.2744433688286544 0.26500857632933106 0.02032913843175218 0.03945111492281304
0 0.3431752178121975 0.24614065180102915 0.02032913843175218 0.036020583190394515
0 0.37463697967086157 0.2641509433962264 0.023233301064859633 0.044596912521440824
0 0.3514036786060019 0.1998284734133791 0.017424975798644726 0.036020583190394515
0 0.37850919651500486 0.1998284734133791 0.017424975798644726 0.03945111492281304
0 0.39448209099709586 0.21783876500857632 0.018393030009680542 0.03773584905660377
0 0.42739593417231364 0.22384219554030874 0.02420135527589545 0.04974271012006861
0 0.4036786060019361 0.18010291595197256 0.017424975798644726 0.030874785591766724
0 0.4457889641819942 0.18696397941680962 0.018393030009680542 0.03773584905660377
0 0.4603097773475315 0.18010291595197256 0.016456921587608905 0.03773584905660377
0 0.4874152952565344 0.18010291595197256 0.018393030009680542 0.0411663807890223
0 0.46466602129719264 0.153516295025729 0.017424975798644726 0.029159519725557463
0 0.44336882865440463 0.15008576329331047 0.015488867376573089 0.032590051457975985
0 0.5363020329138432 0.1955403087478559 0.021297192642787996 0.0411663807890223
0 0.5546950629235237 0.18524871355060035 0.015488867376573089 0.03773584905660377
0 0.5014520813165537 0.12521440823327615 0.011616650532429816 0.024013722126929673
0 0.5237173281703775 0.1260720411663808 0.017424975798644726 0.032590051457975985
0 0.558567279767667 0.10463121783876501 0.017424975798644726 0.0274442538593482
0 0.5590513068731849 0.13550600343053174 0.01452081316553727 0.0274442538593482
0 0.5755082284607939 0.14065180102915953 0.01452081316553727 0.03430531732418525
0 0.5784123910939013 0.12006861063464837 0.016456921587608905 0.030874785591766724
0 0.6069699903194579 0.15008576329331047 0.017424975798644726 0.036020583190394515
0 0.6427879961277831 0.13979416809605488 0.015488867376573089 0.029159519725557463
0 0.6553727008712488 0.1680960548885077 0.01936108422071636 0.0411663807890223
0 0.6403678606001936 0.15780445969125215 0.016456921587608905 0.0274442538593482
0 0.5493707647628268 0.2607204116638079 0.02420135527589545 0.048027444253859346
0 0.5280735721200387 0.3293310463121784 0.03388189738625363 0.0686106346483705
0 0.478702807357212 0.31217838765008576 0.03581800580832527 0.06518010291595197
0 0.6001936108422071 0.2667238421955403 0.02904162633107454 0.04631217838765009
0 0.6515004840271055 0.2109777015437393 0.01936108422071636 0.044596912521440824
0 0.6960309777347532 0.1680960548885077 0.017424975798644726 0.044596912521440824
0 0.7212003872216844 0.18096054888507718 0.023233301064859633 0.05317324185248713
0 0.6965150048402711 0.2804459691252144 0.028073572120038724 0.0634648370497427
0 0.6640851887705711 0.3481989708404803 0.03291384317521781 0.07547169811320754
0 0.7468538238141336 0.3361921097770154 0.031945788964181994 0.07890222984562607
0 0.7865440464666021 0.40308747855917665 0.0377541142303969 0.08919382504288165
0 0.7381413359148112 0.22727272727272727 0.022265246853823813 0.05317324185248713
0 0.7705711519845111 0.2032590051457976 0.023233301064859633 0.04288164665523156
0 0.7850919651500484 0.2727272727272727 0.02516940948693127 0.0548885077186964
0 0.8015488867376573 0.241852487135506 0.021297192642787996 0.048027444253859346
0 0.8286544046466602 0.3130360205831904 0.02904162633107454 0.07032590051457976
0 0.856243949661181 0.2607204116638079 0.022265246853823813 0.051457975986277875
0 0.8862536302032914 0.40823327615780447 0.041626331074540175 0.08919382504288165
0 0.8998063891577929 0.31989708404802747 0.028073572120038724 0.060034305317324184
0 0.9075508228460794 0.2770154373927959 0.02032913843175218 0.05317324185248713
0 0.7879961277831559 0.1320754716981132 0.013552758954501452 0.03430531732418525
0 0.8233301064859632 0.14065180102915953 0.01452081316553727 0.03430531732418525
0 0.8339787028073572 0.12864493996569468 0.012584704743465635 0.030874785591766724
0 0.8518877057115198 0.15265866209262435 0.015488867376573089 0.03430531732418525
0 0.8601161665053243 0.12864493996569468 0.010648596321393998 0.0274442538593482
0 0.8944820909970959 0.1432246998284734 0.015488867376573089 0.029159519725557463
0 0.9211035818005808 0.15523156089193826 0.01452081316553727 0.029159519725557463