0 0.16505636070853463 0.4726507713884993 0.0499194847020934 0.0785413744740533
0 0.29307568438003223 0.2657784011220196 0.02254428341384863 0.043478260869565216
0 0.30676328502415456 0.2335203366058906 0.017713365539452495 0.037868162692847124
0 0.3393719806763285 0.25455820476858343 0.020128824476650563 0.037868162692847124
0 0.33172302737520126 0.22580645161290322 0.01610305958132045 0.033660589060308554
0 0.36553945249597425 0.25245441795231416 0.020933977455716585 0.04207573632538569
0 0.37600644122383253 0.22791023842917252 0.01610305958132045 0.03506311360448808
0 0.36312399355877617 0.21598877980364656 0.01610305958132045 0.0364656381486676
0 0.3961352657004831 0.2791023842917251 0.02576489533011272 0.05049088359046283
0 0.40418679549114334 0.22370266479663395 0.01932367149758454 0.03506311360448808
0 0.4223027375201288 0.18653576437587657 0.015297906602254429 0.033660589060308554
0 0.4500805152979066 0.21037868162692847 0.020933977455716585 0.0364656381486676
0 0.43438003220611915 0.18583450210378682 0.020128824476650563 0.04067321178120617
0 0.4500805152979066 0.1788218793828892 0.01610305958132045 0.03225806451612903
0 0.45088566827697263 0.1514726507713885 0.01610305958132045 0.028050490883590462
0 0.47383252818035426 0.16760168302945302 0.015297906602254429 0.03225806451612903
0 0.464170692431562 0.15568022440392706 0.012077294685990338 0.028050490883590462
0 0.4806763285024155 0.14095371669004209 0.014492753623188406 0.03225806451612903
0 0.49033816425120774 0.18653576437587657 0.02254428341384863 0.04488078541374474
0 0.5028180354267311 0.2187938288920056 0.020128824476650563 0.047685834502103785
0 0.5249597423510467 0.16129032258064516 0.017713365539452495 0.0364656381486676
0 0.5181159420289855 0.1402524544179523 0.015297906602254429 0.025245441795231416
0 0.5120772946859904 0.12552594670406733 0.01288244766505636 0.021037868162692847
0 0.537842190016103 0.17812061711079943 0.01610305958132045 0.03927068723702665
0 0.5466988727858293 0.1332398316970547 0.01610305958132045 0.033660589060308554
0 0.5603864734299517 0.13744740532959326 0.01610305958132045 0.028050490883590462
0 0.5813204508856683 0.15988779803646563 0.017713365539452495 0.0364656381486676
0 0.5660225442834138 0.105890603085554 0.01288244766505636 0.029453015427769985
0 0.5954106280193237 0.12552594670406733 0.012077294685990338 0.02664796633941094
0 0.6143317230273752 0.14936886395511922 0.017713365539452495 0.03506311360448808
0 0.6111111111111112 0.12272089761570827 0.014492753623188406 0.029453015427769985
0 0.5849436392914654 0.11430575035063113 0.010466988727858293 0.023842917251051893
0 0.6203703703703703 0.09537166900420757 0.010466988727858293 0.02244039270687237
0 0.6392914653784219 0.0967741935483871 0.01288244766505636 0.025245441795231416
0 0.6481481481481481 0.13604488078541374 0.01932367149758454 0.0364656381486676
0 0.6690821256038647 0.12833099579242638 0.01288244766505636 0.029453015427769985
0 0.6751207729468599 0.09887798036465638 0.012077294685990338 0.029453015427769985
0 0.6904186795491143 0.10869565217391304 0.013687600644122383 0.029453015427769985
0 0.6871980676328503 0.15427769985974754 0.016908212560386472 0.033660589060308554
0 0.6855877616747182 0.19074333800841514 0.020128824476650563 0.0364656381486676
0 0.6638486312399355 0.21458625525946703 0.023349436392914653 0.047685834502103785
0 0.537842190016103 0.2903225806451613 0.030595813204508857 0.07012622720897616
0 0.5644122383252818 0.23492286115007013 0.02576489533011272 0.04908835904628331
0 0.606682769726248 0.24193548387096775 0.0249597423510467 0.06030855539971949
0 0.6284219001610306 0.19635343618513323 0.021739130434782608 0.047685834502103785
0 0.6731078904991948 0.2608695652173913 0.02254428341384863 0.05329593267882188
0 0.6167471819645732 0.3281907433380084 0.0322061191626409 0.07012622720897616
0 0.8240740740740741 0.3849929873772791 0.04106280193236715 0.08555399719495091
0 0.8872785829307569 0.4396914446002805 0.043478260869565216 0.08274894810659186
0 0.711352657004831 0.22300140252454417 0.021739130434782608 0.056100981767180924
0 0.7564412238325282 0.24123422159887797 0.0249597423510467 0.05890603085553997
0 0.7270531400966184 0.1844319775596073 0.017713365539452495 0.037868162692847124
0 0.7278582930756844 0.13113604488078542 0.01610305958132045 0.03506311360448808
0 0.7451690821256038 0.1388499298737728 0.016908212560386472 0.033660589060308554
0 0.75 0.11079943899018233 0.015297906602254429 0.028050490883590462
0 0.7592592592592593 0.17601683029453016 0.01610305958132045 0.037868162692847124
0 0.7801932367149759 0.15007012622720897 0.01610305958132045 0.0364656381486676
0 0.7966988727858293 0.10799438990182328 0.015297906602254429 0.025245441795231416
0 0.8136070853462157 0.12061711079943899 0.012077294685990338 0.033660589060308554
0 0.8276972624798712 0.1514726507713885 0.01288244766505636 0.0364656381486676
0 0.8373590982286635 0.13464235624123422 0.011272141706924315 0.033660589060308554
0 0.8433977455716586 0.11921458625525946 0.012077294685990338 0.025245441795231416
0 0.8482286634460547 0.17952314165497896 0.015297906602254429 0.0364656381486676
0 0.8325281803542673 0.2131837307152875 0.01610305958132045 0.03927068723702665
0 0.8236714975845411 0.25105189340813466 0.017713365539452495 0.04488078541374474
0 0.783011272141707 0.2061711079943899 0.020128824476650563 0.03927068723702665
0 0.8417874396135265 0.2370266479663394 0.018518518518518517 0.0364656381486676
0 0.8486312399355878 0.2861150070126227 0.027375201288244767 0.06732117812061711
0 0.8671497584541062 0.26788218793828894 0.020933977455716585 0.05890603085553997
0 0.7785829307568438 0.3071528751753156 0.0322061191626409 0.06451612903225806
0 0.927536231884058 0.3246844319775596 0.0322061191626409 0.06591865357643759
0 0.9182769726247987 0.2643758765778401 0.0249597423510467 0.06311360448807854
0 0.9247181964573269 0.2321178120617111 0.021739130434782608 0.04628330995792426
0 0.9420289855072463 0.2061711079943899 0.01932367149758454 0.03927068723702665
0 0.8965378421900161 0.18513323983169705 0.016908212560386472 0.033660589060308554
0 0.8800322061191627 0.22791023842917252 0.01932367149758454 0.051893408134642355
0 0.8727858293075684 0.1879382889200561 0.014492753623188406 0.030855539971949508
0 0.8683574879227053 0.1535764375876578 0.013687600644122383 0.03506311360448808
0 0.8804347826086957 0.1388499298737728 0.015297906602254429 0.033660589060308554
0 0.9041867954911433 0.15217391304347827 0.01610305958132045 0.037868162692847124
0 0.9170692431561996 0.13674614305750352 0.01610305958132045 0.03225806451612903
0 0.9351851851851852 0.15497896213183732 0.015297906602254429 0.037868162692847124
0 0.8047504025764896 0.18162692847124826 0.021739130434782608 0.037868162692847124