0 0.12158203125 0.4141856392294221 0.0537109375 0.10683012259194395
0 0.291015625 0.202276707530648 0.013671875 0.03327495621716287
0 0.30859375 0.20928196147110334 0.01171875 0.03327495621716287
0 0.32421875 0.2084063047285464 0.013671875 0.03152364273204904
0 0.34033203125 0.23204903677758318 0.0185546875 0.040280210157618214
0 0.34619140625 0.20052539404553416 0.0146484375 0.03677758318739054
0 0.34130859375 0.1637478108581436 0.0126953125 0.03327495621716287
0 0.3515625 0.18476357267950963 0.01171875 0.03327495621716287
0 0.36865234375 0.19964973730297722 0.0146484375 0.03502626970227671
0 0.38818359375 0.19964973730297722 0.0166015625 0.03852889667250438
0 0.400390625 0.2469352014010508 0.01953125 0.04553415061295972
0 0.3994140625 0.1628721541155867 0.015625 0.03152364273204904
0 0.39599609375 0.1532399299474606 0.0166015625 0.02626970227670753
0 0.41845703125 0.14886164623467601 0.0126953125 0.024518388791593695
0 0.4345703125 0.15499124343257442 0.015625 0.02626970227670753
0 0.427734375 0.1786339754816112 0.013671875 0.03152364273204904
0 0.43896484375 0.19089316987740806 0.0185546875 0.03152364273204904
0 0.4619140625 0.19439579684763572 0.015625 0.03502626970227671
0 0.4619140625 0.12171628721541156 0.01171875 0.0297723292469352
0 0.48046875 0.13747810858143608 0.009765625 0.0297723292469352
0 0.50341796875 0.18914185639229422 0.0185546875 0.03152364273204904
0 0.49853515625 0.1725043782837128 0.0166015625 0.03677758318739054
0 0.49755859375 0.138353765323993 0.0146484375 0.028021015761821366
0 0.49560546875 0.11471103327495621 0.0107421875 0.02276707530647986
0 0.51708984375 0.11996497373029773 0.0107421875 0.01926444833625219
0 0.5322265625 0.1234676007005254 0.01171875 0.02626970227670753
0 0.52978515625 0.15761821366024517 0.0166015625 0.03152364273204904
0 0.55126953125 0.17513134851138354 0.0146484375 0.04203152364273205
0 0.552734375 0.1436077057793345 0.013671875 0.028021015761821366
0 0.54443359375 0.11558669001751314 0.0107421875 0.028021015761821366
0 0.572265625 0.12697022767075306 0.01171875 0.0297723292469352
0 0.59912109375 0.14973730297723292 0.0166015625 0.03327495621716287
0 0.6201171875 0.12521891418563924 0.013671875 0.02626970227670753
0 0.63818359375 0.14711033274956217 0.0126953125 0.024518388791593695
0 0.65869140625 0.1637478108581436 0.0126953125 0.0297723292469352
0 0.64453125 0.10595446584938704 0.01171875 0.0297723292469352
0 0.60107421875 0.09807355516637478 0.0087890625 0.021015761821366025
0 0.62646484375 0.11120840630472854 0.0107421875 0.02276707530647986
0 0.5595703125 0.2276707530647986 0.021484375 0.05253940455341506
0 0.634765625 0.23642732049036777 0.021484375 0.04203152364273205
0 0.623046875 0.20140105078809106 0.015625 0.03852889667250438
0 0.65771484375 0.2329246935201401 0.0166015625 0.04553415061295972
0 0.68359375 0.2513134851138354 0.021484375 0.047285464098073555
0 0.66845703125 0.3274956217162872 0.0283203125 0.07005253940455342
0 0.74658203125 0.37302977232924694 0.0263671875 0.06304728546409807
0 0.79443359375 0.27933450087565675 0.0224609375 0.050788091068301226
0 0.76025390625 0.2425569176882662 0.0224609375 0.043782837127845885
0 0.73486328125 0.22942206654991243 0.0185546875 0.03852889667250438
0 0.71435546875 0.1786339754816112 0.0166015625 0.04203152364273205
0 0.69873046875 0.16987740805604204 0.0146484375 0.03152364273204904
0 0.68359375 0.10595446584938704 0.01171875 0.0297723292469352
0 0.681640625 0.09544658493870403 0.01171875 0.0297723292469352
0 0.6982421875 0.09982486865148861 0.01171875 0.024518388791593695
0 0.732421875 0.13485113835376533 0.01171875 0.028021015761821366
0 0.7314453125 0.1646234676007005 0.01171875 0.03502626970227671
0 0.74951171875 0.18651488616462347 0.0185546875 0.040280210157618214
0 0.79541015625 0.1987740805604203 0.0166015625 0.03327495621716287
0 0.7880859375 0.159369527145359 0.013671875 0.03152364273204904
0 0.7578125 0.1234676007005254 0.009765625 0.0297723292469352
0 0.7724609375 0.11821366024518389 0.009765625 0.02626970227670753
0 0.787109375 0.1295971978984238 0.009765625 0.021015761821366025
0 0.79736328125 0.11996497373029773 0.0107421875 0.0297723292469352
0 0.82177734375 0.13047285464098074 0.0107421875 0.02626970227670753
0 0.8369140625 0.1436077057793345 0.009765625 0.03152364273204904
0 0.8271484375 0.1637478108581436 0.013671875 0.02626970227670753
0 0.81396484375 0.18914185639229422 0.0146484375 0.03502626970227671
0 0.8193359375 0.2504378283712785 0.017578125 0.04903677758318739
0 0.83935546875 0.21628721541155868 0.0185546875 0.047285464098073555
0 0.8505859375 0.20665499124343256 0.013671875 0.03502626970227671
0 0.865234375 0.1681260945709282 0.013671875 0.03852889667250438
0 0.87255859375 0.1584938704028021 0.0146484375 0.03677758318739054
0 0.9169921875 0.3380035026269702 0.0234375 0.05604203152364273
0 0.89013671875 0.22504378283712784 0.0166015625 0.040280210157618214
0 0.92919921875 0.2513134851138354 0.0166015625 0.040280210157618214
0 0.9296875 0.20928196147110334 0.013671875 0.03677758318739054
0 0.9365234375 0.19352014010507881 0.013671875 0.03677758318739054
0 0.94482421875 0.18038528896672504 0.0107421875 0.03502626970227671
0 0.89404296875 0.17688266199649738 0.0107421875 0.028021015761821366
0 0.90771484375 0.1777583187390543 0.0107421875 0.02626970227670753