0 0.10700934579439253 0.45454545454545453 0.05514018691588785 0.11570247933884298
0 0.2691588785046729 0.23057851239669422 0.018691588785046728 0.03801652892561983
0 0.3280373831775701 0.24958677685950414 0.020560747663551402 0.04297520661157025
0 0.32710280373831774 0.20743801652892563 0.020560747663551402 0.04462809917355372
0 0.3724299065420561 0.19173553719008266 0.017757009345794394 0.03636363636363636
0 0.39065420560747666 0.20165289256198346 0.016822429906542057 0.03636363636363636
0 0.3878504672897196 0.171900826446281 0.011214953271028037 0.02975206611570248
0 0.40420560747663553 0.17272727272727273 0.014018691588785047 0.03140495867768595
0 0.4177570093457944 0.21652892561983472 0.020560747663551402 0.03966942148760331
0 0.4046728971962617 0.24462809917355371 0.022429906542056073 0.03966942148760331
0 0.4135514018691589 0.27603305785123966 0.02149532710280374 0.04628099173553719
0 0.4869158878504673 0.2256198347107438 0.018691588785046728 0.04462809917355372
0 0.44205607476635517 0.20991735537190082 0.018691588785046728 0.04297520661157025
0 0.4411214953271028 0.17355371900826447 0.014953271028037384 0.03305785123966942
0 0.4322429906542056 0.15206611570247933 0.014018691588785047 0.026446280991735537
0 0.47523364485981306 0.16776859504132233 0.014018691588785047 0.03471074380165289
0 0.47102803738317756 0.2024793388429752 0.018691588785046728 0.03801652892561983
0 0.5018691588785047 0.2066115702479339 0.018691588785046728 0.03966942148760331
0 0.5182242990654206 0.17520661157024794 0.01588785046728972 0.03305785123966942
0 0.5074766355140187 0.14710743801652892 0.013084112149532711 0.023140495867768594
0 0.4869158878504673 0.15206611570247933 0.013084112149532711 0.026446280991735537
0 0.4742990654205608 0.14049586776859505 0.010280373831775701 0.023140495867768594
0 0.5383177570093458 0.1446280991735537 0.014953271028037384 0.02809917355371901
0 0.5462616822429907 0.21074380165289255 0.02149532710280374 0.04462809917355372
0 0.5813084112149532 0.16611570247933885 0.016822429906542057 0.03471074380165289
0 0.5728971962616822 0.128099173553719 0.013084112149532711 0.03140495867768595
0 0.5850467289719626 0.11818181818181818 0.013084112149532711 0.03140495867768595
0 0.5976635514018691 0.13553719008264462 0.01588785046728972 0.03305785123966942
0 0.6088785046728972 0.11570247933884298 0.01588785046728972 0.02975206611570248
0 0.6219626168224299 0.13388429752066117 0.01588785046728972 0.03305785123966942
0 0.6359813084112149 0.14958677685950414 0.01588785046728972 0.03140495867768595
0 0.6322429906542056 0.12231404958677686 0.012149532710280374 0.026446280991735537
0 0.6509345794392524 0.12231404958677686 0.012149532710280374 0.023140495867768594
0 0.6537383177570093 0.1446280991735537 0.01588785046728972 0.02809917355371901
0 0.6593457943925234 0.11239669421487604 0.01588785046728972 0.026446280991735537
0 0.680373831775701 0.11239669421487604 0.013084112149532711 0.023140495867768594
0 0.6864485981308411 0.12396694214876033 0.012149532710280374 0.023140495867768594
0 0.711214953271028 0.1231404958677686 0.011214953271028037 0.024793388429752067
0 0.577570093457944 0.27603305785123966 0.028037383177570093 0.05950413223140496
0 0.5649532710280374 0.2545454545454545 0.025233644859813085 0.049586776859504134
0 0.6238317757009346 0.20826446280991737 0.017757009345794394 0.03966942148760331
0 0.6275700934579439 0.24958677685950414 0.025233644859813085 0.04628099173553719
0 0.6869158878504673 0.2611570247933884 0.024299065420560748 0.05289256198347107
0 0.6677570093457944 0.2140495867768595 0.02149532710280374 0.04462809917355372
0 0.6560747663551402 0.1925619834710744 0.020560747663551402 0.03471074380165289
0 0.7070093457943926 0.1884297520661157 0.01588785046728972 0.03305785123966942
0 0.7070093457943926 0.16942148760330578 0.01588785046728972 0.03140495867768595
0 0.7327102803738318 0.1487603305785124 0.014953271028037384 0.03636363636363636
0 0.7182242990654205 0.24958677685950414 0.019626168224299065 0.049586776859504134
0 0.7387850467289719 0.26611570247933886 0.019626168224299065 0.05619834710743802
0 0.7607476635514019 0.256198347107438 0.022429906542056073 0.049586776859504134
0 0.7439252336448599 0.2115702479338843 0.020560747663551402 0.03636363636363636
0 0.7523364485981309 0.18099173553719008 0.013084112149532711 0.03140495867768595
0 0.7607476635514019 0.14793388429752066 0.016822429906542057 0.04462809917355372
0 0.7813084112149533 0.14545454545454545 0.014953271028037384 0.03966942148760331
0 0.7967289719626168 0.15867768595041323 0.014018691588785047 0.03305785123966942
0 0.8098130841121496 0.15950413223140497 0.012149532710280374 0.03140495867768595
0 0.8214953271028037 0.14545454545454545 0.011214953271028037 0.026446280991735537
0 0.7981308411214953 0.21735537190082643 0.018691588785046728 0.04132231404958678
0 0.7962616822429907 0.2909090909090909 0.026168224299065422 0.05950413223140496
0 0.8579439252336448 0.3528925619834711 0.026168224299065422 0.05454545454545454
0 0.914018691588785 0.3884297520661157 0.03177570093457944 0.0628099173553719
0 0.8822429906542056 0.25950413223140495 0.028037383177570093 0.05619834710743802
0 0.841588785046729 0.2396694214876033 0.017757009345794394 0.03966942148760331
0 0.8420560747663551 0.2049586776859504 0.016822429906542057 0.02975206611570248
0 0.8299065420560747 0.1793388429752066 0.013084112149532711 0.02809917355371901
0 0.8490654205607476 0.15206611570247933 0.014018691588785047 0.02975206611570248
0 0.858411214953271 0.19421487603305784 0.01588785046728972 0.03471074380165289
0 0.8682242990654205 0.171900826446281 0.014953271028037384 0.03636363636363636
0 0.8892523364485981 0.1652892561983471 0.014018691588785047 0.03305785123966942
0 0.9121495327102803 0.16198347107438016 0.013084112149532711 0.03305785123966942
0 0.8934579439252337 0.21074380165289255 0.016822429906542057 0.03471074380165289
0 0.9242990654205607 0.2231404958677686 0.020560747663551402 0.04297520661157025
0 0.9294392523364486 0.2553719008264463 0.017757009345794394 0.03801652892561983
0 0.9257009345794392 0.29669421487603304 0.019626168224299065 0.0512396694214876
0 0.9448598130841122 0.21652892561983472 0.016822429906542057 0.03305785123966942
0 0.938785046728972 0.17520661157024794 0.014018691588785047 0.02975206611570248
0 0.9331775700934579 0.19586776859504132 0.012149532710280374 0.02809917355371901