0 0.03218210361067504 0.4241573033707865 0.02511773940345369 0.06460674157303371
0 0.23037676609105182 0.3398876404494382 0.016483516483516484 0.03932584269662921
0 0.2554945054945055 0.3686797752808989 0.01805337519623234 0.04353932584269663
0 0.29317111459968603 0.3616573033707865 0.02119309262166405 0.04073033707865169
0 0.2845368916797488 0.3061797752808989 0.016483516483516484 0.03932584269662921
0 0.32888540031397173 0.35674157303370785 0.02040816326530612 0.042134831460674156
0 0.35047095761381475 0.3279494382022472 0.016483516483516484 0.032303370786516857
0 0.3492935635792779 0.29424157303370785 0.0141287284144427 0.032303370786516857
0 0.38186813186813184 0.2633426966292135 0.013343799058084773 0.026685393258426966
0 0.39913657770800626 0.2696629213483146 0.011773940345368918 0.03089887640449438
0 0.40188383045525905 0.300561797752809 0.01726844583987441 0.03651685393258427
0 0.4007064364207221 0.3342696629213483 0.02119309262166405 0.03932584269662921
0 0.4258241758241758 0.30969101123595505 0.016483516483516484 0.0351123595505618
0 0.4293563579277865 0.2696629213483146 0.0141287284144427 0.03651685393258427
0 0.4215070643642072 0.24297752808988765 0.012558869701726845 0.03089887640449438
0 0.4411302982731554 0.34058988764044945 0.018838304552590265 0.046348314606741575
0 0.45408163265306123 0.4122191011235955 0.027472527472527472 0.05758426966292135
0 0.46350078492935637 0.30337078651685395 0.014913657770800628 0.033707865168539325
0 0.46232339089481944 0.2710674157303371 0.012558869701726845 0.028089887640449437
0 0.46350078492935637 0.24157303370786518 0.011773940345368918 0.03089887640449438
0 0.45486656200941916 0.2422752808988764 0.008634222919937205 0.026685393258426966
0 0.49489795918367346 0.2675561797752809 0.013343799058084773 0.032303370786516857
0 0.49254317111459966 0.3167134831460674 0.019623233908948195 0.037921348314606744
0 0.5058869701726845 0.27668539325842695 0.014913657770800628 0.033707865168539325
0 0.5262951334379906 0.2991573033707865 0.016483516483516484 0.033707865168539325
0 0.5200156985871272 0.3518258426966292 0.022762951334379906 0.04073033707865169
0 0.532574568288854 0.4066011235955056 0.027472527472527472 0.046348314606741575
0 0.5141287284144427 0.25280898876404495 0.012558869701726845 0.03089887640449438
0 0.5306122448979592 0.25 0.015698587127158554 0.03651685393258427
0 0.5486656200941915 0.22191011235955055 0.01098901098901099 0.025280898876404494
0 0.5596546310832025 0.2247191011235955 0.012558869701726845 0.02247191011235955
0 0.5596546310832025 0.24508426966292135 0.012558869701726845 0.02949438202247191
0 0.5643642072213501 0.2633426966292135 0.0141287284144427 0.02949438202247191
0 0.5871271585557299 0.22401685393258428 0.01098901098901099 0.02949438202247191
0 0.5918367346938775 0.20926966292134833 0.01098901098901099 0.025280898876404494
0 0.6059654631083202 0.22401685393258428 0.0141287284144427 0.032303370786516857
0 0.5843799058084772 0.24578651685393257 0.013343799058084773 0.02247191011235955
0 0.5816326530612245 0.3356741573033708 0.02197802197802198 0.0449438202247191
0 0.5812401883830455 0.3925561797752809 0.02433281004709576 0.04915730337078652
0 0.5812401883830455 0.43890449438202245 0.03218210361067504 0.05758426966292135
0 0.6165620094191523 0.4683988764044944 0.030612244897959183 0.07443820224719101
0 0.6393249607535322 0.3707865168539326 0.022762951334379906 0.05056179775280899
0 0.6275510204081632 0.34831460674157305 0.01805337519623234 0.03651685393258427
0 0.6138147566718996 0.3061797752808989 0.018838304552590265 0.03651685393258427
0 0.6204866562009419 0.22963483146067415 0.011773940345368918 0.032303370786516857
0 0.6248037676609105 0.25 0.0141287284144427 0.03089887640449438
0 0.6491365777080063 0.22191011235955055 0.0141287284144427 0.025280898876404494
0 0.6558084772370487 0.2345505617977528 0.013343799058084773 0.028089887640449437
0 0.6718995290423861 0.22612359550561797 0.0141287284144427 0.028089887640449437
0 0.6797488226059655 0.25070224719101125 0.0141287284144427 0.032303370786516857
0 0.6691522762951334 0.3068820224719101 0.01805337519623234 0.04073033707865169
0 0.6679748822605965 0.35674157303370785 0.02197802197802198 0.0449438202247191
0 0.7029042386185244 0.4066011235955056 0.027472527472527472 0.05196629213483146
0 0.6844583987441131 0.48525280898876405 0.03924646781789639 0.0800561797752809
0 0.7484301412872841 0.43047752808988765 0.027472527472527472 0.06882022471910113
0 0.7032967032967034 0.29002808988764045 0.015698587127158554 0.0351123595505618
0 0.7115384615384616 0.25702247191011235 0.016483516483516484 0.03932584269662921
0 0.7201726844583988 0.24508426966292135 0.01020408163265306 0.02949438202247191
0 0.7339089481946625 0.23174157303370788 0.0141287284144427 0.028089887640449437
0 0.7346938775510204 0.26615168539325845 0.01098901098901099 0.02949438202247191
0 0.7448979591836735 0.2851123595505618 0.0141287284144427 0.042134831460674156
0 0.7598116169544741 0.25280898876404495 0.01098901098901099 0.025280898876404494
0 0.7527472527472527 0.25 0.012558869701726845 0.028089887640449437
0 0.793171114599686 0.26896067415730335 0.014913657770800628 0.032303370786516857
0 0.814756671899529 0.25702247191011235 0.0141287284144427 0.033707865168539325
0 0.8249607535321821 0.28019662921348315 0.0141287284144427 0.037921348314606744
0 0.8300627943485086 0.27247191011235955 0.011773940345368918 0.033707865168539325
0 0.8441915227629513 0.2640449438202247 0.011773940345368918 0.03651685393258427
0 0.8630298273155416 0.28230337078651685 0.013343799058084773 0.033707865168539325
0 0.9046310832025117 0.28230337078651685 0.011773940345368918 0.02247191011235955
0 0.902276295133438 0.3082865168539326 0.013343799058084773 0.032303370786516857
0 0.8865777080062794 0.3089887640449438 0.013343799058084773 0.033707865168539325
0 0.8799058084772371 0.3279494382022472 0.012558869701726845 0.032303370786516857
0 0.8540031397174255 0.3146067415730337 0.015698587127158554 0.03651685393258427
0 0.8897174254317112 0.351123595505618 0.019623233908948195 0.03932584269662921
0 0.8532182103610675 0.35814606741573035 0.01726844583987441 0.042134831460674156
0 0.8120094191522763 0.3188202247191011 0.014913657770800628 0.042134831460674156
0 0.7896389324960753 0.31179775280898875 0.015698587127158554 0.033707865168539325
0 0.8100470957613815 0.33707865168539325 0.018838304552590265 0.042134831460674156
0 0.8332025117739403 0.3693820224719101 0.022762951334379906 0.05337078651685393
0 0.8732339089481946 0.4571629213483146 0.025902668759811617 0.060393258426966294
0 0.8198587127158555 0.4529494382022472 0.030612244897959183 0.05196629213483146
0 0.7857142857142857 0.3595505617977528 0.02197802197802198 0.047752808988764044
0 0.7908163265306123 0.5091292134831461 0.03218210361067504 0.06601123595505617