0 0.06220767072029935 0.3843594009983361 0.04396632366697849 0.07653910149750416
0 0.25116931711880264 0.28286189683860236 0.01777362020579981 0.033277870216306155
0 0.2722170252572498 0.2637271214642263 0.0205799812909261 0.04492512479201331
0 0.2876520112254443 0.27703826955074873 0.01777362020579981 0.03161397670549085
0 0.30636108512628624 0.2562396006655574 0.023386342376052385 0.04991680532445923
0 0.3292797006548176 0.26622296173044924 0.018709073900841908 0.04326123128119801
0 0.3451824134705332 0.26455906821963393 0.018709073900841908 0.04991680532445923
0 0.3255378858746492 0.21630615640599002 0.018709073900841908 0.033277870216306155
0 0.3498596819457437 0.2096505823627288 0.01683816651075772 0.036605657237936774
0 0.37652011225444343 0.20549084858569053 0.01777362020579981 0.03494176372712146
0 0.3891487371375117 0.1913477537437604 0.018709073900841908 0.036605657237936774
0 0.3985032740879326 0.20382695507487522 0.01683816651075772 0.03826955074875208
0 0.42656688493919553 0.21214642262895175 0.01683816651075772 0.028286189683860232
0 0.4307764265668849 0.2612312811980033 0.023386342376052385 0.04991680532445923
0 0.4167446211412535 0.16306156405990016 0.015902712815715623 0.026622296173044926
0 0.42984097287184286 0.15806988352745424 0.015902712815715623 0.036605657237936774
0 0.4382600561272217 0.19966722129783693 0.015902712815715623 0.033277870216306155
0 0.4536950420954163 0.22046589018302828 0.018709073900841908 0.03494176372712146
0 0.46351730589335827 0.19966722129783693 0.01777362020579981 0.033277870216306155
0 0.4597754911131899 0.1638935108153078 0.015902712815715623 0.028286189683860232
0 0.4522918615528531 0.14226289517470883 0.01216089803554724 0.021630615640599003
0 0.470533208606174 0.14559068219633944 0.01683816651075772 0.028286189683860232
0 0.480823199251637 0.15557404326123128 0.0205799812909261 0.03161397670549085
0 0.4869036482694107 0.12229617304492513 0.01403180542563143 0.021630615640599003
0 0.5023386342376053 0.15141430948419302 0.014967259120673527 0.036605657237936774
0 0.5187090739008419 0.1480865224625624 0.01777362020579981 0.029950083194675542
0 0.4915809167446211 0.22046589018302828 0.023386342376052385 0.04492512479201331
0 0.520112254443405 0.20632279534109818 0.02432179607109448 0.036605657237936774
0 0.5420954162768943 0.12895174708818635 0.015902712815715623 0.028286189683860232
0 0.5509822263797942 0.15640599001663893 0.01683816651075772 0.033277870216306155
0 0.5579981290926099 0.13477537437603992 0.015902712815715623 0.033277870216306155
0 0.5748362956033677 0.17470881863560733 0.019644527595884004 0.04326123128119801
0 0.5799812909260992 0.14891846921797006 0.018709073900841908 0.03161397670549085
0 0.5617399438727783 0.10149750415973377 0.01403180542563143 0.02329450915141431
0 0.5888681010289991 0.11314475873544093 0.015902712815715623 0.026622296173044926
0 0.5916744621141253 0.09317803660565724 0.01403180542563143 0.026622296173044926
0 0.6206735266604303 0.13560732113144758 0.015902712815715623 0.03161397670549085
0 0.6145930776426567 0.11730449251247921 0.013096351730589336 0.021630615640599003
0 0.618334892422825 0.09983361064891846 0.013096351730589336 0.02329450915141431
0 0.637043966323667 0.11397670549084858 0.013096351730589336 0.028286189683860232
0 0.6524789522918616 0.09650582362728785 0.01403180542563143 0.026622296173044926
0 0.6707202993451824 0.10815307820299501 0.014967259120673527 0.026622296173044926
0 0.7006548175865295 0.08985024958402663 0.014967259120673527 0.033277870216306155
0 0.5645463049579046 0.23710482529118138 0.023386342376052385 0.048252911813643926
0 0.48971000935453696 0.2870216306156406 0.03086997193638915 0.05490848585690516
0 0.54911131898971 0.29866888519134777 0.029934518241347054 0.05490848585690516
0 0.608044901777362 0.3211314475873544 0.031805425631431246 0.059900166389351084
0 0.6089803554724041 0.2529118136439268 0.029934518241347054 0.05324459234608985
0 0.6206735266604303 0.2096505823627288 0.023386342376052385 0.04991680532445923
0 0.6641721234798877 0.19633943427620631 0.0205799812909261 0.04658901830282862
0 0.6548175865294668 0.16472545757071547 0.018709073900841908 0.036605657237936774
0 0.6824134705332086 0.14559068219633944 0.021515434985968196 0.04159733777038269
0 0.7076707202993452 0.12728785357737105 0.015902712815715623 0.03494176372712146
0 0.6992516370439663 0.20299500831946754 0.023386342376052385 0.04991680532445923
0 0.6637043966323667 0.25540765391014975 0.028999064546304958 0.048252911813643926
0 0.7095416276894294 0.2878535773710483 0.03086997193638915 0.04991680532445923
0 0.6777362020579981 0.32945091514143093 0.03461178671655753 0.0632279534109817
0 0.7806361085126287 0.29367720465890185 0.03274087932647334 0.064891846921797
0 0.7535079513564079 0.2271214642262895 0.025257249766136577 0.06156405990016639
0 0.7217025257249766 0.17470881863560733 0.021515434985968196 0.04658901830282862
0 0.7282507015902713 0.14725457570715475 0.01777362020579981 0.03826955074875208
0 0.7362020579981291 0.11896838602329451 0.01683816651075772 0.03826955074875208
0 0.7469597754911131 0.129783693843594 0.01403180542563143 0.03993344425956739
0 0.7563143124415341 0.14559068219633944 0.01777362020579981 0.03826955074875208
0 0.7530402245088869 0.10565723793677205 0.013096351730589336 0.03826955074875208
0 0.7670720299345183 0.12479201331114809 0.01683816651075772 0.03993344425956739
0 0.7834424695977549 0.11647254575707154 0.01216089803554724 0.029950083194675542
0 0.7970065481758652 0.12895174708818635 0.014967259120673527 0.03161397670549085
0 0.8119738072965388 0.12229617304492513 0.014967259120673527 0.03494176372712146
0 0.7974742750233863 0.16722129783693843 0.019644527595884004 0.04159733777038269
0 0.8157156220767072 0.16306156405990016 0.014967259120673527 0.036605657237936774
0 0.8362956033676333 0.13311148086522462 0.014967259120673527 0.036605657237936774
0 0.8456501403180543 0.18635607321131448 0.01683816651075772 0.04658901830282862
0 0.8058933582787652 0.23876871880199668 0.021515434985968196 0.05490848585690516
0 0.8666978484565014 0.2254575707154742 0.019644527595884004 0.04492512479201331
0 0.882132834424696 0.1913477537437604 0.01683816651075772 0.036605657237936774
0 0.891955098222638 0.15973377703826955 0.01777362020579981 0.03993344425956739
0 0.8947614593077643 0.12229617304492513 0.01777362020579981 0.03826955074875208
0 0.85266604303087 0.1464226289517471 0.01777362020579981 0.036605657237936774
0 0.8620205799812909 0.1405990016638935 0.01403180542563143 0.03494176372712146
0 0.8704396632366698 0.12312811980033278 0.01216089803554724 0.026622296173044926
0 0.9167446211412535 0.1638935108153078 0.018709073900841908 0.04159733777038269
0 0.9256314312441534 0.19217970049916805 0.015902712815715623 0.04492512479201331
0 0.9289055191768008 0.15640599001663893 0.013096351730589336 0.036605657237936774