0 0.33702213279678067 0.21225577264653642 0.014084507042253521 0.03374777975133215
0 0.4426559356136821 0.22202486678507993 0.02012072434607646 0.03907637655417407
0 0.4894366197183099 0.2255772646536412 0.023138832997987926 0.035523978685612786
0 0.506036217303823 0.18561278863232683 0.02012072434607646 0.04085257548845471
0 0.5477867203219315 0.19449378330373002 0.01710261569416499 0.04085257548845471
0 0.5850100603621731 0.17495559502664298 0.015090543259557344 0.03374777975133215
0 0.7052313883299799 0.12255772646536411 0.018108651911468814 0.035523978685612786
0 0.6740442655935613 0.18561278863232683 0.01609657947686117 0.03019538188277087
0 0.6378269617706237 0.25754884547069273 0.02414486921529175 0.05328596802841918
0 0.721830985915493 0.2966252220248668 0.025150905432595575 0.06394316163410302
0 0.817907444668008 0.13321492007104796 0.018108651911468814 0.04262877442273535
0 0.8878269617706237 0.13587921847246892 0.019114688128772636 0.04440497335701599
0 0.8329979879275654 0.23268206039076378 0.018108651911468814 0.04262877442273535
0 0.8405432595573441 0.3401420959147424 0.02716297786720322 0.05150976909413854
0 0.9285714285714286 0.2841918294849023 0.02012072434607646 0.035523978685612786
0 0.6197183098591549 0.1447602131438721 0.012072434607645875 0.02664298401420959