0 0.15801668211306766 0.3516393442622951 0.030583873957367932 0.06393442622950819
0 0.2812789620018536 0.24754098360655738 0.012048192771084338 0.02622950819672131
0 0.3030583873957368 0.23934426229508196 0.011121408711770158 0.03278688524590164
0 0.298887859128823 0.27295081967213114 0.013901760889712697 0.02459016393442623
0 0.35542168674698793 0.26721311475409837 0.017608897126969416 0.03934426229508197
0 0.3767377201112141 0.2836065573770492 0.019462465245597776 0.04262295081967213
0 0.36654309545875813 0.19508196721311474 0.015755329008341055 0.029508196721311476
0 0.38368860055607046 0.22868852459016392 0.016682113067655237 0.03114754098360656
0 0.39527340129749766 0.19672131147540983 0.013901760889712697 0.029508196721311476
0 0.44207599629286376 0.2262295081967213 0.018535681186283594 0.03934426229508197
0 0.4712696941612604 0.2319672131147541 0.019462465245597776 0.03770491803278689
0 0.5106580166821131 0.20901639344262296 0.016682113067655237 0.03770491803278689
0 0.5435588507877664 0.1819672131147541 0.013901760889712697 0.029508196721311476
0 0.6167747914735866 0.1040983606557377 0.010194624652455977 0.021311475409836064
0 0.6408711770157554 0.10573770491803279 0.012048192771084338 0.02459016393442623
0 0.6728452270620945 0.10327868852459017 0.011121408711770158 0.02622950819672131
0 0.6978683966635774 0.1040983606557377 0.011121408711770158 0.02459016393442623
0 0.48424467099165897 0.32295081967213113 0.030583873957367932 0.05573770491803279
0 0.567191844300278 0.25081967213114753 0.018535681186283594 0.04590163934426229
0 0.5653382761816497 0.29918032786885246 0.020389249304911955 0.054098360655737705
0 0.6000926784059314 0.32868852459016396 0.023169601482854494 0.06393442622950819
0 0.6265060240963856 0.21065573770491802 0.014828544949026877 0.03442622950819672
0 0.6241890639481001 0.25901639344262295 0.019462465245597776 0.04262295081967213
0 0.6566265060240963 0.21311475409836064 0.019462465245597776 0.036065573770491806
0 0.659870250231696 0.1721311475409836 0.014828544949026877 0.03278688524590164
0 0.6793327154772938 0.18524590163934426 0.016682113067655237 0.04262295081967213
0 0.6862835959221502 0.31311475409836065 0.03243744207599629 0.06229508196721312
0 0.7409638554216867 0.11885245901639344 0.012048192771084338 0.03114754098360656
0 0.7252085264133457 0.19344262295081968 0.021316033364226137 0.04918032786885246
0 0.7196478220574606 0.27377049180327867 0.021316033364226137 0.05245901639344262
0 0.7743280815569972 0.1598360655737705 0.015755329008341055 0.03442622950819672
0 0.7650602409638554 0.21721311475409835 0.013901760889712697 0.04426229508196721
0 0.7798887859128822 0.20655737704918034 0.015755329008341055 0.03934426229508197
0 0.7562557924003707 0.33114754098360655 0.029657089898053754 0.06557377049180328
0 0.788693234476367 0.2819672131147541 0.018535681186283594 0.04918032786885246
0 0.8049119555143651 0.24016393442622952 0.015755329008341055 0.047540983606557376
0 0.7924003707136237 0.3959016393442623 0.024096385542168676 0.07049180327868852
0 0.8266913809082483 0.31475409836065577 0.022242817423540315 0.05901639344262295
0 0.9054680259499537 0.43524590163934423 0.029657089898053754 0.07704918032786885
0 0.901760889712697 0.32295081967213113 0.020389249304911955 0.05901639344262295
0 0.8665430954587581 0.26229508196721313 0.018535681186283594 0.04262295081967213
0 0.8739573679332715 0.20327868852459016 0.018535681186283594 0.04590163934426229
0 0.9263206672845227 0.2459016393442623 0.021316033364226137 0.036065573770491806
0 0.9161260426320668 0.21475409836065573 0.013901760889712697 0.03278688524590164
0 0.7965708989805376 0.15655737704918032 0.015755329008341055 0.03114754098360656
0 0.8192771084337349 0.13934426229508196 0.012974976830398516 0.03278688524590164
0 0.8322520852641334 0.14098360655737704 0.011121408711770158 0.03278688524590164
0 0.8507877664504171 0.17295081967213113 0.014828544949026877 0.03114754098360656
0 0.8595922150139017 0.13524590163934427 0.012048192771084338 0.03442622950819672
0 0.8999073215940686 0.14754098360655737 0.011121408711770158 0.02622950819672131
0 0.922613531047266 0.15655737704918032 0.012048192771084338 0.021311475409836064
0 0.8544949026876738 0.14590163934426228 0.009267840593141797 0.02622950819672131
0 0.8234476367006488 0.2098360655737705 0.017608897126969416 0.04262295081967213
0 0.7645968489341983 0.130327868852459 0.011121408711770158 0.03114754098360656
0 0.7530120481927711 0.14508196721311475 0.015755329008341055 0.03770491803278689
0 0.6126042632066728 0.13934426229508196 0.012974976830398516 0.029508196721311476
0 0.5949953660797034 0.10655737704918032 0.009267840593141797 0.02622950819672131
0 0.5866543095458758 0.1221311475409836 0.011121408711770158 0.02459016393442623
0 0.5556070435588508 0.12131147540983607 0.010194624652455977 0.02622950819672131
0 0.5630213160333642 0.13278688524590163 0.012048192771084338 0.02622950819672131
0 0.5810936051899908 0.14098360655737704 0.012974976830398516 0.03278688524590164
0 0.5750695088044485 0.16721311475409836 0.013901760889712697 0.03278688524590164
0 0.5963855421686747 0.16393442622950818 0.015755329008341055 0.029508196721311476
0 0.5125115848007414 0.14918032786885246 0.012974976830398516 0.02622950819672131
0 0.5236329935125116 0.1721311475409836 0.014828544949026877 0.03278688524590164
0 0.448563484708063 0.16475409836065574 0.012974976830398516 0.02459016393442623
0 0.4870250231696015 0.17131147540983607 0.013901760889712697 0.03114754098360656
0 0.4833178869323448 0.1959016393442623 0.015755329008341055 0.03770491803278689
0 0.4128822984244671 0.1737704918032787 0.010194624652455977 0.022950819672131147
0 0.6436515291936978 0.13688524590163934 0.008341056533827619 0.027868852459016394
0 0.907321594068582 0.27049180327868855 0.016682113067655237 0.04918032786885246