0 0.200281425891182 0.4568106312292359 0.040337711069418386 0.08637873754152824
0 0.42917448405253283 0.0872093023255814 0.010318949343339587 0.02159468438538206
0 0.48405253283302063 0.17940199335548174 0.016885553470919325 0.03986710963455149
0 0.5150093808630394 0.18687707641196014 0.01876172607879925 0.03156146179401993
0 0.5572232645403377 0.1362126245847176 0.0150093808630394 0.03322259136212625
0 0.7063789868667918 0.17691029900332225 0.016885553470919325 0.03820598006644518
0 0.7607879924953096 0.1777408637873754 0.0150093808630394 0.03322259136212625
0 0.7926829268292683 0.1893687707641196 0.0150093808630394 0.03322259136212625
0 0.8020637898686679 0.1777408637873754 0.0150093808630394 0.03322259136212625
0 0.8367729831144465 0.1877076411960133 0.0150093808630394 0.036544850498338874
0 0.8775797373358349 0.2898671096345515 0.019699812382739212 0.04817275747508306
0 0.9437148217636022 0.24584717607973422 0.0150093808630394 0.036544850498338874
0 0.975609756097561 0.13372093023255813 0.013133208255159476 0.03156146179401993