0 0.15254237288135594 0.351575456053068 0.03766478342749529 0.07628524046434494
0 0.256120527306968 0.2769485903814262 0.015065913370998116 0.026533996683250415
0 0.294256120527307 0.2595356550580431 0.01977401129943503 0.04477611940298507
0 0.3455743879472693 0.208955223880597 0.02071563088512241 0.026533996683250415
0 0.3168549905838041 0.24129353233830847 0.01977401129943503 0.03482587064676617
0 0.3163841807909605 0.2877280265339967 0.018832391713747645 0.04145936981757877
0 0.365819209039548 0.24958540630182421 0.027306967984934087 0.04809286898839138
0 0.3733521657250471 0.2197346600331675 0.01977401129943503 0.028192371475953566
0 0.384180790960452 0.19402985074626866 0.02071563088512241 0.029850746268656716
0 0.4110169491525424 0.16832504145936983 0.0160075329566855 0.03150912106135987
0 0.423728813559322 0.18490878938640132 0.02448210922787194 0.03814262023217247
0 0.4284369114877589 0.2197346600331675 0.02071563088512241 0.03814262023217247
0 0.4463276836158192 0.18988391376451078 0.026365348399246705 0.03814262023217247
0 0.455743879472693 0.16832504145936983 0.022598870056497175 0.03814262023217247
0 0.4524482109227872 0.2230514096185738 0.023540489642184557 0.04477611940298507
0 0.4755178907721281 0.24792703150912107 0.02448210922787194 0.03482587064676617
0 0.4839924670433145 0.1310116086235489 0.013182674199623353 0.029850746268656716
0 0.4806967984934087 0.16666666666666666 0.027306967984934087 0.03482587064676617
0 0.4872881355932203 0.20149253731343283 0.023540489642184557 0.04145936981757877
0 0.5188323917137476 0.2023217247097844 0.02824858757062147 0.04311774461028192
0 0.5560263653483992 0.15671641791044777 0.01977401129943503 0.03814262023217247
0 0.5343691148775894 0.14096185737976782 0.017890772128060263 0.03316749585406302
0 0.512241054613936 0.07213930348258707 0.015065913370998116 0.024875621890547265
0 0.5753295668549906 0.17330016583747926 0.01694915254237288 0.03482587064676617
0 0.582391713747646 0.13681592039800994 0.025423728813559324 0.05472636815920398
0 0.5894538606403014 0.0978441127694859 0.018832391713747645 0.029850746268656716
0 0.6101694915254238 0.05721393034825871 0.009416195856873822 0.02155887230514096
0 0.620527306967985 0.14344941956882257 0.022598870056497175 0.03814262023217247
0 0.6468926553672316 0.0978441127694859 0.013182674199623353 0.02321724709784411
0 0.6727871939736346 0.11442786069651742 0.014124293785310734 0.01990049751243781
0 0.704331450094162 0.06550580431177445 0.013182674199623353 0.03150912106135987
0 0.487758945386064 0.29933665008291876 0.02824858757062147 0.05804311774461028
0 0.5353107344632768 0.34577114427860695 0.025423728813559324 0.04145936981757877
0 0.57015065913371 0.24046434494195687 0.027306967984934087 0.04975124378109453
0 0.635593220338983 0.20398009950248755 0.022598870056497175 0.04311774461028192
0 0.6111111111111112 0.26533996683250416 0.02448210922787194 0.03648424543946932
0 0.5918079096045198 0.3524046434494196 0.031073446327683617 0.07131011608623548
0 0.67984934086629 0.33913764510779437 0.035781544256120526 0.06135986733001658
0 0.6610169491525424 0.29187396351575456 0.03766478342749529 0.04975124378109453
0 0.6916195856873822 0.21890547263681592 0.023540489642184557 0.03648424543946932
0 0.698210922787194 0.18325041459369817 0.021657250470809793 0.03482587064676617
0 0.7401129943502824 0.11940298507462686 0.018832391713747645 0.029850746268656716
0 0.7278719397363466 0.14593698175787728 0.022598870056497175 0.03980099502487562
0 0.7876647834274952 0.12603648424543948 0.017890772128060263 0.03316749585406302
0 0.7669491525423728 0.12935323383084577 0.023540489642184557 0.03316749585406302
0 0.7509416195856874 0.14427860696517414 0.023540489642184557 0.03980099502487562
0 0.7570621468926554 0.1724709784411277 0.022598870056497175 0.029850746268656716
0 0.7471751412429378 0.19237147595356552 0.0160075329566855 0.03316749585406302
0 0.756120527306968 0.23880597014925373 0.03389830508474576 0.04643449419568822
0 0.7405838041431262 0.28441127694859036 0.025423728813559324 0.05804311774461028
0 0.7730696798493408 0.29270315091210614 0.02824858757062147 0.05472636815920398
0 0.809322033898305 0.24875621890547264 0.021657250470809793 0.04643449419568822
0 0.7951977401129944 0.18407960199004975 0.021657250470809793 0.03316749585406302
0 0.8408662900188324 0.1351575456053068 0.011299435028248588 0.024875621890547265
0 0.8498116760828626 0.18159203980099503 0.01977401129943503 0.03150912106135987
0 0.8677024482109228 0.14759535655058043 0.017890772128060263 0.03316749585406302
0 0.8950094161958568 0.14096185737976782 0.017890772128060263 0.03316749585406302
0 0.8709981167608286 0.23880597014925373 0.01694915254237288 0.03980099502487562
0 0.9213747645951036 0.263681592039801 0.021657250470809793 0.04975124378109453
0 0.8860640301318268 0.1857379767827529 0.02071563088512241 0.03980099502487562
0 0.9279661016949152 0.20149253731343283 0.023540489642184557 0.04145936981757877
0 0.9322033898305084 0.15671641791044777 0.015065913370998116 0.028192371475953566
0 0.7984934086629002 0.14676616915422885 0.018832391713747645 0.03150912106135987
0 0.5188323917137476 0.16583747927031509 0.02824858757062147 0.029850746268656716
0 0.8309792843691148 0.16003316749585406 0.023540489642184557 0.04809286898839138
0 0.667608286252354 0.21144278606965175 0.02448210922787194 0.05804311774461028
0 0.6718455743879472 0.18159203980099503 0.017890772128060263 0.04809286898839138
0 0.6379472693032016 0.12106135986733002 0.017890772128060263 0.03316749585406302
0 0.8620527306967984 0.12935323383084577 0.014124293785310734 0.01658374792703151