0 0.20667284522706209 0.400990099009901 0.03707136237256719 0.0858085808580858
0 0.2520852641334569 0.26567656765676567 0.020389249304911955 0.039603960396039604
0 0.2873030583873957 0.26815181518151815 0.022242817423540315 0.041254125412541254
0 0.26969416126042633 0.26567656765676567 0.014828544949026877 0.026402640264026403
0 0.3118628359592215 0.23267326732673269 0.017608897126969416 0.036303630363036306
0 0.3382761816496756 0.24587458745874588 0.020389249304911955 0.036303630363036306
0 0.34661723818350326 0.23102310231023102 0.014828544949026877 0.036303630363036306
0 0.3443002780352178 0.20132013201320131 0.013901760889712697 0.0297029702970297
0 0.36422613531047265 0.24257425742574257 0.018535681186283594 0.0429042904290429
0 0.3804448563484708 0.26815181518151815 0.023169601482854494 0.04455445544554455
0 0.3994439295644115 0.28135313531353134 0.025949953660797033 0.05115511551155116
0 0.36561631139944395 0.1773927392739274 0.013901760889712697 0.03135313531353135
0 0.3795180722891566 0.18564356435643564 0.015755329008341055 0.037953795379537955
0 0.3980537534754402 0.2145214521452145 0.017608897126969416 0.036303630363036306
0 0.42168674698795183 0.18151815181518152 0.014828544949026877 0.039603960396039604
0 0.4355885078776645 0.18564356435643564 0.020389249304911955 0.041254125412541254
0 0.4578313253012048 0.24092409240924093 0.024096385542168676 0.056105610561056105
0 0.4759036144578313 0.19884488448844884 0.017608897126969416 0.034653465346534656
0 0.4684893419833179 0.16419141914191418 0.015755329008341055 0.024752475247524754
0 0.45505097312326226 0.14356435643564355 0.014828544949026877 0.0231023102310231
0 0.48007414272474513 0.12871287128712872 0.014828544949026877 0.026402640264026403
0 0.5120481927710844 0.16419141914191418 0.015755329008341055 0.03135313531353135
0 0.49814643188137164 0.1971947194719472 0.021316033364226137 0.037953795379537955
0 0.5222428174235403 0.2004950495049505 0.021316033364226137 0.041254125412541254
0 0.5491195551436515 0.15594059405940594 0.015755329008341055 0.041254125412541254
0 0.5759962928637627 0.16336633663366337 0.017608897126969416 0.033003300330033
0 0.5611677479147359 0.15264026402640263 0.015755329008341055 0.03135313531353135
0 0.5648748841519926 0.12458745874587458 0.013901760889712697 0.034653465346534656
0 0.6024096385542169 0.14603960396039603 0.014828544949026877 0.028052805280528052
0 0.6047265987025023 0.12211221122112212 0.012048192771084338 0.0231023102310231
0 0.6061167747914736 0.10726072607260725 0.011121408711770158 0.019801980198019802
0 0.5829471733086191 0.1254125412541254 0.012974976830398516 0.0297029702970297
0 0.6334569045412419 0.13036303630363036 0.017608897126969416 0.0297029702970297
0 0.6408711770157554 0.11468646864686469 0.012048192771084338 0.02145214521452145
0 0.6723818350324374 0.11963696369636964 0.017608897126969416 0.03135313531353135
0 0.5690454124189064 0.21204620462046206 0.025949953660797033 0.04455445544554455
0 0.4995366079703429 0.2887788778877888 0.025949953660797033 0.056105610561056105
0 0.5560704355885079 0.28052805280528054 0.03151065801668211 0.0627062706270627
0 0.6098239110287303 0.30363036303630364 0.027803521779425393 0.0594059405940594
0 0.5987025023169601 0.28135313531353134 0.022242817423540315 0.04455445544554455
0 0.6177015755329008 0.2103960396039604 0.028730305838739572 0.04785478547854786
0 0.6543095458758109 0.17656765676567657 0.020389249304911955 0.036303630363036306
0 0.6594068582020389 0.21617161716171618 0.023169601482854494 0.0429042904290429
0 0.6589434661723819 0.27145214521452143 0.027803521779425393 0.06105610561056106
0 0.6904541241890639 0.22194719471947194 0.022242817423540315 0.05115511551155116
0 0.696014828544949 0.17986798679867988 0.020389249304911955 0.0429042904290429
0 0.7001853568118629 0.1476897689768977 0.017608897126969416 0.03135313531353135
0 0.7099165894346617 0.264026402640264 0.03151065801668211 0.0627062706270627
0 0.7437442075996293 0.31600660066006603 0.028730305838739572 0.057755775577557754
0 0.7483781278962002 0.2376237623762376 0.025023169601482854 0.0594059405940594
0 0.835032437442076 0.29125412541254125 0.027803521779425393 0.06435643564356436
0 0.7159406858202039 0.1773927392739274 0.017608897126969416 0.037953795379537955
0 0.741890639481001 0.19224422442244224 0.017608897126969416 0.034653465346534656
0 0.7381835032437442 0.16419141914191418 0.015755329008341055 0.028052805280528052
0 0.7571825764596849 0.15346534653465346 0.014828544949026877 0.036303630363036306
0 0.7460611677479148 0.12788778877887788 0.012974976830398516 0.03135313531353135
0 0.773401297497683 0.1551155115511551 0.015755329008341055 0.033003300330033
0 0.788693234476367 0.15759075907590758 0.020389249304911955 0.037953795379537955
0 0.7659870250231696 0.19141914191419143 0.025023169601482854 0.0462046204620462
0 0.8174235403151066 0.20544554455445543 0.022242817423540315 0.037953795379537955
0 0.8317886932344764 0.18729372937293728 0.015755329008341055 0.03135313531353135
0 0.8345690454124189 0.16831683168316833 0.013901760889712697 0.026402640264026403
0 0.8243744207599629 0.14521452145214522 0.012048192771084338 0.026402640264026403
0 0.8897126969416126 0.2731023102310231 0.025949953660797033 0.054455445544554455
0 0.8359592215013901 0.2599009900990099 0.022242817423540315 0.041254125412541254
0 0.8758109360518999 0.19141914191419143 0.020389249304911955 0.036303630363036306
0 0.8744207599629287 0.1617161716171617 0.013901760889712697 0.0231023102310231
0 0.8846153846153846 0.1542904290429043 0.012048192771084338 0.034653465346534656