0 0.19660861594867093 0.39935064935064934 0.05224564619615032 0.09090909090909091
0 0.27406049495875345 0.2621753246753247 0.01833180568285976 0.03409090909090909
0 0.29514207149404215 0.2711038961038961 0.01833180568285976 0.03571428571428571
0 0.29422548120989916 0.24025974025974026 0.02016498625114574 0.03571428571428571
0 0.34555453712190654 0.2702922077922078 0.02016498625114574 0.037337662337662336
0 0.3693858845096242 0.2775974025974026 0.02383134738771769 0.04220779220779221
0 0.36526122823098073 0.19724025974025974 0.017415215398716773 0.030844155844155844
0 0.387717690192484 0.2224025974025974 0.02016498625114574 0.04220779220779221
0 0.4010082493125573 0.1737012987012987 0.01924839596700275 0.02922077922077922
0 0.424839596700275 0.1810064935064935 0.017415215398716773 0.037337662337662336
0 0.4385884509624198 0.22646103896103897 0.017415215398716773 0.04383116883116883
0 0.46837763519706693 0.23133116883116883 0.02383134738771769 0.04383116883116883
0 0.44958753437213567 0.18668831168831168 0.017415215398716773 0.03571428571428571
0 0.46379468377635197 0.13717532467532467 0.010999083409715857 0.021103896103896104
0 0.4702108157653529 0.15422077922077923 0.012832263978001834 0.02922077922077922
0 0.4770852428964253 0.19155844155844157 0.017415215398716773 0.03571428571428571
0 0.4867094408799267 0.19480519480519481 0.01833180568285976 0.03571428571428571
0 0.5169569202566453 0.19480519480519481 0.02016498625114574 0.04220779220779221
0 0.5100824931255729 0.1534090909090909 0.013748854262144821 0.030844155844155844
0 0.504582951420715 0.13068181818181818 0.01008249312557287 0.021103896103896104
0 0.537121906507791 0.13555194805194806 0.01466544454628781 0.024350649350649352
0 0.5508707607699358 0.1266233766233766 0.010999083409715857 0.025974025974025976
0 0.5572868927589367 0.1396103896103896 0.01466544454628781 0.02922077922077922
0 0.5756186984417965 0.14042207792207792 0.01466544454628781 0.024350649350649352
0 0.580659945004583 0.1241883116883117 0.011915673693858845 0.027597402597402596
0 0.5902841429880843 0.10470779220779221 0.012832263978001834 0.021103896103896104
0 0.6104491292392301 0.10795454545454546 0.012832263978001834 0.027597402597402596
0 0.5875343721356554 0.174512987012987 0.016498625114573784 0.030844155844155844
0 0.6072410632447296 0.1461038961038961 0.015582034830430797 0.02922077922077922
0 0.6347387717690193 0.1387987012987013 0.015582034830430797 0.030844155844155844
0 0.6374885426214482 0.10795454545454546 0.011915673693858845 0.024350649350649352
0 0.6645279560036663 0.10795454545454546 0.01466544454628781 0.027597402597402596
0 0.6846929422548121 0.11525974025974026 0.01466544454628781 0.02922077922077922
0 0.49495875343721357 0.29545454545454547 0.025664527956003668 0.05519480519480519
0 0.5339138405132906 0.32142857142857145 0.03024747937671861 0.05519480519480519
0 0.5604949587534372 0.26542207792207795 0.02474793767186068 0.05032467532467533
0 0.6021998166819432 0.21834415584415584 0.02016498625114574 0.040584415584415584
0 0.615948670944088 0.24756493506493507 0.02383134738771769 0.04707792207792208
0 0.5829514207149404 0.32142857142857145 0.031164069660861594 0.05844155844155844
0 0.6516956920256646 0.2069805194805195 0.021998166819431713 0.040584415584415584
0 0.6475710357470211 0.174512987012987 0.017415215398716773 0.040584415584415584
0 0.6746104491292392 0.1590909090909091 0.01466544454628781 0.032467532467532464
0 0.6975252062328139 0.1858766233766234 0.02016498625114574 0.037337662337662336
0 0.7204399633363886 0.17207792207792208 0.01833180568285976 0.032467532467532464
0 0.7199816681943172 0.200487012987013 0.015582034830430797 0.040584415584415584
0 0.7204399633363886 0.2483766233766234 0.025664527956003668 0.05519480519480519
0 0.6998166819431714 0.2353896103896104 0.021081576535288724 0.048701298701298704
0 0.6883593033913841 0.32061688311688313 0.03299725022914757 0.0633116883116883
0 0.7328139321723189 0.36607142857142855 0.03391384051329056 0.07954545454545454
0 0.7873510540788268 0.3871753246753247 0.03299725022914757 0.0762987012987013
0 0.8872593950504125 0.4277597402597403 0.04216315307057745 0.08279220779220779
0 0.8244729605866178 0.29788961038961037 0.02841429880843263 0.056818181818181816
0 0.7584784601283227 0.27435064935064934 0.026581118240146653 0.05844155844155844
0 0.7483959670027498 0.21185064935064934 0.022914757103574702 0.04383116883116883
0 0.769019248395967 0.19886363636363635 0.02016498625114574 0.04383116883116883
0 0.7438130155820348 0.14042207792207792 0.017415215398716773 0.03409090909090909
0 0.731897341888176 0.12337662337662338 0.017415215398716773 0.032467532467532464
0 0.7561869844179652 0.13230519480519481 0.012832263978001834 0.03409090909090909
0 0.7740604949587534 0.14042207792207792 0.015582034830430797 0.03409090909090909
0 0.8001833180568286 0.1461038961038961 0.01833180568285976 0.032467532467532464
0 0.8194317140238313 0.1396103896103896 0.01466544454628781 0.032467532467532464
0 0.8345554537121906 0.1266233766233766 0.013748854262144821 0.032467532467532464
0 0.845096241979835 0.14853896103896103 0.01466544454628781 0.030844155844155844
0 0.8386801099908341 0.1663961038961039 0.012832263978001834 0.037337662337662336
0 0.8194317140238313 0.2012987012987013 0.01833180568285976 0.048701298701298704
0 0.7978918423464711 0.2556818181818182 0.022914757103574702 0.05357142857142857
0 0.8510540788267644 0.2532467532467532 0.02474793767186068 0.05194805194805195
0 0.8936755270394133 0.3068181818181818 0.034830430797433545 0.06818181818181818
0 0.9046746104491292 0.26136363636363635 0.021998166819431713 0.045454545454545456
0 0.916590284142988 0.21996753246753248 0.01833180568285976 0.04707792207792208
0 0.9175068744271311 0.16071428571428573 0.010999083409715857 0.02922077922077922
0 0.8712190650779101 0.19886363636363635 0.01924839596700275 0.03409090909090909
0 0.8767186067827681 0.16883116883116883 0.01924839596700275 0.03896103896103896
0 0.8597616865261228 0.13068181818181818 0.012832263978001834 0.027597402597402596