0 0.15130023640661938 0.4005602240896359 0.0425531914893617 0.0784313725490196
0 0.29275019700551613 0.25700280112044815 0.019700551615445233 0.037815126050420166
0 0.3321513002364066 0.24509803921568626 0.022852639873916468 0.04201680672268908
0 0.330575256107171 0.21008403361344538 0.018124507486209612 0.03081232492997199
0 0.3475177304964539 0.20588235294117646 0.015760441292356184 0.036414565826330535
0 0.36485421591804573 0.2107843137254902 0.015760441292356184 0.0350140056022409
0 0.37667454688731283 0.22058823529411764 0.017336485421591805 0.0350140056022409
0 0.38494877856579984 0.2535014005602241 0.018124507486209612 0.04481792717086835
0 0.3605200945626478 0.2507002801120448 0.016548463356973995 0.03081232492997199
0 0.3955870764381403 0.21638655462184875 0.014184397163120567 0.03221288515406162
0 0.42828999211977936 0.2184873949579832 0.018124507486209612 0.036414565826330535
0 0.4223798266351458 0.25140056022408963 0.02048857368006304 0.037815126050420166
0 0.44680851063829785 0.18417366946778713 0.01260835303388495 0.029411764705882353
0 0.42001576044129235 0.19117647058823528 0.015760441292356184 0.0350140056022409
0 0.4499605988967691 0.1645658263305322 0.014184397163120567 0.02661064425770308
0 0.4570527974783294 0.13935574229691877 0.01260835303388495 0.02661064425770308
0 0.4732072498029945 0.1400560224089636 0.013396375098502758 0.028011204481792718
0 0.47714736012608355 0.17507002801120447 0.018124507486209612 0.028011204481792718
0 0.49763593380614657 0.17577030812324929 0.014972419227738377 0.0350140056022409
0 0.4799054373522459 0.21358543417366946 0.02206461780929866 0.04061624649859944
0 0.5074862096138691 0.15336134453781514 0.01260835303388495 0.029411764705882353
0 0.5173364854215918 0.1211484593837535 0.01182033096926714 0.023809523809523808
0 0.5311268715524035 0.13655462184873948 0.01260835303388495 0.023809523809523808
0 0.5468873128447597 0.16036414565826332 0.017336485421591805 0.04061624649859944
0 0.5327029156816391 0.12324929971988796 0.01260835303388495 0.01680672268907563
0 0.5508274231678487 0.12815126050420167 0.01260835303388495 0.0350140056022409
0 0.5583136327817179 0.11624649859943978 0.014972419227738377 0.03361344537815126
0 0.5768321513002365 0.15126050420168066 0.017336485421591805 0.03361344537815126
0 0.58274231678487 0.13025210084033614 0.014972419227738377 0.03081232492997199
0 0.5851063829787234 0.11134453781512606 0.01182033096926714 0.02661064425770308
0 0.6040189125295509 0.1400560224089636 0.014972419227738377 0.03361344537815126
0 0.6063829787234043 0.12044817927170869 0.016548463356973995 0.03081232492997199
0 0.6122931442080378 0.1092436974789916 0.009456264775413711 0.025210084033613446
0 0.6154452324665091 0.09593837535014006 0.009456264775413711 0.023809523809523808
0 0.628053585500394 0.11764705882352941 0.014184397163120567 0.03081232492997199
0 0.6438140267927502 0.12885154061624648 0.015760441292356184 0.03361344537815126
0 0.6481481481481481 0.09033613445378151 0.01182033096926714 0.023809523809523808
0 0.6607565011820331 0.10364145658263306 0.01024428684003152 0.022408963585434174
0 0.6623325453112687 0.12675070028011204 0.01182033096926714 0.02661064425770308
0 0.6895193065405831 0.09453781512605042 0.01260835303388495 0.029411764705882353
0 0.5587076438140268 0.22899159663865545 0.0252167060677699 0.049019607843137254
0 0.5354609929078015 0.2773109243697479 0.027580772261623327 0.06162464985994398
0 0.5862884160756501 0.3130252100840336 0.029944838455476755 0.0546218487394958
0 0.6146572104018913 0.234593837535014 0.02206461780929866 0.046218487394957986
0 0.6252955082742316 0.18907563025210083 0.018124507486209612 0.036414565826330535
0 0.6509062253743105 0.22198879551820727 0.02048857368006304 0.046218487394957986
0 0.6804570527974784 0.24019607843137256 0.02442868400315209 0.05182072829131653
0 0.6753349093774625 0.18487394957983194 0.017336485421591805 0.0392156862745098
0 0.7021276595744681 0.13935574229691877 0.01260835303388495 0.029411764705882353
0 0.7119779353821907 0.15826330532212884 0.014972419227738377 0.03361344537815126
0 0.72301024428684 0.17507002801120447 0.02127659574468085 0.047619047619047616
0 0.7040977147360126 0.23529411764705882 0.022852639873916468 0.05042016806722689
0 0.7446808510638298 0.13585434173669467 0.015760441292356184 0.03361344537815126
0 0.7265563435776202 0.12955182072829133 0.015760441292356184 0.02661064425770308
0 0.7501970055161544 0.16946778711484595 0.017336485421591805 0.036414565826330535
0 0.77698975571316 0.14495798319327732 0.014184397163120567 0.029411764705882353
0 0.7671394799054374 0.1323529411764706 0.008668242710795903 0.02100840336134454
0 0.7742316784869976 0.12044817927170869 0.01024428684003152 0.022408963585434174
0 0.7994483845547675 0.11834733893557423 0.014972419227738377 0.029411764705882353
0 0.7553191489361702 0.22338935574229693 0.022852639873916468 0.0350140056022409
0 0.7423167848699763 0.24369747899159663 0.02364066193853428 0.04481792717086835
0 0.7557131599684791 0.30392156862745096 0.0252167060677699 0.058823529411764705
0 0.8313632781717888 0.3396358543417367 0.028368794326241134 0.07983193277310924
0 0.8360914105594957 0.30462184873949577 0.028368794326241134 0.0546218487394958
0 0.8085106382978723 0.23809523809523808 0.02048857368006304 0.04481792717086835
0 0.8219070133963751 0.19817927170868346 0.015760441292356184 0.04061624649859944
0 0.7888100866824271 0.17857142857142858 0.02048857368006304 0.037815126050420166
0 0.8120567375886525 0.14425770308123248 0.01182033096926714 0.03361344537815126
0 0.8207249802994484 0.12815126050420167 0.013396375098502758 0.029411764705882353
0 0.8297872340425532 0.11834733893557423 0.01103230890464933 0.023809523809523808
0 0.8447596532702916 0.15476190476190477 0.014184397163120567 0.029411764705882353
0 0.838849487785658 0.1792717086834734 0.013396375098502758 0.036414565826330535
0 0.8412135539795115 0.23879551820728293 0.02127659574468085 0.046218487394957986
0 0.8707643814026793 0.4026610644257703 0.03309692671394799 0.09103641456582633
0 0.9018912529550828 0.35154061624649857 0.027580772261623327 0.0700280112044818
0 0.8940110323089047 0.29831932773109243 0.02127659574468085 0.036414565826330535
0 0.8684003152088259 0.2107843137254902 0.017336485421591805 0.04061624649859944
0 0.8853427895981087 0.17577030812324929 0.014972419227738377 0.0350140056022409
0 0.8947990543735225 0.15126050420168066 0.014972419227738377 0.03361344537815126
0 0.8557919621749409 0.13865546218487396 0.014184397163120567 0.03361344537815126
0 0.8628841607565012 0.12885154061624648 0.014184397163120567 0.028011204481792718
0 0.8987391646966115 0.12605042016806722 0.014972419227738377 0.025210084033613446
0 0.913317572892041 0.22128851540616246 0.02048857368006304 0.05042016806722689
0 0.9271079590228526 0.19397759103641457 0.016548463356973995 0.029411764705882353
0 0.9243498817966903 0.15546218487394958 0.014184397163120567 0.03361344537815126
0 0.9369582348305753 0.15476190476190477 0.01260835303388495 0.029411764705882353