0 0.21410992616899097 0.3398268398268398 0.016406890894175553 0.03318903318903319
0 0.23954060705496308 0.37518037518037517 0.019688269073010665 0.04329004329004329
0 0.2780968006562756 0.36796536796536794 0.019688269073010665 0.04329004329004329
0 0.27112387202625104 0.3059163059163059 0.015586546349466776 0.031746031746031744
0 0.3158326497128794 0.3629148629148629 0.02132895816242822 0.03896103896103896
0 0.3014766201804758 0.3347763347763348 0.018867924528301886 0.03751803751803752
0 0.3392124692370796 0.29365079365079366 0.017227235438884332 0.03318903318903319
0 0.34044298605414275 0.3333333333333333 0.016406890894175553 0.03463203463203463
0 0.36587366694011486 0.32611832611832614 0.016406890894175553 0.03463203463203463
0 0.3933552091878589 0.3427128427128427 0.020508613617719443 0.04184704184704185
0 0.38802296964725186 0.30303030303030304 0.016406890894175553 0.03463203463203463
0 0.3724364232977851 0.26334776334776333 0.014766201804757998 0.030303030303030304
0 0.3888433141919606 0.2698412698412698 0.014766201804757998 0.031746031746031744
0 0.418785890073831 0.30663780663780665 0.018867924528301886 0.03607503607503607
0 0.41222313371616076 0.24963924963924963 0.015586546349466776 0.031746031746031744
0 0.43232157506152585 0.2619047619047619 0.014766201804757998 0.03318903318903319
0 0.45159967186218214 0.23881673881673882 0.015586546349466776 0.030303030303030304
0 0.4561115668580804 0.27056277056277056 0.014766201804757998 0.030303030303030304
0 0.45734208367514356 0.3059163059163059 0.017227235438884332 0.02886002886002886
0 0.48236259228876127 0.32323232323232326 0.01804757998359311 0.03751803751803752
0 0.43560295324036097 0.33044733044733043 0.019688269073010665 0.04329004329004329
0 0.5164068908941756 0.35425685425685427 0.02378999179655455 0.05339105339105339
0 0.44585726004922066 0.4126984126984127 0.02871205906480722 0.05772005772005772
0 0.4860541427399508 0.26334776334776333 0.015586546349466776 0.03318903318903319
0 0.5024610336341263 0.2763347763347763 0.017227235438884332 0.03896103896103896
0 0.5336341263330598 0.284992784992785 0.017227235438884332 0.03607503607503607
0 0.5287120590648072 0.2481962481962482 0.015586546349466776 0.031746031746031744
0 0.5414273995077933 0.22510822510822512 0.011484823625922888 0.025974025974025976
0 0.55701394585726 0.22005772005772006 0.011484823625922888 0.021645021645021644
0 0.5566037735849056 0.2417027417027417 0.01394585726004922 0.027417027417027416
0 0.5627563576702215 0.26406926406926406 0.014766201804757998 0.03463203463203463
0 0.5799835931091059 0.24675324675324675 0.016406890894175553 0.02886002886002886
0 0.583264971287941 0.22294372294372294 0.013125512715340444 0.030303030303030304
0 0.5931091058244463 0.2085137085137085 0.014766201804757998 0.030303030303030304
0 0.6095159967186218 0.22005772005772006 0.014766201804757998 0.03607503607503607
0 0.6177194421657096 0.24458874458874458 0.014766201804757998 0.027417027417027416
0 0.6222313371616078 0.22510822510822512 0.015586546349466776 0.02886002886002886
0 0.6415094339622641 0.2106782106782107 0.016406890894175553 0.02886002886002886
0 0.6431501230516817 0.23953823953823955 0.014766201804757998 0.02886002886002886
0 0.6595570139458573 0.2676767676767677 0.01804757998359311 0.03607503607503607
0 0.660377358490566 0.23953823953823955 0.016406890894175553 0.031746031746031744
0 0.6812961443806399 0.22438672438672438 0.01394585726004922 0.030303030303030304
0 0.6849876948318294 0.25396825396825395 0.016406890894175553 0.03463203463203463
0 0.5795734208367515 0.3333333333333333 0.020508613617719443 0.04329004329004329
0 0.6185397867104184 0.30014430014430016 0.019688269073010665 0.046176046176046176
0 0.5943396226415094 0.36363636363636365 0.02543068088597211 0.05194805194805195
0 0.5291222313371616 0.4062049062049062 0.034454470877768664 0.05627705627705628
0 0.5746513535684987 0.4531024531024531 0.03527481542247744 0.07503607503607504
0 0.6251025430680885 0.47186147186147187 0.03609515996718622 0.06926406926406926
0 0.6390484003281378 0.3708513708513709 0.02789171452009844 0.049062049062049064
0 0.6283839212469237 0.3492063492063492 0.016406890894175553 0.03463203463203463
0 0.6706316652994257 0.35425685425685427 0.020508613617719443 0.044733044733044736
0 0.6702214930270713 0.3203463203463203 0.022969647251845776 0.03751803751803752
0 0.7075471698113207 0.28715728715728717 0.015586546349466776 0.03463203463203463
0 0.7313371616078753 0.2546897546897547 0.012305168170631665 0.030303030303030304
0 0.7247744052502051 0.24386724386724387 0.01394585726004922 0.023088023088023088
0 0.7415914684167351 0.23665223665223664 0.014766201804757998 0.03463203463203463
0 0.7543068088597211 0.2842712842712843 0.017227235438884332 0.04040404040404041
0 0.7723543888433142 0.24675324675324675 0.015586546349466776 0.03751803751803752
0 0.7600492206726825 0.24675324675324675 0.012305168170631665 0.02886002886002886
0 0.8022969647251845 0.27056277056277056 0.014766201804757998 0.030303030303030304
0 0.8187038556193601 0.2554112554112554 0.013125512715340444 0.03463203463203463
0 0.7977850697292863 0.30303030303030304 0.017227235438884332 0.04040404040404041
0 0.8207547169811321 0.31313131313131315 0.017227235438884332 0.03751803751803752
0 0.8273174733388023 0.3434343434343434 0.020508613617719443 0.046176046176046176
0 0.844954881050041 0.37445887445887444 0.019688269073010665 0.05627705627705628
0 0.854388843314192 0.34054834054834054 0.018867924528301886 0.04040404040404041
0 0.8666940114848236 0.31746031746031744 0.017227235438884332 0.03751803751803752
0 0.837571780147662 0.2857142857142857 0.014766201804757998 0.031746031746031744
0 0.8556193601312552 0.24963924963924963 0.013125512715340444 0.03463203463203463
0 0.8781788351107465 0.2893217893217893 0.017227235438884332 0.04184704184704185
0 0.7247744052502051 0.4155844155844156 0.027071369975389663 0.049062049062049064
0 0.6936013125512716 0.4862914862914863 0.03855619360131255 0.07503607503607504
0 0.7666119770303528 0.42857142857142855 0.027071369975389663 0.05772005772005772
0 0.7940935192780968 0.3629148629148629 0.01804757998359311 0.050505050505050504
0 0.8113207547169812 0.5288600288600288 0.03773584905660377 0.0735930735930736
0 0.8305988515176375 0.4675324675324675 0.027071369975389663 0.06060606060606061
0 0.8958162428219852 0.4884559884559885 0.02789171452009844 0.0707070707070707
0 0.8999179655455292 0.3268398268398268 0.016406890894175553 0.044733044733044736
0 0.9220672682526662 0.35425685425685427 0.01804757998359311 0.044733044733044736
0 0.9146841673502871 0.30663780663780665 0.013125512715340444 0.030303030303030304
0 0.9196062346185397 0.27994227994227994 0.014766201804757998 0.023088023088023088