0 0.20673575129533678 0.4101851851851852 0.05284974093264249 0.09444444444444444
0 0.3466321243523316 0.18425925925925926 0.019689119170984457 0.03518518518518519
0 0.3735751295336788 0.1925925925925926 0.015544041450777202 0.037037037037037035
0 0.38756476683937824 0.15925925925925927 0.012435233160621761 0.02962962962962963
0 0.3953367875647668 0.20925925925925926 0.017616580310880828 0.02962962962962963
0 0.4025906735751295 0.23703703703703705 0.021761658031088083 0.03333333333333333
0 0.4326424870466321 0.2074074074074074 0.017616580310880828 0.037037037037037035
0 0.43212435233160623 0.17685185185185184 0.014507772020725389 0.03148148148148148
0 0.4419689119170985 0.15185185185185185 0.013471502590673576 0.025925925925925925
0 0.45699481865284974 0.1712962962962963 0.014507772020725389 0.03518518518518519
0 0.46528497409326425 0.2 0.01865284974093264 0.040740740740740744
0 0.47979274611398964 0.22592592592592592 0.02072538860103627 0.04814814814814815
0 0.4761658031088083 0.17962962962962964 0.017616580310880828 0.03333333333333333
0 0.47046632124352333 0.1388888888888889 0.014507772020725389 0.025925925925925925
0 0.49119170984455957 0.13796296296296295 0.014507772020725389 0.03148148148148148
0 0.49844559585492226 0.12222222222222222 0.010362694300518135 0.022222222222222223
0 0.5238341968911917 0.1638888888888889 0.017616580310880828 0.03888888888888889
0 0.5067357512953368 0.18981481481481483 0.02072538860103627 0.03518518518518519
0 0.5352331606217616 0.19166666666666668 0.017616580310880828 0.03518518518518519
0 0.5487046632124353 0.1685185185185185 0.017616580310880828 0.03333333333333333
0 0.5440414507772021 0.13240740740740742 0.014507772020725389 0.024074074074074074
0 0.5595854922279793 0.14166666666666666 0.016580310880829015 0.027777777777777776
0 0.5932642487046632 0.14907407407407408 0.017616580310880828 0.03148148148148148
0 0.5808290155440414 0.17222222222222222 0.021761658031088083 0.03333333333333333
0 0.5958549222797928 0.13240740740740742 0.012435233160621761 0.024074074074074074
0 0.5901554404145077 0.1111111111111111 0.013471502590673576 0.02962962962962963
0 0.6082901554404145 0.1037037037037037 0.010362694300518135 0.022222222222222223
0 0.6284974093264248 0.12777777777777777 0.015544041450777202 0.025925925925925925
0 0.6533678756476684 0.1111111111111111 0.011398963730569948 0.02962962962962963
0 0.6637305699481866 0.1287037037037037 0.017616580310880828 0.03148148148148148
0 0.68860103626943 0.12222222222222222 0.015544041450777202 0.025925925925925925
0 0.7082901554404145 0.1175925925925926 0.011398963730569948 0.027777777777777776
0 0.5730569948186528 0.23796296296296296 0.02072538860103627 0.046296296296296294
0 0.616580310880829 0.23981481481481481 0.02694300518134715 0.05740740740740741
0 0.6290155440414508 0.2111111111111111 0.02694300518134715 0.044444444444444446
0 0.644559585492228 0.30092592592592593 0.029015544041450778 0.05740740740740741
0 0.689119170984456 0.3527777777777778 0.03316062176165803 0.05740740740740741
0 0.7398963730569948 0.2601851851851852 0.031088082901554404 0.05740740740740741
0 0.7466321243523316 0.23055555555555557 0.021761658031088083 0.046296296296296294
0 0.7590673575129534 0.19722222222222222 0.017616580310880828 0.03518518518518519
0 0.738860103626943 0.17407407407407408 0.02072538860103627 0.037037037037037035
0 0.7227979274611399 0.15185185185185185 0.015544041450777202 0.037037037037037035
0 0.7119170984455958 0.15462962962962962 0.016580310880829015 0.03148148148148148
0 0.7088082901554404 0.18796296296296297 0.01865284974093264 0.03888888888888889
0 0.7481865284974093 0.1388888888888889 0.014507772020725389 0.02962962962962963
0 0.7616580310880829 0.1638888888888889 0.016580310880829015 0.03148148148148148
0 0.7839378238341969 0.1287037037037037 0.015544041450777202 0.027777777777777776
0 0.7979274611398963 0.1527777777777778 0.014507772020725389 0.027777777777777776
0 0.7787564766839378 0.18888888888888888 0.019689119170984457 0.037037037037037035
0 0.7937823834196891 0.20925925925925926 0.01865284974093264 0.037037037037037035
0 0.8404145077720208 0.23148148148148148 0.02072538860103627 0.040740740740740744
0 0.827461139896373 0.27037037037037037 0.02383419689119171 0.05925925925925926
0 0.8569948186528498 0.30185185185185187 0.029015544041450778 0.05185185185185185
0 0.8595854922279793 0.26666666666666666 0.025906735751295335 0.04814814814814815
0 0.8937823834196891 0.24351851851851852 0.017616580310880828 0.03518518518518519
0 0.8621761658031089 0.1925925925925926 0.016580310880829015 0.03333333333333333
0 0.8284974093264249 0.18796296296296297 0.017616580310880828 0.03518518518518519
0 0.8404145077720208 0.1527777777777778 0.016580310880829015 0.03148148148148148
0 0.8772020725388601 0.17685185185185184 0.013471502590673576 0.03148148148148148
0 0.8974093264248705 0.20555555555555555 0.014507772020725389 0.037037037037037035
0 0.9362694300518135 0.3212962962962963 0.025906735751295335 0.05740740740740741
0 0.9450777202072539 0.2222222222222222 0.016580310880829015 0.037037037037037035
0 0.9507772020725389 0.1962962962962963 0.015544041450777202 0.037037037037037035
0 0.9393782383419689 0.1638888888888889 0.013471502590673576 0.027777777777777776