0 0.07688540646425074 0.3293918918918919 0.02056807051909892 0.030405405405405407
0 0.20323212536728696 0.5143581081081081 0.05190989226248776 0.09966216216216216
0 0.22233104799216455 0.22888513513513514 0.019588638589618023 0.03547297297297297
0 0.43290891283055827 0.2685810810810811 0.02742409402546523 0.04391891891891892
0 0.42948090107737513 0.21368243243243243 0.022526934378060724 0.03885135135135135
0 0.4642507345739471 0.2204391891891892 0.025465230166503428 0.04560810810810811
0 0.4975514201762977 0.30489864864864863 0.03330068560235064 0.0625
0 0.55435847208619 0.3606418918918919 0.03330068560235064 0.05912162162162162
0 0.7340842311459354 0.13851351351351351 0.01665034280117532 0.04054054054054054
0 0.7668952007835456 0.14695945945945946 0.01762977473065622 0.0472972972972973
0 0.9064642507345739 0.2170608108108108 0.022526934378060724 0.05574324324324324