0 0.09470304975922954 0.5578231292517006 0.051364365971107544 0.12585034013605442
0 0.20224719101123595 0.28656462585034015 0.02247191011235955 0.05272108843537415
0 0.22592295345104335 0.27721088435374147 0.023274478330658106 0.05442176870748299
0 0.27407704654895665 0.22363945578231292 0.018459069020866775 0.04931972789115646
0 0.2804975922953451 0.25 0.020064205457463884 0.047619047619047616
0 0.3061797752808989 0.20153061224489796 0.021669341894060994 0.04931972789115646
0 0.3254414125200642 0.20833333333333334 0.020064205457463884 0.04931972789115646
0 0.3434991974317817 0.21768707482993196 0.019261637239165328 0.047619047619047616
0 0.36637239165329055 0.24744897959183673 0.023274478330658106 0.05272108843537415
0 0.36235955056179775 0.1870748299319728 0.018459069020866775 0.04081632653061224
0 0.38563402889245585 0.179421768707483 0.018459069020866775 0.0391156462585034
0 0.39125200642054575 0.2227891156462585 0.020064205457463884 0.05102040816326531
0 0.43097913322632425 0.2942176870748299 0.025682182985553772 0.061224489795918366
0 0.42776886035313 0.18962585034013604 0.01765650080256822 0.04251700680272109
0 0.4390048154093098 0.14625850340136054 0.016051364365971106 0.034013605442176874
0 0.45385232744783305 0.15136054421768708 0.013643659711075442 0.030612244897959183
0 0.47391653290529695 0.16071428571428573 0.016853932584269662 0.04931972789115646
0 0.47351524879614765 0.23299319727891157 0.02247191011235955 0.05442176870748299
0 0.48996789727126805 0.20918367346938777 0.016853932584269662 0.047619047619047616
0 0.5232744783306581 0.22108843537414966 0.019261637239165328 0.04081632653061224
0 0.5172552166934189 0.1598639455782313 0.020064205457463884 0.04421768707482993
0 0.492776886035313 0.141156462585034 0.01765650080256822 0.04421768707482993
0 0.5256821829855538 0.14710884353741496 0.01765650080256822 0.0391156462585034
0 0.5529695024077047 0.14200680272108843 0.016051364365971106 0.03571428571428571
0 0.550561797752809 0.12159863945578231 0.014446227929373997 0.03231292517006803
0 0.5734349919743178 0.12329931972789115 0.016853932584269662 0.0391156462585034
0 0.5786516853932584 0.15306122448979592 0.016051364365971106 0.03741496598639456
0 0.5750401284109149 0.1879251700680272 0.020064205457463884 0.04591836734693878
0 0.6039325842696629 0.1828231292517007 0.016853932584269662 0.04251700680272109
0 0.6131621187800963 0.1641156462585034 0.019261637239165328 0.03571428571428571
0 0.6051364365971108 0.14370748299319727 0.014446227929373997 0.03231292517006803
0 0.5975120385232745 0.11224489795918367 0.015248796147672551 0.030612244897959183
0 0.6316211878009631 0.1096938775510204 0.012841091492776886 0.03571428571428571
0 0.6544943820224719 0.13860544217687074 0.015248796147672551 0.02891156462585034
0 0.6540930979133226 0.11649659863945579 0.012841091492776886 0.04251700680272109
0 0.658908507223114 0.17261904761904762 0.01765650080256822 0.0391156462585034
0 0.6841894060995185 0.14370748299319727 0.016853932584269662 0.04251700680272109
0 0.6906099518459069 0.1292517006802721 0.016853932584269662 0.03741496598639456
0 0.7158908507223114 0.141156462585034 0.01765650080256822 0.04421768707482993
0 0.6894060995184591 0.20578231292517007 0.019261637239165328 0.047619047619047616
0 0.6649277688603531 0.22534013605442177 0.021669341894060994 0.05272108843537415
0 0.6215890850722311 0.2891156462585034 0.026484751203852328 0.06802721088435375
0 0.5730337078651685 0.3171768707482993 0.027287319422150885 0.0663265306122449
0 0.6079454253611557 0.35119047619047616 0.03130016051364366 0.07653061224489796
0 0.6536918138041734 0.4005102040816326 0.03130016051364366 0.07653061224489796
0 0.7231139646869984 0.38605442176870747 0.027287319422150885 0.07142857142857142
0 0.7134831460674157 0.2423469387755102 0.019261637239165328 0.05612244897959184
0 0.7447833065810594 0.21683673469387754 0.019261637239165328 0.05272108843537415
0 0.7508025682182986 0.27976190476190477 0.026484751203852328 0.06292517006802721
0 0.8025682182985554 0.29846938775510207 0.02247191011235955 0.06292517006802721
0 0.7917335473515249 0.24744897959183673 0.020064205457463884 0.04931972789115646
0 0.7772873194221509 0.20748299319727892 0.023274478330658106 0.05102040816326531
0 0.7632423756019262 0.17346938775510204 0.01765650080256822 0.04081632653061224
0 0.8069823434991974 0.17772108843537415 0.020064205457463884 0.04591836734693878
0 0.8154093097913323 0.2151360544217687 0.016051364365971106 0.04591836734693878
0 0.8306581059390048 0.20238095238095238 0.014446227929373997 0.04081632653061224
0 0.8599518459069021 0.21598639455782312 0.013643659711075442 0.034013605442176874
0 0.8735955056179775 0.2193877551020408 0.013643659711075442 0.04421768707482993
0 0.8896468699839486 0.26445578231292516 0.020064205457463884 0.04931972789115646
0 0.9052969502407705 0.22363945578231292 0.014446227929373997 0.04931972789115646
0 0.8567415730337079 0.32568027210884354 0.020064205457463884 0.05952380952380952
0 0.865569823434992 0.30272108843537415 0.015248796147672551 0.05102040816326531
0 0.8804173354735152 0.3877551020408163 0.025682182985553772 0.06802721088435375
0 0.7941412520064205 0.44642857142857145 0.03290529695024077 0.09693877551020408
0 0.8579454253611557 0.5221088435374149 0.03210272873194221 0.08163265306122448
0 0.9245585874799358 0.31887755102040816 0.01765650080256822 0.05272108843537415
0 0.9321829855537721 0.2593537414965986 0.016853932584269662 0.04931972789115646
0 0.9550561797752809 0.24829931972789115 0.01765650080256822 0.04081632653061224
0 0.9839486356340289 0.24829931972789115 0.014446227929373997 0.03741496598639456
0 0.9743178170144462 0.352891156462585 0.016051364365971106 0.05612244897959184
0 0.9735152487961477 0.31462585034013607 0.012841091492776886 0.03741496598639456
0 0.9462279293739968 0.3673469387755102 0.024077046548956663 0.06802721088435375
0 0.9446227929373997 0.4362244897959184 0.024077046548956663 0.07312925170068027