0 0.20487220447284346 0.4179523141654979 0.04073482428115016 0.0785413744740533
0 0.29472843450479236 0.2496493688639551 0.01437699680511182 0.030855539971949508
0 0.28913738019169327 0.24614305750350632 0.012779552715654952 0.02664796633941094
0 0.31190095846645366 0.2187938288920056 0.011980830670926517 0.02244039270687237
0 0.3262779552715655 0.2776998597475456 0.016773162939297124 0.033660589060308554
0 0.3498402555910543 0.2131837307152875 0.01437699680511182 0.030855539971949508
0 0.384185303514377 0.2503506311360449 0.01597444089456869 0.03225806451612903
0 0.4021565495207668 0.22791023842917252 0.015175718849840255 0.03506311360448808
0 0.4245207667731629 0.2650771388499299 0.019968051118210862 0.04207573632538569
0 0.44528753993610226 0.21248246844319776 0.019968051118210862 0.037868162692847124
0 0.426517571884984 0.182328190743338 0.012779552715654952 0.028050490883590462
0 0.4013578274760383 0.18513323983169705 0.011980830670926517 0.025245441795231416
0 0.4764376996805112 0.2152875175315568 0.016773162939297124 0.04067321178120617
0 0.4273162939297125 0.16269284712482468 0.01437699680511182 0.02244039270687237
0 0.4073482428115016 0.17251051893408134 0.012779552715654952 0.019635343618513323
0 0.4512779552715655 0.15497896213183732 0.009584664536741214 0.023842917251051893
0 0.4680511182108626 0.15918653576437589 0.012779552715654952 0.021037868162692847
0 0.5011980830670927 0.18863955119214587 0.011980830670926517 0.029453015427769985
0 0.549520766773163 0.1900420757363254 0.01437699680511182 0.02664796633941094
0 0.5455271565495208 0.16199158485273493 0.011182108626198083 0.023842917251051893
0 0.5539137380191693 0.14305750350631136 0.011980830670926517 0.025245441795231416
0 0.5243610223642172 0.14305750350631136 0.013578274760383386 0.025245441795231416
0 0.509185303514377 0.14375876577840113 0.013578274760383386 0.023842917251051893
0 0.49440894568690097 0.12903225806451613 0.009584664536741214 0.019635343618513323
0 0.5730830670926518 0.15918653576437589 0.013578274760383386 0.029453015427769985
0 0.5742811501597445 0.1332398316970547 0.011182108626198083 0.02244039270687237
0 0.5850638977635783 0.14165497896213183 0.011980830670926517 0.025245441795231416
0 0.6090255591054313 0.14446002805049088 0.011980830670926517 0.028050490883590462
0 0.6265974440894568 0.1297335203366059 0.010383386581469648 0.02664796633941094
0 0.6134185303514377 0.10168302945301542 0.012779552715654952 0.02664796633941094
0 0.6565495207667732 0.11781206171107994 0.012779552715654952 0.028050490883590462
0 0.667332268370607 0.12061711079943899 0.011980830670926517 0.028050490883590462
0 0.5003993610223643 0.29312762973352036 0.0231629392971246 0.04488078541374474
0 0.5431309904153354 0.30504908835904626 0.025559105431309903 0.04628330995792426
0 0.5798722044728435 0.23983169705469845 0.01757188498402556 0.03927068723702665
0 0.6098242811501597 0.20336605890603085 0.016773162939297124 0.03927068723702665
0 0.6265974440894568 0.2335203366058906 0.0231629392971246 0.04628330995792426
0 0.6545527156549521 0.26367461430575034 0.018370607028753993 0.03927068723702665
0 0.6633386581469649 0.211781206171108 0.016773162939297124 0.03927068723702665
0 0.6533546325878594 0.17110799438990182 0.01757188498402556 0.030855539971949508
0 0.6952875399361023 0.1879382889200561 0.015175718849840255 0.033660589060308554
0 0.6932907348242812 0.15007012622720897 0.01597444089456869 0.0364656381486676
0 0.7248402555910544 0.14866760168302945 0.013578274760383386 0.030855539971949508
0 0.7204472843450479 0.21669004207573633 0.01757188498402556 0.043478260869565216
0 0.7136581469648562 0.28190743338008417 0.0231629392971246 0.047685834502103785
0 0.6841054313099042 0.30925666199158486 0.02476038338658147 0.0546984572230014
0 0.7675718849840255 0.32959326788218796 0.027156549520766772 0.05890603085553997
0 0.7999201277955271 0.2966339410939691 0.019968051118210862 0.04628330995792426
0 0.8458466453674122 0.31486676016830295 0.019169329073482427 0.04908835904628331
0 0.7563897763578274 0.22019635343618513 0.019169329073482427 0.0364656381486676
0 0.7440095846645367 0.19074333800841514 0.015175718849840255 0.033660589060308554
0 0.7456070287539937 0.15988779803646563 0.015175718849840255 0.030855539971949508
0 0.7663738019169329 0.1297335203366059 0.015175718849840255 0.02664796633941094
0 0.764776357827476 0.17952314165497896 0.013578274760383386 0.028050490883590462
0 0.786741214057508 0.15638148667601684 0.011182108626198083 0.02664796633941094
0 0.8015175718849841 0.14305750350631136 0.011980830670926517 0.02244039270687237
0 0.8067092651757188 0.1767180925666199 0.012779552715654952 0.0364656381486676
0 0.7839456869009584 0.20897615708274894 0.015175718849840255 0.033660589060308554
0 0.8162939297124601 0.2244039270687237 0.01757188498402556 0.04488078541374474
0 0.8354632587859425 0.22300140252454417 0.01437699680511182 0.028050490883590462
0 0.8302715654952076 0.16129032258064516 0.013578274760383386 0.028050490883590462
0 0.8354632587859425 0.13814866760168304 0.012779552715654952 0.029453015427769985
0 0.8706070287539937 0.14446002805049088 0.012779552715654952 0.030855539971949508
0 0.8885782747603834 0.19284712482468444 0.015175718849840255 0.029453015427769985
0 0.8618210862619808 0.23492286115007013 0.01757188498402556 0.04628330995792426
0 0.8849840255591054 0.2244039270687237 0.01437699680511182 0.03927068723702665
0 0.9085463258785943 0.2447405329593268 0.019968051118210862 0.04628330995792426