0 0.1746704331450094 0.47420965058236275 0.038606403013182675 0.08319467554076539
0 0.2514124293785311 0.2529118136439268 0.01694915254237288 0.036605657237936774
0 0.2678907721280603 0.26039933444259566 0.01977401129943503 0.04159733777038269
0 0.2928436911487759 0.26206322795341097 0.018832391713747645 0.03826955074875208
0 0.3050847457627119 0.28369384359401 0.02071563088512241 0.03494176372712146
0 0.3196798493408663 0.22296173044925124 0.01977401129943503 0.029950083194675542
0 0.3469868173258004 0.20382695507487522 0.0160075329566855 0.03494176372712146
0 0.3531073446327684 0.22628951747088186 0.018832391713747645 0.033277870216306155
0 0.3559322033898305 0.25873544093178036 0.02448210922787194 0.03494176372712146
0 0.384180790960452 0.2579034941763727 0.02071563088512241 0.036605657237936774
0 0.3860640301318267 0.18469217970049917 0.015065913370998116 0.033277870216306155
0 0.3912429378531073 0.2146422628951747 0.01977401129943503 0.036605657237936774
0 0.4025423728813559 0.19883527454242927 0.01977401129943503 0.03161397670549085
0 0.4204331450094162 0.24459234608985025 0.021657250470809793 0.04658901830282862
0 0.4345574387947269 0.19717138103161397 0.01977401129943503 0.03826955074875208
0 0.4453860640301318 0.17470881863560733 0.01694915254237288 0.029950083194675542
0 0.4519774011299435 0.1497504159733777 0.015065913370998116 0.026622296173044926
0 0.4571563088512241 0.21630615640599002 0.017890772128060263 0.03993344425956739
0 0.4774011299435028 0.22628951747088186 0.018832391713747645 0.03993344425956739
0 0.4924670433145009 0.19966722129783693 0.018832391713747645 0.036605657237936774
0 0.480225988700565 0.18801996672212978 0.013182674199623353 0.029950083194675542
0 0.487758945386064 0.1622296173044925 0.01694915254237288 0.028286189683860232
0 0.4976459510357815 0.1281198003327787 0.014124293785310734 0.026622296173044926
0 0.5178907721280602 0.16555740432612312 0.018832391713747645 0.03161397670549085
0 0.5338983050847458 0.16555740432612312 0.015065913370998116 0.03826955074875208
0 0.5221280602636534 0.20299500831946754 0.01977401129943503 0.03993344425956739
0 0.5051789077212806 0.15391014975041598 0.0160075329566855 0.024958402662229616
0 0.5550847457627118 0.14392678868552414 0.010357815442561206 0.024958402662229616
0 0.5508474576271186 0.1281198003327787 0.011299435028248588 0.02329450915141431
0 0.5743879472693032 0.16971713810316139 0.01694915254237288 0.033277870216306155
0 0.582391713747646 0.129783693843594 0.01224105461393597 0.026622296173044926
0 0.594632768361582 0.13976705490848584 0.0160075329566855 0.033277870216306155
0 0.6092278719397364 0.12312811980033278 0.015065913370998116 0.033277870216306155
0 0.617231638418079 0.14143094841930118 0.01224105461393597 0.029950083194675542
0 0.6308851224105462 0.11980033277870217 0.013182674199623353 0.026622296173044926
0 0.6435969868173258 0.12063227953410982 0.0160075329566855 0.03161397670549085
0 0.664783427495292 0.11980033277870217 0.011299435028248588 0.029950083194675542
0 0.5550847457627118 0.25207986688851913 0.025423728813559324 0.048252911813643926
0 0.518361581920904 0.29201331114808654 0.025423728813559324 0.05490848585690516
0 0.5400188323917138 0.31114808652246256 0.03295668549905838 0.0632279534109817
0 0.6049905838041432 0.3286189683860233 0.03295668549905838 0.05823627287853577
0 0.6181732580037664 0.24708818635607321 0.027306967984934087 0.051580698835274545
0 0.60969868173258 0.22046589018302828 0.021657250470809793 0.04492512479201331
0 0.6694915254237288 0.2129783693843594 0.02071563088512241 0.04658901830282862
0 0.655367231638418 0.26039933444259566 0.02448210922787194 0.06156405990016639
0 0.6577212806026366 0.18801996672212978 0.017890772128060263 0.036605657237936774
0 0.6897363465160076 0.17304492512479203 0.0160075329566855 0.03993344425956739
0 0.693502824858757 0.14559068219633944 0.0160075329566855 0.03161397670549085
0 0.7080979284369114 0.1497504159733777 0.013182674199623353 0.033277870216306155
0 0.7278719397363466 0.1605657237936772 0.015065913370998116 0.04159733777038269
0 0.7368173258003766 0.14392678868552414 0.0160075329566855 0.03494176372712146
0 0.7490583804143126 0.13227953410981697 0.0160075329566855 0.03494176372712146
0 0.7641242937853108 0.12895174708818635 0.014124293785310734 0.03494176372712146
0 0.7664783427495292 0.15973377703826955 0.018832391713747645 0.033277870216306155
0 0.7146892655367232 0.20382695507487522 0.022598870056497175 0.051580698835274545
0 0.7556497175141242 0.23044925124792012 0.027306967984934087 0.06156405990016639
0 0.7161016949152542 0.28369384359401 0.027306967984934087 0.051580698835274545
0 0.7702448210922788 0.29034941763727123 0.02824858757062147 0.05823627287853577
0 0.7735404896421846 0.20049916805324458 0.021657250470809793 0.048252911813643926
0 0.7928436911487758 0.13727121464226288 0.01694915254237288 0.03826955074875208
0 0.8060263653483992 0.16888519134775373 0.01694915254237288 0.048252911813643926
0 0.8469868173258004 0.13477537437603992 0.01977401129943503 0.036605657237936774
0 0.8196798493408662 0.22628951747088186 0.023540489642184557 0.04658901830282862
0 0.8564030131826742 0.24958402662229617 0.027306967984934087 0.04326123128119801
0 0.8366290018832392 0.3227953410981697 0.027306967984934087 0.0632279534109817
0 0.9152542372881356 0.240432612312812 0.02448210922787194 0.05490848585690516
0 0.9354990583804144 0.2612312811980033 0.025423728813559324 0.0632279534109817
0 0.8940677966101694 0.20299500831946754 0.01977401129943503 0.04326123128119801
0 0.8785310734463276 0.1896838602329451 0.01694915254237288 0.036605657237936774
0 0.873352165725047 0.1605657237936772 0.014124293785310734 0.03494176372712146
0 0.891713747645951 0.15640599001663893 0.013182674199623353 0.036605657237936774
0 0.846045197740113 0.19217970049916805 0.017890772128060263 0.03494176372712146