0 0.04830677290836653 0.2607573149741824 0.012948207171314742 0.029259896729776247
0 0.29731075697211157 0.16179001721170397 0.01693227091633466 0.03098106712564544
0 0.41733067729083667 0.22461273666092943 0.0199203187250996 0.03614457831325301
0 0.45617529880478086 0.22719449225473323 0.0199203187250996 0.0378657487091222
0 0.5707171314741036 0.16265060240963855 0.01593625498007968 0.025817555938037865
0 0.5702191235059761 0.19104991394148021 0.01693227091633466 0.03442340791738382
0 0.6329681274900398 0.22203098106712565 0.02091633466135458 0.04130808950086059
0 0.6304780876494024 0.2633390705679862 0.021912350597609563 0.04475043029259897
0 0.6777888446215139 0.1738382099827883 0.01693227091633466 0.0378657487091222
0 0.6877490039840638 0.22289156626506024 0.018924302788844622 0.043029259896729774
0 0.9477091633466136 0.23666092943201378 0.018924302788844622 0.039586919104991396