0 0.1978798586572438 0.3472803347280335 0.0447585394581861 0.08786610878661087
0 0.29799764428739695 0.2384937238493724 0.014134275618374558 0.029288702928870293
0 0.31566548881036516 0.22071129707112971 0.011778563015312132 0.027196652719665274
0 0.33981154299175503 0.22698744769874477 0.015312131919905771 0.03138075313807531
0 0.3451118963486455 0.2594142259414226 0.016489988221436984 0.03347280334728033
0 0.37691401648998824 0.2196652719665272 0.016489988221436984 0.03347280334728033
0 0.38162544169611307 0.19874476987447698 0.01884570082449941 0.02510460251046025
0 0.4199057714958775 0.18200836820083682 0.015312131919905771 0.02510460251046025
0 0.4381625441696113 0.1903765690376569 0.014134275618374558 0.02510460251046025
0 0.4204946996466431 0.21443514644351463 0.016489988221436984 0.03138075313807531
0 0.45170789163722025 0.2186192468619247 0.0176678445229682 0.03138075313807531
0 0.42402826855123676 0.27824267782426776 0.023557126030624265 0.04602510460251046
0 0.4628975265017668 0.19769874476987448 0.014134275618374558 0.02301255230125523
0 0.45111896348645464 0.1684100418410042 0.014134275618374558 0.027196652719665274
0 0.4746760895170789 0.1694560669456067 0.014134275618374558 0.02510460251046025
0 0.49646643109540634 0.19769874476987448 0.015312131919905771 0.027196652719665274
0 0.5123674911660777 0.20920502092050208 0.016489988221436984 0.03765690376569038
0 0.467020023557126 0.15271966527196654 0.012956419316843345 0.02510460251046025
0 0.4817432273262662 0.13389121338912133 0.011778563015312132 0.02510460251046025
0 0.5200235571260307 0.14748953974895398 0.015312131919905771 0.03138075313807531
0 0.5400471142520612 0.16213389121338911 0.015312131919905771 0.03556485355648536
0 0.5653710247349824 0.17782426778242677 0.016489988221436984 0.03347280334728033
0 0.5724381625441696 0.1579497907949791 0.014134275618374558 0.027196652719665274
0 0.5518256772673734 0.12133891213389121 0.01060070671378092 0.02510460251046025
0 0.5818610129564193 0.10669456066945607 0.011778563015312132 0.02092050209205021
0 0.607773851590106 0.10355648535564854 0.009422850412249705 0.02301255230125523
0 0.6030624263839811 0.12133891213389121 0.011778563015312132 0.02092050209205021
0 0.6130742049469965 0.1412133891213389 0.015312131919905771 0.03138075313807531
0 0.6354534746760895 0.100418410041841 0.01060070671378092 0.02510460251046025
0 0.6295641931684335 0.11401673640167365 0.01060070671378092 0.02301255230125523
0 0.6519434628975265 0.12447698744769875 0.015312131919905771 0.027196652719665274
0 0.6089517078916372 0.20606694560669456 0.01884570082449941 0.0397489539748954
0 0.5559481743227326 0.2489539748953975 0.02120141342756184 0.04184100418410042
0 0.5965842167255595 0.2615062761506276 0.020023557126030624 0.04602510460251046
0 0.5388692579505301 0.3054393305439331 0.024734982332155476 0.05439330543933055
0 0.483510011778563 0.3075313807531381 0.027090694935217905 0.0502092050209205
0 0.5971731448763251 0.3284518828451883 0.028268551236749116 0.05439330543933055
0 0.6542991755005889 0.2615062761506276 0.02237926972909305 0.04184100418410042
0 0.6666666666666666 0.3263598326359833 0.023557126030624265 0.06276150627615062
0 0.7084805653710248 0.2824267782426778 0.02237926972909305 0.0502092050209205
0 0.7049469964664311 0.22489539748953974 0.02237926972909305 0.04811715481171548
0 0.6542991755005889 0.20397489539748953 0.020023557126030624 0.043933054393305436
0 0.6478209658421673 0.17573221757322174 0.016489988221436984 0.029288702928870293
0 0.6808009422850412 0.10146443514644352 0.014134275618374558 0.03556485355648536
0 0.7102473498233216 0.1412133891213389 0.014134275618374558 0.03138075313807531
0 0.6843345111896348 0.1799163179916318 0.016489988221436984 0.04184100418410042
0 0.7232037691401649 0.16422594142259414 0.014134275618374558 0.03138075313807531
0 0.7373380447585395 0.1893305439330544 0.01884570082449941 0.05230125523012552
0 0.7379269729093051 0.14853556485355648 0.012956419316843345 0.029288702928870293
0 0.7544169611307421 0.16527196652719664 0.015312131919905771 0.03765690376569038
0 0.7285041224970553 0.12133891213389121 0.012956419316843345 0.029288702928870293
0 0.7414605418138988 0.11192468619246862 0.012956419316843345 0.03138075313807531
0 0.7579505300353356 0.13284518828451883 0.012956419316843345 0.03138075313807531
0 0.7885747938751473 0.13598326359832635 0.01060070671378092 0.03347280334728033
0 0.8003533568904594 0.13493723849372385 0.01060070671378092 0.03138075313807531
0 0.7885747938751473 0.17573221757322174 0.015312131919905771 0.04602510460251046
0 0.8121319199057715 0.17154811715481172 0.012956419316843345 0.03347280334728033
0 0.8209658421672555 0.14225941422594143 0.011778563015312132 0.03347280334728033
0 0.8409893992932862 0.15585774058577406 0.014134275618374558 0.03556485355648536
0 0.8527679623085983 0.13807531380753138 0.009422850412249705 0.02092050209205021
0 0.856301531213192 0.151673640167364 0.014134275618374558 0.03138075313807531
0 0.8804475853945819 0.16317991631799164 0.012956419316843345 0.029288702928870293
0 0.8910482921083628 0.13807531380753138 0.01060070671378092 0.029288702928870293
0 0.9181389870435807 0.1579497907949791 0.012956419316843345 0.03556485355648536
0 0.8745583038869258 0.19351464435146443 0.0176678445229682 0.03556485355648536
0 0.908716136631331 0.20292887029288703 0.0176678445229682 0.04184100418410042
0 0.8327444051825678 0.1903765690376569 0.014134275618374558 0.03347280334728033
0 0.85924617196702 0.2301255230125523 0.020023557126030624 0.04602510460251046
0 0.9034157832744405 0.2813807531380753 0.02120141342756184 0.056485355648535567
0 0.7597173144876325 0.28765690376569036 0.023557126030624265 0.056485355648535567