0 0.13496448303078137 0.4965229485396384 0.050513022888713496 0.0917941585535466
0 0.22296764009471193 0.33518776077885953 0.018153117600631413 0.03337969401947149
0 0.2573007103393844 0.35465924895688455 0.022099447513812154 0.04450625869262865
0 0.2861089187056038 0.3553546592489569 0.01973164956590371 0.04033379694019471
0 0.281767955801105 0.3004172461752434 0.017363851617995266 0.03616133518776078
0 0.3255722178374112 0.3525730180806676 0.0244672454617206 0.05146036161335188
0 0.34648776637726914 0.32336578581363007 0.01578531965272297 0.031988873435326845
0 0.3516179952644041 0.2885952712100139 0.01499605367008682 0.037552155771905425
0 0.377663772691397 0.32058414464534074 0.016574585635359115 0.03477051460361613
0 0.40252565114443567 0.325452016689847 0.018942383583267563 0.03337969401947149
0 0.39700078926598265 0.2948539638386648 0.017363851617995266 0.03337969401947149
0 0.43449092344119966 0.3386648122392211 0.021310181531176007 0.04033379694019471
0 0.38871349644830305 0.25312934631432543 0.013417521704814523 0.027816411682892908
0 0.40134175217048146 0.25938803894297635 0.013417521704814523 0.031988873435326845
0 0.4246250986582478 0.26286509040333794 0.017363851617995266 0.030598052851182198
0 0.4293606945540647 0.30180806675938804 0.017363851617995266 0.027816411682892908
0 0.4561957379636938 0.3087621696801113 0.020520915548539857 0.04172461752433936
0 0.4964483030781373 0.31084840055632823 0.020520915548539857 0.03477051460361613
0 0.48224151539068666 0.25869262865090403 0.014206787687450671 0.030598052851182198
0 0.44396211523283347 0.24895688456189152 0.013417521704814523 0.03337969401947149
0 0.4589581689029203 0.2336578581363004 0.01499605367008682 0.027816411682892908
0 0.4976322020520916 0.24478442280945759 0.013417521704814523 0.027816411682892908
0 0.5134175217048145 0.26564673157162727 0.01973164956590371 0.03337969401947149
0 0.5220994475138122 0.24617524339360222 0.01499605367008682 0.03616133518776078
0 0.510655090765588 0.23922114047287898 0.014206787687450671 0.025034770514603615
0 0.5461720599842147 0.2670375521557719 0.01578531965272297 0.03337969401947149
0 0.5386740331491713 0.22531293463143254 0.013417521704814523 0.027816411682892908
0 0.5623520126282557 0.25312934631432543 0.018153117600631413 0.03337969401947149
0 0.5599842146803473 0.22322670375521558 0.016574585635359115 0.02364394993045897
0 0.5816890292028414 0.24408901251738527 0.014206787687450671 0.031988873435326845
0 0.5883977900552486 0.21835883171070933 0.011838989739542225 0.025034770514603615
0 0.5947119179163378 0.20097357440890126 0.013417521704814523 0.02642559109874826
0 0.6097079715864246 0.21070931849791377 0.011838989739542225 0.02642559109874826
0 0.6227308602999211 0.2364394993045897 0.014206787687450671 0.027816411682892908
0 0.6333859510655091 0.2148817802503477 0.011838989739542225 0.02364394993045897
0 0.6400947119179163 0.22809457579972184 0.014206787687450671 0.030598052851182198
0 0.6558800315706393 0.2267037552155772 0.014206787687450671 0.030598052851182198
0 0.4889502762430939 0.3769123783031989 0.030781373322809787 0.05285118219749652
0 0.5307813733228098 0.39429763560500697 0.0244672454617206 0.054242002781641166
0 0.5611681136543015 0.42698191933240615 0.03314917127071823 0.06675938803894298
0 0.5730071033938438 0.4089012517385257 0.026835043409629045 0.04728789986091794
0 0.5445935280189423 0.34214186369958277 0.022099447513812154 0.04450625869262865
0 0.5824782951854776 0.3191933240611961 0.020520915548539857 0.048678720445062586
0 0.6164167324388319 0.2955493741307371 0.018942383583267563 0.037552155771905425
0 0.6310181531176007 0.32962447844228093 0.021310181531176007 0.04172461752433936
0 0.648776637726914 0.3623087621696801 0.026835043409629045 0.048678720445062586
0 0.670481452249408 0.34075104311543813 0.021310181531176007 0.04450625869262865
0 0.6614048934490924 0.2614742698191933 0.014206787687450671 0.03337969401947149
0 0.6874506708760852 0.25521557719054244 0.017363851617995266 0.031988873435326845
0 0.7004735595895817 0.2816411682892907 0.018153117600631413 0.031988873435326845
0 0.7131018153117601 0.2579972183588317 0.01973164956590371 0.02920723226703755
0 0.7202052091554854 0.23852573018080667 0.011838989739542225 0.02642559109874826
0 0.7277032359905288 0.2301808066759388 0.014206787687450671 0.02364394993045897
0 0.7328334648776638 0.2955493741307371 0.018153117600631413 0.04033379694019471
0 0.7545382794001578 0.26564673157162727 0.020520915548539857 0.03616133518776078
0 0.7576953433307024 0.23852573018080667 0.014206787687450671 0.031988873435326845
0 0.7896606156274665 0.2719054242002782 0.016574585635359115 0.031988873435326845
0 0.7770323599052881 0.3011126564673157 0.016574585635359115 0.043115438108484005
0 0.7924230465666929 0.325452016689847 0.022099447513812154 0.04728789986091794
0 0.7770323599052881 0.3525730180806676 0.022888713496448304 0.048678720445062586
0 0.7683504340962904 0.41237830319888735 0.026045777426992895 0.054242002781641166
0 0.7178374112075769 0.39221140472878996 0.027624309392265192 0.05006954102920723
0 0.6921862667719021 0.4610570236439499 0.03472770323599053 0.07927677329624479
0 0.6168113654301499 0.45549374130737136 0.03393843725335438 0.06258692628650904
0 0.7675611681136543 0.5653685674547984 0.041831097079715863 0.0737134909596662
0 0.8172849250197316 0.42767732962447846 0.02920284135753749 0.059805285118219746
0 0.8788476716653513 0.47913769123783034 0.035516969218626675 0.06815020862308763
0 0.834648776637727 0.36300417246175243 0.022888713496448304 0.055632823365785816
0 0.8216258879242304 0.30180806675938804 0.017363851617995266 0.03616133518776078
0 0.8251775848460932 0.27816411682892905 0.018153117600631413 0.030598052851182198
0 0.8101815311760063 0.2545201668984701 0.01499605367008682 0.030598052851182198
0 0.8251775848460932 0.24965229485396384 0.01499605367008682 0.03477051460361613
0 0.840568271507498 0.2510431154381085 0.01578531965272297 0.031988873435326845
0 0.8606945540647198 0.3289290681502086 0.018153117600631413 0.04033379694019471
0 0.8480662983425414 0.3435326842837274 0.01973164956590371 0.04450625869262865
0 0.8906866614048935 0.3866481223922114 0.021310181531176007 0.04728789986091794
0 0.9033149171270718 0.35396383866481224 0.018153117600631413 0.0458970792767733
0 0.8981846882399369 0.32962447844228093 0.01578531965272297 0.03616133518776078
0 0.9013417521704814 0.30598052851182195 0.014206787687450671 0.030598052851182198
0 0.9072612470402526 0.2614742698191933 0.01499605367008682 0.030598052851182198
0 0.8697711128650355 0.29694019471488176 0.014206787687450671 0.03477051460361613