0 0.06920077972709551 0.30506993006993005 0.025341130604288498 0.050699300699300696
0 0.3382066276803119 0.22115384615384615 0.017543859649122806 0.04020979020979021
0 0.34990253411306044 0.19493006993006992 0.015594541910331383 0.03671328671328671
0 0.34210526315789475 0.1791958041958042 0.017543859649122806 0.03671328671328671
0 0.4074074074074074 0.20279720279720279 0.017543859649122806 0.038461538461538464
0 0.4171539961013645 0.17307692307692307 0.015594541910331383 0.03146853146853147
0 0.4239766081871345 0.15122377622377622 0.01364522417153996 0.02972027972027972
0 0.449317738791423 0.17395104895104896 0.01949317738791423 0.02972027972027972
0 0.43664717348927873 0.22814685314685315 0.021442495126705652 0.04020979020979021
0 0.47417153996101363 0.22465034965034966 0.02046783625730994 0.0472027972027972
0 0.4712475633528265 0.1861888111888112 0.02046783625730994 0.043706293706293704
0 0.4522417153996101 0.1486013986013986 0.01364522417153996 0.03146853146853147
0 0.4615009746588694 0.14248251748251747 0.014619883040935672 0.033216783216783216
0 0.47076023391812866 0.1555944055944056 0.015594541910331383 0.03496503496503497
0 0.496588693957115 0.13898601398601398 0.012670565302144249 0.026223776223776224
0 0.5107212475633528 0.125 0.01364522417153996 0.022727272727272728
0 0.5219298245614035 0.13111888111888112 0.010721247563352826 0.024475524475524476
0 0.5341130604288499 0.1346153846153846 0.01364522417153996 0.03146853146853147
0 0.5248538011695907 0.15384615384615385 0.016569200779727095 0.03496503496503497
0 0.5024366471734892 0.15996503496503497 0.014619883040935672 0.02972027972027972
0 0.5487329434697856 0.11713286713286714 0.011695906432748537 0.027972027972027972
0 0.5594541910331384 0.15122377622377622 0.01364522417153996 0.033216783216783216
0 0.5531189083820662 0.18444055944055945 0.014619883040935672 0.033216783216783216
0 0.554093567251462 0.1547202797202797 0.016569200779727095 0.026223776223776224
0 0.5833333333333334 0.1687062937062937 0.018518518518518517 0.033216783216783216
0 0.5891812865497076 0.14248251748251747 0.014619883040935672 0.026223776223776224
0 0.5160818713450293 0.28496503496503495 0.02631578947368421 0.04195804195804196
0 0.5531189083820662 0.2937062937062937 0.028265107212475632 0.05944055944055944
0 0.5740740740740741 0.24562937062937062 0.023391812865497075 0.050699300699300696
0 0.6120857699805068 0.2631118881118881 0.029239766081871343 0.0472027972027972
0 0.6198830409356725 0.29545454545454547 0.029239766081871343 0.06293706293706294
0 0.6198830409356725 0.20541958041958042 0.021442495126705652 0.043706293706293704
0 0.597953216374269 0.12237762237762238 0.012670565302144249 0.027972027972027972
0 0.6101364522417154 0.11101398601398602 0.011695906432748537 0.026223776223776224
0 0.6164717348927875 0.14073426573426573 0.016569200779727095 0.04020979020979021
0 0.6310916179337231 0.1555944055944056 0.014619883040935672 0.03496503496503497
0 0.631578947368421 0.10052447552447552 0.011695906432748537 0.02972027972027972
0 0.6481481481481481 0.1346153846153846 0.011695906432748537 0.027972027972027972
0 0.655458089668616 0.10402097902097902 0.012670565302144249 0.026223776223776224
0 0.6583820662768031 0.11888111888111888 0.012670565302144249 0.024475524475524476
0 0.6778752436647173 0.11013986013986014 0.010721247563352826 0.024475524475524476
0 0.6769005847953217 0.12674825174825174 0.010721247563352826 0.026223776223776224
0 0.6983430799220273 0.12237762237762238 0.012670565302144249 0.024475524475524476
0 0.7251461988304093 0.1451048951048951 0.015594541910331383 0.03496503496503497
0 0.7032163742690059 0.15821678321678323 0.014619883040935672 0.02972027972027972
0 0.6666666666666666 0.17395104895104896 0.01949317738791423 0.04020979020979021
0 0.6622807017543859 0.21241258741258742 0.018518518518518517 0.043706293706293704
0 0.6676413255360624 0.2692307692307692 0.023391812865497075 0.04895104895104895
0 0.6749512670565302 0.333041958041958 0.03216374269005848 0.06818181818181818
0 0.7076023391812866 0.2202797202797203 0.021442495126705652 0.055944055944055944
0 0.7017543859649122 0.19055944055944055 0.01949317738791423 0.04195804195804196
0 0.7368421052631579 0.16783216783216784 0.011695906432748537 0.03146853146853147
0 0.7426900584795322 0.12762237762237763 0.015594541910331383 0.03146853146853147
0 0.7665692007797271 0.17395104895104896 0.014619883040935672 0.02972027972027972
0 0.7397660818713451 0.15734265734265734 0.01364522417153996 0.027972027972027972
0 0.7777777777777778 0.12937062937062938 0.011695906432748537 0.027972027972027972
0 0.7967836257309941 0.17220279720279721 0.012670565302144249 0.033216783216783216
0 0.7772904483430799 0.19842657342657344 0.016569200779727095 0.04020979020979021
0 0.7928849902534113 0.28496503496503495 0.02046783625730994 0.06293706293706294
0 0.8138401559454191 0.25524475524475526 0.015594541910331383 0.04895104895104895
0 0.8386939571150097 0.21416083916083917 0.016569200779727095 0.03671328671328671
0 0.8079922027290448 0.1958041958041958 0.015594541910331383 0.03496503496503497
0 0.7543859649122807 0.3382867132867133 0.02729044834307992 0.057692307692307696
0 0.8279727095516569 0.3505244755244755 0.028265107212475632 0.06468531468531469
0 0.844541910331384 0.30332167832167833 0.02046783625730994 0.057692307692307696
0 0.865009746588694 0.28321678321678323 0.02046783625730994 0.055944055944055944
0 0.8747563352826511 0.2263986013986014 0.016569200779727095 0.0472027972027972
0 0.8230994152046783 0.18006993006993008 0.014619883040935672 0.038461538461538464
0 0.8333333333333334 0.15297202797202797 0.015594541910331383 0.033216783216783216
0 0.8450292397660819 0.1896853146853147 0.01364522417153996 0.04020979020979021
0 0.8596491228070176 0.1861888111888112 0.011695906432748537 0.033216783216783216
0 0.8703703703703703 0.16346153846153846 0.01364522417153996 0.04020979020979021
0 0.8806042884990254 0.20017482517482518 0.014619883040935672 0.033216783216783216
0 0.8927875243664717 0.19230769230769232 0.011695906432748537 0.045454545454545456
0 0.8996101364522417 0.18706293706293706 0.009746588693957114 0.027972027972027972
0 0.9342105263157895 0.1756993006993007 0.012670565302144249 0.04020979020979021
0 0.9312865497076024 0.2062937062937063 0.012670565302144249 0.038461538461538464
0 0.9337231968810916 0.2517482517482518 0.01364522417153996 0.04195804195804196
0 0.9122807017543859 0.27972027972027974 0.01949317738791423 0.05244755244755245
0 0.9098440545808967 0.3173076923076923 0.022417153996101363 0.06118881118881119