0 0.11222847948511665 0.48741007194244607 0.04746580852775543 0.11510791366906475
0 0.19911504424778761 0.3120503597122302 0.02011263073209976 0.052158273381294966
0 0.22566371681415928 0.3039568345323741 0.02172164119066774 0.06115107913669065
0 0.26548672566371684 0.24910071942446044 0.02252614641995173 0.052158273381294966
0 0.3053097345132743 0.2526978417266187 0.01850362027353178 0.048561151079136694
0 0.3246178600160901 0.24550359712230216 0.02011263073209976 0.05935251798561151
0 0.31053901850362026 0.22302158273381295 0.02091713596138375 0.046762589928057555
0 0.3463395012067578 0.22032374100719423 0.016894609814963796 0.052158273381294966
0 0.3692679002413516 0.2787769784172662 0.02413515687851971 0.06115107913669065
0 0.36202735317779566 0.20593525179856115 0.017699115044247787 0.044964028776978415
0 0.38736926790024134 0.19784172661870503 0.01850362027353178 0.050359712230215826
0 0.39581657280772325 0.25359712230215825 0.019308125502815767 0.0539568345323741
0 0.42799678197908286 0.20323741007194246 0.016090104585679808 0.04316546762589928
0 0.4251810136765889 0.1681654676258993 0.016894609814963796 0.03776978417266187
0 0.4452936444086887 0.1618705035971223 0.016894609814963796 0.046762589928057555
0 0.4670152855993564 0.25449640287769787 0.02333065164923572 0.05935251798561151
0 0.4356395816572808 0.3273381294964029 0.02333065164923572 0.06115107913669065
0 0.49316170555108607 0.2131294964028777 0.019308125502815767 0.05575539568345324
0 0.48471440064360416 0.16636690647482014 0.01850362027353178 0.044964028776978415
0 0.4927594529364441 0.15467625899280577 0.013676588897827836 0.03597122302158273
0 0.5156878519710378 0.16906474820143885 0.02091713596138375 0.050359712230215826
0 0.5297666934835077 0.23741007194244604 0.0249396621078037 0.05755395683453238
0 0.5522928399034593 0.1393884892086331 0.016894609814963796 0.048561151079136694
0 0.5611423974255833 0.17176258992805754 0.016894609814963796 0.04136690647482014
0 0.5716009654062751 0.20863309352517986 0.02172164119066774 0.0539568345323741
0 0.580450522928399 0.17715827338129497 0.01850362027353178 0.048561151079136694
0 0.5792437650844731 0.1357913669064748 0.017699115044247787 0.04136690647482014
0 0.5953338696701529 0.11690647482014388 0.016090104585679808 0.046762589928057555
0 0.6025744167337088 0.19424460431654678 0.016090104585679808 0.050359712230215826
0 0.6053901850362028 0.16007194244604317 0.015285599356395816 0.03597122302158273
0 0.6210780370072405 0.20233812949640287 0.017699115044247787 0.044964028776978415
0 0.6311343523732904 0.12859712230215828 0.015285599356395816 0.04136690647482014
0 0.6512469831053902 0.1510791366906475 0.013676588897827836 0.046762589928057555
0 0.6584875301689461 0.1906474820143885 0.016894609814963796 0.04316546762589928
0 0.664923572003218 0.13848920863309352 0.015285599356395816 0.046762589928057555
0 0.6870474658085277 0.1366906474820144 0.012872083668543845 0.039568345323741004
0 0.7131938857602574 0.1564748201438849 0.015285599356395816 0.04316546762589928
0 0.6870474658085277 0.17805755395683454 0.016090104585679808 0.039568345323741004
0 0.5716009654062751 0.35431654676258995 0.02333065164923572 0.07913669064748201
0 0.6029766693483508 0.38848920863309355 0.02815768302493966 0.07553956834532374
0 0.6178600160901045 0.30935251798561153 0.02574416733708769 0.0683453237410072
0 0.6544650040225262 0.2652877697841727 0.0249396621078037 0.06294964028776978
0 0.6604987932421561 0.4199640287769784 0.028962188254223652 0.07014388489208633
0 0.7087691069991955 0.21672661870503598 0.016090104585679808 0.044964028776978415
0 0.7232502011263073 0.2697841726618705 0.02091713596138375 0.0539568345323741
0 0.7473853580048271 0.3057553956834532 0.02091713596138375 0.05755395683453238
0 0.7397425583266292 0.24280575539568344 0.02172164119066774 0.05755395683453238
0 0.7546259050683829 0.20863309352517986 0.016090104585679808 0.046762589928057555
0 0.7747385358004827 0.2131294964028777 0.017699115044247787 0.044964028776978415
0 0.8065164923572004 0.19514388489208634 0.02011263073209976 0.044964028776978415
0 0.7920353982300885 0.26888489208633093 0.02011263073209976 0.06294964028776978
0 0.8129525341914723 0.31115107913669066 0.02333065164923572 0.06115107913669065
0 0.8153660498793243 0.23111510791366907 0.016894609814963796 0.044964028776978415
0 0.831053901850362 0.2221223021582734 0.014481094127111826 0.044964028776978415
0 0.8664521319388576 0.2356115107913669 0.012872083668543845 0.04316546762589928
0 0.7272727272727273 0.4181654676258993 0.032180209171359615 0.0737410071942446
0 0.7928399034593725 0.48111510791366907 0.039420756234915526 0.10611510791366907
0 0.8648431214802896 0.5215827338129496 0.038616251005631534 0.09352517985611511
0 0.8773129525341915 0.4613309352517986 0.029766693483507644 0.07733812949640288
0 0.8563958165728077 0.35071942446043164 0.01850362027353178 0.05755395683453238
0 0.8696701528559936 0.33363309352517984 0.019308125502815767 0.05935251798561151
0 0.8849557522123894 0.2814748201438849 0.02252614641995173 0.05575539568345324
0 0.8998390989541432 0.26618705035971224 0.015285599356395816 0.039568345323741004
0 0.9066773934030571 0.2356115107913669 0.019308125502815767 0.046762589928057555
0 0.9352373290426388 0.2787769784172662 0.015285599356395816 0.04316546762589928
0 0.9477071600965407 0.25539568345323743 0.012872083668543845 0.039568345323741004
0 0.9292035398230089 0.3462230215827338 0.019308125502815767 0.05575539568345324
0 0.9477071600965407 0.4010791366906475 0.019308125502815767 0.06115107913669065
0 0.9517296862429606 0.4631294964028777 0.02413515687851971 0.07733812949640288
0 0.9738535800482703 0.3857913669064748 0.016894609814963796 0.052158273381294966
0 0.9629927594529365 0.3381294964028777 0.016090104585679808 0.046762589928057555
0 0.9746580852775543 0.32014388489208634 0.013676588897827836 0.04316546762589928
0 0.9851166532582462 0.2931654676258993 0.01850362027353178 0.046762589928057555