0 0.20178739416745062 0.48538961038961037 0.03857008466603951 0.08766233766233766
0 0.30385700846660396 0.24675324675324675 0.020696142991533398 0.03896103896103896
0 0.3254938852304798 0.26542207792207795 0.020696142991533398 0.040584415584415584
0 0.3438381937911571 0.2784090909090909 0.017873941674506115 0.037337662337662336
0 0.43508936970837253 0.2832792207792208 0.021636876763875823 0.04707792207792208
0 0.3889934148635936 0.20616883116883117 0.01599247412982126 0.032467532467532464
0 0.42756349952963313 0.21672077922077923 0.017873941674506115 0.030844155844155844
0 0.4539040451552211 0.2159090909090909 0.01599247412982126 0.02922077922077922
0 0.4764816556914393 0.21834415584415584 0.014111006585136407 0.027597402597402596
0 0.4821260583254939 0.1939935064935065 0.01599247412982126 0.027597402597402596
0 0.4548447789275635 0.1858766233766234 0.014111006585136407 0.027597402597402596
0 0.4369708372530574 0.17532467532467533 0.014111006585136407 0.02922077922077922
0 0.4633113828786453 0.15584415584415584 0.012229539040451553 0.022727272727272728
0 0.4821260583254939 0.1663961038961039 0.01599247412982126 0.027597402597402596
0 0.5051740357478833 0.16883116883116883 0.01317027281279398 0.02922077922077922
0 0.4943555973659454 0.1387987012987013 0.014111006585136407 0.024350649350649352
0 0.5390404515522107 0.1461038961038961 0.01317027281279398 0.022727272727272728
0 0.5460959548447789 0.1314935064935065 0.012229539040451553 0.02922077922077922
0 0.5672624647224835 0.12175324675324675 0.01317027281279398 0.02922077922077922
0 0.5663217309501412 0.15746753246753248 0.01317027281279398 0.025974025974025976
0 0.5884289746001882 0.16314935064935066 0.014111006585136407 0.030844155844155844
0 0.5823142050799623 0.13230519480519481 0.01317027281279398 0.027597402597402596
0 0.6147695202257761 0.1387987012987013 0.012229539040451553 0.024350649350649352
0 0.6175917215428034 0.10957792207792208 0.012229539040451553 0.024350649350649352
0 0.6274694261523989 0.11688311688311688 0.015051740357478834 0.025974025974025976
0 0.6556914393226717 0.0625 0.011288805268109126 0.017857142857142856
0 0.6952022577610536 0.060876623376623376 0.01317027281279398 0.024350649350649352
0 0.49200376293508935 0.3262987012987013 0.028222013170272814 0.048701298701298704
0 0.5555032925682032 0.32061688311688313 0.02539981185324553 0.05357142857142857
0 0.6260583254938852 0.31006493506493504 0.02539981185324553 0.06818181818181818
0 0.5804327375352775 0.25405844155844154 0.020696142991533398 0.040584415584415584
0 0.6147695202257761 0.25162337662337664 0.023518344308560677 0.045454545454545456
0 0.6269990592662277 0.20941558441558442 0.023518344308560677 0.045454545454545456
0 0.6669802445907808 0.262987012987013 0.022577610536218252 0.045454545454545456
0 0.6782690498588899 0.21185064935064934 0.02634054562558796 0.04707792207792208
0 0.7088428974600188 0.20616883116883117 0.01975540921919097 0.04220779220779221
0 0.7262464722483537 0.2849025974025974 0.02634054562558796 0.056818181818181816
0 0.7883349012229539 0.3157467532467532 0.02634054562558796 0.05032467532467533
0 0.7003762935089369 0.10957792207792208 0.014111006585136407 0.030844155844155844
0 0.6956726246472248 0.16071428571428573 0.017873941674506115 0.03896103896103896
0 0.7262464722483537 0.14204545454545456 0.016933207902163686 0.037337662337662336
0 0.7568203198494826 0.18425324675324675 0.017873941674506115 0.030844155844155844
0 0.7638758231420508 0.15503246753246752 0.01881467544684854 0.030844155844155844
0 0.7624647224835371 0.12175324675324675 0.012229539040451553 0.025974025974025976
0 0.7502351834430856 0.12256493506493507 0.017873941674506115 0.037337662337662336
0 0.8217309501411101 0.13392857142857142 0.014111006585136407 0.030844155844155844
0 0.8386641580432738 0.15503246753246752 0.014111006585136407 0.030844155844155844
0 0.812793979303857 0.19318181818181818 0.016933207902163686 0.02922077922077922
0 0.8617121354656632 0.18993506493506493 0.015051740357478834 0.03896103896103896
0 0.8828786453433678 0.2297077922077922 0.017873941674506115 0.04383116883116883
0 0.8984007525870179 0.1939935064935065 0.01881467544684854 0.040584415584415584
0 0.9369708372530574 0.20373376623376624 0.01881467544684854 0.040584415584415584