0 0.27584330794341677 0.4015594541910331 0.062023939064200215 0.1286549707602339
0 0.39336235038084877 0.5 0.08161044613710555 0.14619883040935672
0 0.34276387377584333 0.1871345029239766 0.026115342763873776 0.05458089668615984
0 0.41512513601741025 0.19785575048732942 0.022850924918389554 0.04483430799220273
0 0.4434167573449401 0.1968810916179337 0.022850924918389554 0.03898635477582846
0 0.46409140369967355 0.22709551656920077 0.025027203482045703 0.05263157894736842
0 0.44613710554951036 0.246588693957115 0.023939064200217627 0.056530214424951264
0 0.5924918389553863 0.2475633528265107 0.02720348204570185 0.04678362573099415
0 0.6403699673558215 0.22807017543859648 0.02720348204570185 0.06627680311890838
0 0.5837867247007617 0.11306042884990253 0.014145810663764961 0.02729044834307992
0 0.6109902067464635 0.10331384015594541 0.014145810663764961 0.02729044834307992
0 0.6441784548422198 0.12085769980506822 0.015233949945593036 0.02729044834307992
0 0.6670293797606094 0.11403508771929824 0.013057671381936888 0.025341130604288498