0 0.3044662309368192 0.22519083969465647 0.018518518518518517 0.03816793893129771
0 0.35566448801742917 0.1898854961832061 0.018518518518518517 0.02480916030534351
0 0.40413943355119825 0.2013358778625954 0.0196078431372549 0.03244274809160305
0 0.4357298474945534 0.17938931297709923 0.017429193899782137 0.030534351145038167
0 0.4417211328976035 0.21946564885496184 0.020697167755991286 0.03816793893129771
0 0.4324618736383442 0.2566793893129771 0.0196078431372549 0.04007633587786259
0 0.49564270152505446 0.21564885496183206 0.02178649237472767 0.04198473282442748
0 0.48148148148148145 0.16889312977099236 0.017429193899782137 0.03244274809160305
0 0.5386710239651417 0.16603053435114504 0.011982570806100218 0.022900763358778626
0 0.5533769063180828 0.1803435114503817 0.015250544662309368 0.03244274809160305
0 0.6269063180827886 0.12404580152671756 0.014161220043572984 0.03435114503816794
0 0.6595860566448801 0.1851145038167939 0.016339869281045753 0.022900763358778626
0 0.6225490196078431 0.21469465648854963 0.02287581699346405 0.03625954198473282
0 0.664488017429194 0.22041984732824427 0.023965141612200435 0.04007633587786259
0 0.7249455337690632 0.23282442748091603 0.02287581699346405 0.03816793893129771
0 0.6699346405228758 0.29103053435114506 0.023965141612200435 0.04389312977099236
0 0.6247276688453159 0.30438931297709926 0.02287581699346405 0.05534351145038168
0 0.6650326797385621 0.3606870229007634 0.027233115468409588 0.06870229007633588
0 0.7946623093681917 0.2862595419847328 0.018518518518518517 0.05343511450381679
0 0.8120915032679739 0.25572519083969464 0.016339869281045753 0.04961832061068702
0 0.8698257080610022 0.26622137404580154 0.020697167755991286 0.04389312977099236
0 0.9275599128540305 0.23473282442748092 0.020697167755991286 0.04198473282442748
0 0.9025054466230937 0.3368320610687023 0.02505446623093682 0.06297709923664122
0 0.8480392156862745 0.31679389312977096 0.02505446623093682 0.061068702290076333
0 0.9025054466230937 0.44274809160305345 0.03159041394335512 0.0648854961832061
0 0.45751633986928103 0.14026717557251908 0.013071895424836602 0.02862595419847328