0 0.08878048780487804 0.31196581196581197 0.023414634146341463 0.042735042735042736
0 0.15365853658536585 0.3837606837606838 0.04390243902439024 0.08034188034188035
0 0.2624390243902439 0.26324786324786326 0.0175609756097561 0.03076923076923077
0 0.2780487804878049 0.26324786324786326 0.0175609756097561 0.037606837606837605
0 0.35073170731707315 0.24957264957264957 0.02048780487804878 0.041025641025641026
0 0.3907317073170732 0.26495726495726496 0.02048780487804878 0.041025641025641026
0 0.3697560975609756 0.19401709401709402 0.015609756097560976 0.03247863247863248
0 0.39707317073170734 0.22564102564102564 0.0175609756097561 0.03418803418803419
0 0.3985365853658537 0.19145299145299147 0.010731707317073172 0.02735042735042735
0 0.40829268292682924 0.20170940170940171 0.012682926829268294 0.023931623931623933
0 0.40829268292682924 0.17692307692307693 0.012682926829268294 0.02564102564102564
0 0.4375609756097561 0.2264957264957265 0.018536585365853658 0.039316239316239315
0 0.43658536585365854 0.20341880341880342 0.018536585365853658 0.03418803418803419
0 0.4507317073170732 0.15384615384615385 0.015609756097560976 0.02735042735042735
0 0.4697560975609756 0.16666666666666666 0.016585365853658537 0.039316239316239315
0 0.4917073170731707 0.19572649572649573 0.0175609756097561 0.035897435897435895
0 0.4824390243902439 0.18205128205128204 0.014634146341463415 0.02905982905982906
0 0.5029268292682927 0.1564102564102564 0.012682926829268294 0.02564102564102564
0 0.5224390243902439 0.16666666666666666 0.016585365853658537 0.02905982905982906
0 0.5263414634146342 0.19487179487179487 0.018536585365853658 0.041025641025641026
0 0.5190243902439025 0.13333333333333333 0.013658536585365854 0.02735042735042735
0 0.5317073170731708 0.13846153846153847 0.015609756097560976 0.03418803418803419
0 0.5492682926829269 0.16666666666666666 0.0175609756097561 0.03247863247863248
0 0.5663414634146341 0.13760683760683762 0.014634146341463415 0.02905982905982906
0 0.5595121951219513 0.11025641025641025 0.012682926829268294 0.02905982905982906
0 0.5521951219512196 0.07777777777777778 0.015609756097560976 0.022222222222222223
0 0.5936585365853658 0.07264957264957266 0.010731707317073172 0.022222222222222223
0 0.5848780487804878 0.1658119658119658 0.016585365853658537 0.03418803418803419
0 0.5834146341463414 0.14017094017094017 0.013658536585365854 0.023931623931623933
0 0.588780487804878 0.12136752136752137 0.010731707317073172 0.020512820512820513
0 0.5985365853658536 0.1094017094017094 0.010731707317073172 0.023931623931623933
0 0.62 0.10341880341880341 0.010731707317073172 0.02564102564102564
0 0.6463414634146342 0.10341880341880341 0.010731707317073172 0.02564102564102564
0 0.6487804878048781 0.13162393162393163 0.013658536585365854 0.02735042735042735
0 0.6551219512195122 0.11965811965811966 0.012682926829268294 0.03076923076923077
0 0.6658536585365854 0.10854700854700855 0.010731707317073172 0.02564102564102564
0 0.7048780487804878 0.10427350427350428 0.014634146341463415 0.02735042735042735
0 0.6146341463414634 0.15128205128205127 0.0175609756097561 0.039316239316239315
0 0.5029268292682927 0.29914529914529914 0.024390243902439025 0.06153846153846154
0 0.5170731707317073 0.3264957264957265 0.025365853658536587 0.0547008547008547
0 0.5580487804878049 0.26324786324786326 0.025365853658536587 0.04786324786324787
0 0.6073170731707317 0.21623931623931625 0.02048780487804878 0.039316239316239315
0 0.6092682926829268 0.2692307692307692 0.0224390243902439 0.05299145299145299
0 0.6209756097560976 0.294017094017094 0.02829268292682927 0.05128205128205128
0 0.6746341463414635 0.31367521367521367 0.03609756097560975 0.07008547008547009
0 0.66 0.21794871794871795 0.02048780487804878 0.042735042735042736
0 0.6917073170731707 0.18632478632478633 0.021463414634146343 0.041025641025641026
0 0.7526829268292683 0.33418803418803417 0.03609756097560975 0.07692307692307693
0 0.795609756097561 0.4094017094017094 0.04 0.08034188034188035
0 0.7482926829268293 0.2299145299145299 0.021463414634146343 0.04957264957264957
0 0.7478048780487805 0.18376068376068377 0.02048780487804878 0.046153846153846156
0 0.7804878048780488 0.19658119658119658 0.021463414634146343 0.041025641025641026
0 0.7829268292682927 0.15982905982905982 0.018536585365853658 0.035897435897435895
0 0.8048780487804879 0.13333333333333333 0.015609756097560976 0.037606837606837605
0 0.824390243902439 0.14615384615384616 0.015609756097560976 0.03247863247863248
0 0.833170731707317 0.13846153846153847 0.015609756097560976 0.03076923076923077
0 0.8463414634146341 0.13760683760683762 0.014634146341463415 0.039316239316239315
0 0.8682926829268293 0.13418803418803418 0.015609756097560976 0.03247863247863248
0 0.8590243902439024 0.1581196581196581 0.016585365853658537 0.035897435897435895
0 0.8707317073170732 0.19572649572649573 0.018536585365853658 0.039316239316239315
0 0.8848780487804878 0.18888888888888888 0.01951219512195122 0.046153846153846156
0 0.8278048780487804 0.20512820512820512 0.024390243902439025 0.044444444444444446
0 0.7975609756097561 0.28888888888888886 0.024390243902439025 0.0547008547008547
0 0.7682926829268293 0.2794871794871795 0.024390243902439025 0.05641025641025641
0 0.8317073170731707 0.31794871794871793 0.02829268292682927 0.06153846153846154
0 0.8102439024390244 0.26666666666666666 0.024390243902439025 0.04786324786324787
0 0.9190243902439025 0.4256410256410256 0.03902439024390244 0.07863247863247863
0 0.9039024390243903 0.31965811965811963 0.03219512195121951 0.06837606837606838
0 0.868780487804878 0.2709401709401709 0.02048780487804878 0.042735042735042736
0 0.9214634146341464 0.27863247863247864 0.02048780487804878 0.04786324786324787
0 0.9273170731707318 0.24188034188034188 0.0224390243902439 0.039316239316239315
0 0.926829268292683 0.19829059829059828 0.021463414634146343 0.044444444444444446
0 0.9297560975609757 0.1606837606837607 0.0175609756097561 0.03418803418803419
0 0.904390243902439 0.14786324786324787 0.013658536585365854 0.02564102564102564
0 0.96 0.12136752136752137 0.011707317073170732 0.03076923076923077