0 0.5371900826446281 0.06848184818481848 0.012855831037649219 0.024752475247524754
0 0.6450872359963269 0.11963696369636964 0.017447199265381085 0.03135313531353135
0 0.7506887052341598 0.12788778877887788 0.013774104683195593 0.03135313531353135
0 0.7626262626262627 0.13943894389438943 0.013774104683195593 0.037953795379537955
0 0.5831037649219467 0.22772277227722773 0.020202020202020204 0.0462046204620462
0 0.8099173553719008 0.25165016501650167 0.025711662075298437 0.054455445544554455
0 0.8815426997245179 0.2376237623762376 0.020202020202020204 0.039603960396039604
0 0.9132231404958677 0.2466996699669967 0.01928374655647383 0.041254125412541254
0 0.40725436179981633 0.21287128712871287 0.01928374655647383 0.036303630363036306
0 0.6179981634527089 0.12871287128712872 0.020202020202020204 0.036303630363036306
0 0.6363636363636364 0.13943894389438943 0.014692378328741965 0.028052805280528052
0 0.8852157943067034 0.21122112211221122 0.01652892561983471 0.036303630363036306