0 0.14947965941343425 0.2973421926910299 0.02459791863765374 0.04318936877076412
0 0.2568590350047304 0.2815614617940199 0.03500473036896878 0.06478405315614617
0 0.3784295175023652 0.26827242524916944 0.01892147587511826 0.04152823920265781
0 0.3491012298959319 0.24086378737541528 0.02838221381267739 0.03986710963455149
0 0.4228949858088931 0.16029900332225913 0.01892147587511826 0.03488372093023256
0 0.4645222327341533 0.21926910299003322 0.02459791863765374 0.04318936877076412
0 0.4914853358561968 0.313953488372093 0.03122043519394513 0.06312292358803986
0 0.5421002838221382 0.329734219269103 0.03216650898770104 0.07142857142857142
0 0.5946073793755913 0.3911960132890365 0.03878902554399243 0.0681063122923588
0 0.6385998107852412 0.24335548172757476 0.02270577105014191 0.04152823920265781
0 0.6504257332071902 0.2292358803986711 0.021759697256385997 0.03986710963455149
0 0.5387890255439924 0.13870431893687707 0.010406811731315043 0.024916943521594685
0 0.5733207190160833 0.13372093023255813 0.017029328287606435 0.03820598006644518
0 0.5993377483443708 0.11544850498338871 0.01229895931882687 0.02823920265780731
0 0.7942289498580889 0.2807308970099668 0.027436140018921477 0.05647840531561462
0 0.8543046357615894 0.3089700996677741 0.03216650898770104 0.059800664451827246
0 0.912961210974456 0.14700996677740863 0.011352885525070956 0.02159468438538206
0 0.9422894985808893 0.1553156146179402 0.015137180700094607 0.03488372093023256