0 0.05454545454545454 0.45592705167173253 0.04727272727272727 0.0911854103343465
0 0.06909090909090909 0.39969604863221886 0.04 0.07598784194528875
0 0.019090909090909092 0.4209726443768997 0.034545454545454546 0.06990881458966565
0 0.16 0.817629179331307 0.14181818181818182 0.2553191489361702
0 0.26454545454545453 0.5015197568389058 0.05272727272727273 0.1033434650455927
0 0.20636363636363636 0.32674772036474165 0.045454545454545456 0.10030395136778116
0 0.13272727272727272 0.3541033434650456 0.04 0.07598784194528875
0 0.28454545454545455 0.45896656534954405 0.038181818181818185 0.0668693009118541
0 0.31636363636363635 0.40425531914893614 0.03272727272727273 0.0668693009118541
0 0.3609090909090909 0.4908814589665654 0.05272727272727273 0.10638297872340426
0 0.3527272727272727 0.425531914893617 0.04 0.0486322188449848
0 0.3527272727272727 0.3890577507598784 0.02909090909090909 0.0425531914893617
0 0.43636363636363634 0.33586626139817627 0.05818181818181818 0.11854103343465046
0 0.4909090909090909 0.4133738601823708 0.03272727272727273 0.060790273556231005
0 0.5381818181818182 0.4969604863221885 0.05454545454545454 0.10638297872340426
0 0.52 0.43009118541033436 0.04 0.08206686930091185
0 0.5618181818181818 0.4270516717325228 0.03272727272727273 0.06990881458966565
0 0.61 0.4452887537993921 0.05272727272727273 0.08814589665653495
0 0.6563636363636364 0.44680851063829785 0.04363636363636364 0.0911854103343465
0 0.6454545454545455 0.5911854103343465 0.08 0.13069908814589665
0 0.7245454545454545 0.5243161094224924 0.06 0.10638297872340426
0 0.7263636363636363 0.4574468085106383 0.045454545454545456 0.08814589665653495
0 0.7945454545454546 0.5030395136778115 0.05454545454545454 0.09422492401215805
0 0.8518181818181818 0.439209726443769 0.04909090909090909 0.10030395136778116
0 0.9572727272727273 0.49240121580547114 0.04909090909090909 0.0911854103343465