0 0.20862676056338028 0.5545774647887324 0.04753521126760563 0.0715962441314554
0 0.301056338028169 0.5903755868544601 0.07042253521126761 0.08685446009389672
0 0.34463028169014087 0.5504694835680751 0.0448943661971831 0.06572769953051644
0 0.4410211267605634 0.653755868544601 0.0897887323943662 0.14788732394366197
0 0.4476232394366197 0.5592723004694836 0.05897887323943662 0.0880281690140845
0 0.5356514084507042 0.39730046948356806 0.04137323943661972 0.04342723004694836
0 0.5444542253521126 0.5768779342723005 0.03961267605633803 0.07394366197183098
0 0.5783450704225352 0.6144366197183099 0.058098591549295774 0.08568075117370892
0 0.5647007042253521 0.5487089201877934 0.0448943661971831 0.06455399061032864
0 0.6412852112676056 0.5586854460093896 0.05017605633802817 0.07276995305164319
0 0.6681338028169014 0.7811032863849765 0.11795774647887323 0.18427230046948356
0 0.7068661971830986 0.596830985915493 0.06514084507042253 0.08333333333333333
0 0.8001760563380281 0.5868544600938967 0.0528169014084507 0.06807511737089202
0 0.7847711267605634 0.5240610328638498 0.043133802816901406 0.06455399061032864
0 0.8490316901408451 0.5176056338028169 0.03961267605633803 0.06572769953051644
0 0.9793133802816901 0.5586854460093896 0.03961267605633803 0.06103286384976526
0 0.971830985915493 0.6596244131455399 0.051056338028169015 0.11737089201877934
0 0.8164612676056338 0.7617370892018779 0.10475352112676056 0.14553990610328638