0 0.07892454466608846 0.5855491329479768 0.03469210754553339 0.04508670520231214
0 0.08282740676496098 0.5612716763005781 0.032090199479618386 0.035838150289017344
0 0.2103209019947962 0.49190751445086706 0.04596704249783174 0.06589595375722543
0 0.7610581092801387 0.5976878612716763 0.030355594102341718 0.05317919075144509
0 0.808326105810928 0.5861271676300578 0.022549869904596703 0.04393063583815029
0 0.8243712055507372 0.6017341040462427 0.033824804856895055 0.058959537572254334
0 0.8712055507372073 0.5832369942196531 0.033824804856895055 0.04277456647398844
0 0.8681699913269731 0.6329479768786127 0.03469210754553339 0.04508670520231214
0 0.9479618386816999 0.5728323699421966 0.024284475281873375 0.035838150289017344
0 0.9757155247181266 0.5867052023121387 0.03469210754553339 0.04508670520231214
0 0.9483954900260191 0.5433526011560693 0.014744145706851692 0.03005780346820809
0 0.9726799653078925 0.553757225433526 0.0199479618386817 0.027745664739884393
0 0.9657415437987857 0.5375722543352601 0.011274934952298352 0.020809248554913295
0 0.9284475281873373 0.5520231213872833 0.01821335646140503 0.03352601156069364
0 0.9215091066782307 0.5381502890173411 0.014744145706851692 0.024277456647398842
0 0.8980919340849957 0.5566473988439307 0.01821335646140503 0.028901734104046242
0 0.8950563746747615 0.5346820809248555 0.017346053772766695 0.021965317919075144
0 0.8594969644405898 0.5473988439306359 0.020815264527320035 0.035838150289017344
0 0.8460537727666956 0.5630057803468208 0.01821335646140503 0.027745664739884393
0 0.8378143972246314 0.5387283236994219 0.015611448395490026 0.025433526011560695
0 0.8278404163052906 0.5572254335260116 0.0199479618386817 0.03005780346820809
0 0.8139635732870771 0.5502890173410404 0.01647875108412836 0.025433526011560695
0 0.8143972246313964 0.5369942196531792 0.017346053772766695 0.021965317919075144
0 0.7749349522983521 0.5057803468208093 0.013009540329575022 0.017341040462427744
0 0.7276669557675629 0.576300578034682 0.020815264527320035 0.04046242774566474
0 0.7103209019947961 0.5595375722543353 0.020815264527320035 0.03005780346820809
0 0.6934084995663486 0.5526011560693641 0.01647875108412836 0.025433526011560695
0 0.6756287944492628 0.5491329479768786 0.015611448395490026 0.020809248554913295
0 0.6444058976582827 0.5716763005780346 0.019080659150043366 0.03352601156069364
0 0.681266261925412 0.5872832369942197 0.028620988725065046 0.03699421965317919
0 0.7415437987857763 0.5479768786127167 0.010407632263660017 0.018497109826589597
0 0.6175195143104943 0.5716763005780346 0.022549869904596703 0.035838150289017344
0 0.5823937554206418 0.5872832369942197 0.028620988725065046 0.04161849710982659
0 0.5516045099739809 0.5867052023121387 0.027753686036426712 0.035838150289017344
0 0.5641803989592368 0.5624277456647399 0.02168256721595837 0.03121387283236994
0 0.54163052905464 0.5612716763005781 0.01647875108412836 0.026589595375722544
0 0.5277536860364267 0.5589595375722544 0.01647875108412836 0.026589595375722544
0 0.5108412836079792 0.5491329479768786 0.013876843018213356 0.020809248554913295
0 0.5021682567215958 0.5670520231213872 0.020815264527320035 0.03352601156069364
0 0.48438855160451 0.5664739884393064 0.01647875108412836 0.03236994219653179
0 0.2623590633130963 0.5421965317919075 0.007805724197745013 0.011560693641618497
0 0.25715524718126626 0.5369942196531792 0.007805724197745013 0.015028901734104046
0 0.28143972246313964 0.5445086705202312 0.007805724197745013 0.013872832369942197
0 0.2909800520381613 0.5485549132947977 0.009540329575021683 0.015028901734104046
0 0.3018213356461405 0.5364161849710982 0.008673026886383347 0.020809248554913295
0 0.30659150043365135 0.5468208092485549 0.007805724197745013 0.011560693641618497
0 0.308326105810928 0.5578034682080925 0.009540329575021683 0.017341040462427744
0 0.3165654813529922 0.5508670520231214 0.012142237640936688 0.017341040462427744
0 0.3274067649609714 0.5485549132947977 0.007805724197745013 0.012716763005780347
0 0.3391153512575889 0.5502890173410404 0.010407632263660017 0.016184971098265895
0 0.35039028620988727 0.5485549132947977 0.012142237640936688 0.019653179190751446
0 0.34518647007805725 0.5508670520231214 0.010407632263660017 0.017341040462427744
0 0.36253252385082396 0.5497109826589596 0.012142237640936688 0.021965317919075144
0 0.3751084128360798 0.5549132947976878 0.013009540329575022 0.023121387283236993
0 0.39722463139635733 0.5433526011560693 0.013876843018213356 0.020809248554913295
0 0.3855160450997398 0.5526011560693641 0.009540329575021683 0.020809248554913295
0 0.41153512575888984 0.5485549132947977 0.011274934952298352 0.019653179190751446
0 0.42454466608846486 0.553757225433526 0.011274934952298352 0.023121387283236993
0 0.43235039028620986 0.5473988439306359 0.013009540329575022 0.021965317919075144
0 0.43321769297484825 0.5641618497109827 0.014744145706851692 0.03005780346820809
0 0.4492627927146574 0.5710982658959538 0.019080659150043366 0.03236994219653179
0 0.49045967042497834 0.5381502890173411 0.006071118820468344 0.015028901734104046