0 0.780952380952381 0.27996422182468694 0.05238095238095238 0.10196779964221825
0 0.8535714285714285 0.2898032200357782 0.05 0.07871198568872988
0 0.9125 0.2889087656529517 0.041666666666666664 0.08407871198568873
0 0.6494047619047619 0.2737030411449016 0.02976190476190476 0.05366726296958855
0 0.6785714285714286 0.2772808586762075 0.02857142857142857 0.057245080500894455
0 0.7303571428571428 0.26565295169946335 0.02738095238095238 0.0518783542039356
0 0.7523809523809524 0.2710196779964222 0.02619047619047619 0.0518783542039356
0 0.6077380952380952 0.276386404293381 0.02976190476190476 0.059033989266547404
0 0.5535714285714286 0.27996422182468694 0.04047619047619048 0.059033989266547404
0 0.5386904761904762 0.24776386404293382 0.017857142857142856 0.03041144901610018
0 0.5154761904761904 0.26118067978533094 0.02619047619047619 0.05008944543828265
0 0.4529761904761905 0.2772808586762075 0.05119047619047619 0.1073345259391771
0 0.4172619047619048 0.25313059033989266 0.015476190476190477 0.03398926654740608
0 0.38571428571428573 0.24150268336314848 0.016666666666666666 0.04293381037567084
0 0.3339285714285714 0.26118067978533094 0.0630952380952381 0.13595706618962433
0 0.29523809523809524 0.2549194991055456 0.047619047619047616 0.09481216457960644
0 0.2702380952380952 0.23792486583184258 0.02619047619047619 0.04293381037567084
0 0.24166666666666667 0.23971377459749552 0.03333333333333333 0.06440071556350627
0 0.21726190476190477 0.23255813953488372 0.036904761904761905 0.06797853309481217
0 0.15714285714285714 0.259391771019678 0.10238095238095238 0.18246869409660108
0 0.10238095238095238 0.22719141323792486 0.05476190476190476 0.08228980322003578
0 0.05952380952380952 0.22093023255813954 0.05 0.059033989266547404