0 0.0275 0.26 0.03833333333333333 0.07428571428571429
0 0.12083333333333333 0.38142857142857145 0.085 0.15142857142857144
0 0.1425 0.2671428571428571 0.045 0.08857142857142856
0 0.10583333333333333 0.20714285714285716 0.045 0.08285714285714285
0 0.18833333333333332 0.2057142857142857 0.043333333333333335 0.08
0 0.26 0.21285714285714286 0.04 0.06571428571428571
0 0.2825 0.17285714285714285 0.028333333333333332 0.07142857142857142
0 0.37333333333333335 0.22285714285714286 0.04666666666666667 0.07428571428571429
0 0.4033333333333333 0.29 0.056666666666666664 0.10571428571428572
0 0.4575 0.23 0.045 0.08857142857142856
0 0.415 0.14857142857142858 0.04 0.08571428571428572
0 0.24 0.4785714285714286 0.09333333333333334 0.18571428571428572
0 0.4166666666666667 0.44857142857142857 0.06333333333333334 0.12571428571428572
0 0.44416666666666665 0.53 0.10166666666666667 0.18
0 0.5391666666666667 0.7 0.195 0.32571428571428573
0 0.535 0.33 0.056666666666666664 0.11714285714285715
0 0.5108333333333334 0.17142857142857143 0.03833333333333333 0.08571428571428572
0 0.5858333333333333 0.16714285714285715 0.045 0.07714285714285714
0 0.6025 0.2342857142857143 0.051666666666666666 0.09714285714285714
0 0.6558333333333334 0.36 0.07833333333333334 0.11428571428571428
0 0.6975 0.17714285714285713 0.04833333333333333 0.09714285714285714
0 0.7941666666666667 0.2357142857142857 0.06166666666666667 0.11714285714285715
0 0.9308333333333333 0.43 0.10166666666666667 0.19142857142857142
0 0.9375 0.26285714285714284 0.065 0.10857142857142857
0 0.955 0.1657142857142857 0.06 0.10857142857142857