0 0.8727436823104693 0.5495867768595041 0.02707581227436823 0.046831955922865015
0 0.733754512635379 0.6639118457300276 0.016245487364620937 0.03305785123966942
0 0.7057761732851986 0.6721763085399449 0.01444043321299639 0.027548209366391185
0 0.6877256317689531 0.6763085399449036 0.01444043321299639 0.024793388429752067
0 0.6750902527075813 0.6790633608815427 0.01444043321299639 0.024793388429752067
0 0.6615523465703971 0.6597796143250688 0.01263537906137184 0.024793388429752067
0 0.6552346570397112 0.6763085399449036 0.01444043321299639 0.024793388429752067
0 0.6416967509025271 0.6804407713498623 0.016245487364620937 0.027548209366391185
0 0.6083032490974729 0.7134986225895317 0.01444043321299639 0.02203856749311295
0 0.5550541516245487 0.7079889807162535 0.01263537906137184 0.01652892561983471
0 0.5361010830324909 0.7079889807162535 0.01444043321299639 0.02203856749311295
0 0.516245487364621 0.7272727272727273 0.01444043321299639 0.02203856749311295
0 0.5216606498194946 0.7121212121212122 0.01444043321299639 0.01928374655647383
0 0.5324909747292419 0.6446280991735537 0.010830324909747292 0.027548209366391185
0 0.490072202166065 0.7245179063360881 0.016245487364620937 0.027548209366391185
0 0.4729241877256318 0.699724517906336 0.010830324909747292 0.01652892561983471
0 0.4611913357400722 0.6515151515151515 0.01263537906137184 0.01928374655647383
0 0.45216606498194944 0.7011019283746557 0.01263537906137184 0.024793388429752067
0 0.4584837545126354 0.6735537190082644 0.01444043321299639 0.01928374655647383
0 0.43862815884476536 0.6446280991735537 0.010830324909747292 0.02203856749311295
0 0.4250902527075812 0.6418732782369146 0.01263537906137184 0.02203856749311295
0 0.38898916967509023 0.7451790633608816 0.019855595667870037 0.03581267217630854
0 0.40884476534296027 0.7451790633608816 0.016245487364620937 0.03581267217630854
0 0.4287003610108303 0.7272727272727273 0.01263537906137184 0.027548209366391185
0 0.45306859205776173 0.7300275482093664 0.01444043321299639 0.027548209366391185
0 0.4305054151624549 0.7011019283746557 0.009025270758122744 0.01928374655647383
0 0.40703971119133575 0.7024793388429752 0.01263537906137184 0.02203856749311295
0 0.37725631768953066 0.7079889807162535 0.01444043321299639 0.01652892561983471
0 0.3592057761732852 0.7038567493112947 0.010830324909747292 0.024793388429752067
0 0.37454873646209386 0.6887052341597796 0.01263537906137184 0.01652892561983471
0 0.3655234657039711 0.6460055096418733 0.01263537906137184 0.01928374655647383
0 0.38898916967509023 0.6528925619834711 0.01263537906137184 0.02203856749311295
0 0.33754512635379064 0.7203856749311295 0.018050541516245487 0.03581267217630854
0 0.34025270758122744 0.7011019283746557 0.01263537906137184 0.024793388429752067
0 0.31137184115523464 0.6942148760330579 0.01263537906137184 0.02203856749311295
0 0.31227436823104693 0.6790633608815427 0.010830324909747292 0.01928374655647383
0 0.2779783393501805 0.6680440771349863 0.010830324909747292 0.01928374655647383
0 0.29061371841155237 0.6763085399449036 0.010830324909747292 0.01928374655647383
0 0.30234657039711194 0.768595041322314 0.03429602888086643 0.05509641873278237
0 0.361913357400722 0.7644628099173554 0.02707581227436823 0.04132231404958678
0 0.29783393501805056 0.731404958677686 0.021660649819494584 0.030303030303030304
0 0.26624548736462095 0.7121212121212122 0.01263537906137184 0.024793388429752067
0 0.25541516245487367 0.7410468319559229 0.023465703971119134 0.03856749311294766
0 0.2319494584837545 0.7851239669421488 0.030685920577617327 0.05509641873278237
0 0.18501805054151624 0.7424242424242424 0.023465703971119134 0.04132231404958678
0 0.1832129963898917 0.709366391184573 0.019855595667870037 0.030303030303030304
0 0.19855595667870035 0.6983471074380165 0.01444043321299639 0.024793388429752067
0 0.22292418772563177 0.7107438016528925 0.016245487364620937 0.027548209366391185
0 0.2283393501805054 0.6831955922865014 0.009025270758122744 0.01652892561983471
0 0.21750902527075813 0.6680440771349863 0.01263537906137184 0.024793388429752067
0 0.24819494584837545 0.6680440771349863 0.009025270758122744 0.01928374655647383
0 0.20487364620938628 0.6666666666666666 0.009025270758122744 0.01652892561983471
0 0.19584837545126355 0.6680440771349863 0.009025270758122744 0.01928374655647383
0 0.148014440433213 0.7258953168044077 0.018050541516245487 0.030303030303030304
0 0.1651624548736462 0.8099173553719008 0.03790613718411552 0.06611570247933884
0 0.08212996389891697 0.8140495867768595 0.04151624548736462 0.06887052341597796
0 0.023465703971119134 0.7768595041322314 0.036101083032490974 0.06060606060606061
0 0.029783393501805054 0.7038567493112947 0.019855595667870037 0.03581267217630854
0 0.03700361010830325 0.6845730027548209 0.016245487364620937 0.024793388429752067
0 0.07671480144404332 0.7011019283746557 0.019855595667870037 0.03581267217630854
0 0.061371841155234655 0.7341597796143251 0.021660649819494584 0.04132231404958678
0 0.10469314079422383 0.7699724517906336 0.02888086642599278 0.05234159779614325
0 0.1055956678700361 0.7258953168044077 0.019855595667870037 0.03581267217630854
0 0.12003610108303249 0.6707988980716253 0.01263537906137184 0.01928374655647383
0 0.15613718411552346 0.6955922865013774 0.016245487364620937 0.030303030303030304
0 0.16696750902527077 0.6707988980716253 0.01263537906137184 0.01928374655647383
0 0.08664259927797834 0.6680440771349863 0.01444043321299639 0.024793388429752067
0 0.10198555956678701 0.6584022038567493 0.009025270758122744 0.01652892561983471
0 0.04963898916967509 0.6515151515151515 0.01263537906137184 0.01928374655647383
0 0.06678700361010831 0.6460055096418733 0.010830324909747292 0.01928374655647383
0 0.008122743682310469 0.6570247933884298 0.01263537906137184 0.01928374655647383