0 0.1501736111111111 0.6747685185185185 0.10474537037037036 0.13136574074074073
0 0.15499614197530864 0.6012731481481481 0.07040895061728394 0.08564814814814815
0 0.2017746913580247 0.5992476851851852 0.04822530864197531 0.10416666666666667
0 0.2562692901234568 0.6008391203703703 0.04533179012345679 0.06799768518518519
0 0.3343942901234568 0.6090856481481481 0.05999228395061729 0.09085648148148148
0 0.37364969135802467 0.6199363425925926 0.05439814814814815 0.08362268518518519
0 0.6355131172839507 0.5982349537037037 0.041859567901234566 0.07146990740740741
0 0.6634837962962963 0.6245659722222222 0.046875 0.08478009259259259
0 0.7051504629629629 0.6354166666666666 0.050347222222222224 0.08159722222222222
0 0.7563657407407407 0.61328125 0.05092592592592592 0.07841435185185185
0 0.8001543209876543 0.7047164351851852 0.10532407407407407 0.14554398148148148
0 0.9431905864197531 0.6328125 0.05652006172839506 0.0931712962962963
0 0.923804012345679 0.5910011574074074 0.04398148148148148 0.06278935185185185
0 0.9810956790123457 0.6157407407407407 0.03742283950617284 0.10011574074074074