0 0.12632042253521128 0.5269953051643192 0.12588028169014084 0.19014084507042253
0 0.22535211267605634 0.630868544600939 0.17781690140845072 0.22183098591549297
0 0.375 0.7165492957746479 0.2323943661971831 0.32981220657276994
0 0.09639084507042253 0.41784037558685444 0.09066901408450705 0.11737089201877934
0 0.0664612676056338 0.3609154929577465 0.0625 0.08098591549295775
0 0.22799295774647887 0.36619718309859156 0.06866197183098592 0.0892018779342723
0 0.3045774647887324 0.3873239436619718 0.061619718309859156 0.10093896713615023
0 0.3851232394366197 0.4325117370892019 0.07658450704225352 0.1068075117370892
0 0.5264084507042254 0.4213615023474178 0.0721830985915493 0.12441314553990611
0 0.6641725352112676 0.4413145539906103 0.08890845070422536 0.12910798122065728
0 0.7552816901408451 0.4788732394366197 0.11267605633802817 0.15258215962441316
0 0.7821302816901409 0.8609154929577465 0.2737676056338028 0.2640845070422535
0 0.971830985915493 0.5416666666666666 0.05457746478873239 0.1607981220657277