0 0.10546875 0.7094395280235988 0.0625 0.11799410029498525
0 0.1435546875 0.6976401179941003 0.04296875 0.10029498525073746
0 0.29248046875 0.7116519174041298 0.0615234375 0.13126843657817108
0 0.3359375 0.7079646017699115 0.0546875 0.0943952802359882
0 0.37548828125 0.8097345132743363 0.0849609375 0.14454277286135694
0 0.462890625 0.8997050147492626 0.1640625 0.1976401179941003
0 0.48583984375 0.7352507374631269 0.0595703125 0.11356932153392331
0 0.56494140625 0.5066371681415929 0.0498046875 0.07227138643067847
0 0.6259765625 0.8407079646017699 0.1015625 0.17699115044247787
0 0.69482421875 0.7912979351032449 0.0654296875 0.09882005899705015
0 0.88330078125 0.8141592920353983 0.0927734375 0.1504424778761062
0 0.63232421875 0.7772861356932154 0.0732421875 0.11209439528023599