0 0.19222005208333334 0.4615885416666667 0.10514322916666667 0.1480034722222222
0 0.18733723958333334 0.3572048611111111 0.053059895833333336 0.07291666666666667
0 0.16731770833333334 0.3253038194444444 0.047526041666666664 0.06380208333333333
0 0.1025390625 0.3285590277777778 0.042317708333333336 0.05555555555555555
0 0.24039713541666666 0.3157552083333333 0.0361328125 0.05685763888888889
0 0.2630208333333333 0.3771701388888889 0.059244791666666664 0.08680555555555555
0 0.3444010416666667 0.3289930555555556 0.04296875 0.0685763888888889
0 0.37890625 0.3248697916666667 0.050130208333333336 0.08897569444444445
0 0.54541015625 0.3778211805555556 0.06673177083333333 0.1037326388888889
0 0.55908203125 0.3257378472222222 0.0361328125 0.05859375
0 0.6214192708333334 0.3389756944444444 0.046223958333333336 0.0642361111111111
0 0.6551106770833334 0.3980034722222222 0.0634765625 0.10416666666666667
0 0.705078125 0.3374565972222222 0.036458333333333336 0.061197916666666664
0 0.7703450520833334 0.5091145833333334 0.1181640625 0.16666666666666666
0 0.8841145833333334 0.263671875 0.046223958333333336 0.07769097222222222
0 0.9645182291666666 0.4071180555555556 0.06575520833333333 0.1076388888888889