0 0.065 0.45135135135135135 0.05333333333333334 0.11351351351351352
0 0.12833333333333333 0.44054054054054054 0.04 0.08108108108108109
0 0.1925 0.45135135135135135 0.051666666666666666 0.0972972972972973
0 0.2683333333333333 0.4527027027027027 0.06666666666666667 0.14324324324324325
0 0.37166666666666665 0.44324324324324327 0.04 0.08648648648648649
0 0.3333333333333333 0.46621621621621623 0.023333333333333334 0.062162162162162166
0 0.445 0.4756756756756757 0.06 0.10810810810810811
0 0.525 0.4486486486486487 0.05 0.11891891891891893
0 0.5808333333333333 0.4648648648648649 0.041666666666666664 0.11351351351351352
0 0.6575 0.4391891891891892 0.055 0.10540540540540541
0 0.72 0.4648648648648649 0.05 0.10270270270270271
0 0.7641666666666667 0.44324324324324327 0.03833333333333333 0.07027027027027027
0 0.7991666666666667 0.45 0.025 0.062162162162162166
0 0.8358333333333333 0.4810810810810811 0.035 0.08108108108108109
0 0.8691666666666666 0.4905405405405405 0.03166666666666667 0.062162162162162166
0 0.8816666666666667 0.4472972972972973 0.023333333333333334 0.04594594594594595
0 0.9266666666666666 0.48783783783783785 0.03666666666666667 0.08378378378378379
0 0.9758333333333333 0.47297297297297297 0.035 0.05405405405405406