0 0.16875 0.5766666666666667 0.1425 0.19333333333333333
0 0.09125 0.42333333333333334 0.1025 0.14666666666666667
0 0.37875 0.7 0.1425 0.21333333333333335
0 0.2925 0.3416666666666667 0.065 0.09666666666666666
0 0.40875 0.37333333333333335 0.0925 0.12
0 0.525 0.3333333333333333 0.045 0.07333333333333333
0 0.615 0.34833333333333333 0.065 0.09
0 0.6775 0.41 0.095 0.13333333333333333
0 0.74 0.15333333333333332 0.08 0.12
0 0.87625 0.3616666666666667 0.0725 0.11666666666666667
0 0.92875 0.48 0.0825 0.14