0 0.042028985507246375 0.5404255319148936 0.04057971014492753 0.06808510638297872
0 0.021014492753623187 0.5159574468085106 0.036231884057971016 0.06170212765957447
0 0.15507246376811595 0.4978723404255319 0.043478260869565216 0.06808510638297872
0 0.18188405797101448 0.5351063829787234 0.04782608695652174 0.07446808510638298
0 0.19927536231884058 0.5117021276595745 0.0391304347826087 0.06595744680851064
0 0.28405797101449276 0.5234042553191489 0.03768115942028986 0.07659574468085106
0 0.26594202898550723 0.4946808510638298 0.030434782608695653 0.05319148936170213
0 0.3036231884057971 0.5212765957446809 0.02753623188405797 0.06808510638297872
0 0.48188405797101447 0.29148936170212764 0.07101449275362319 0.10212765957446808
0 0.42028985507246375 0.5138297872340426 0.028985507246376812 0.06595744680851064
0 0.46956521739130436 0.4627659574468085 0.02608695652173913 0.0574468085106383
0 0.49927536231884057 0.5255319148936171 0.030434782608695653 0.06808510638297872
0 0.5144927536231884 0.5404255319148936 0.03188405797101449 0.06382978723404255
0 0.5304347826086957 0.474468085106383 0.028985507246376812 0.06382978723404255
0 0.5543478260869565 0.5212765957446809 0.036231884057971016 0.059574468085106386
0 0.5942028985507246 0.526595744680851 0.03188405797101449 0.07021276595744681
0 0.6681159420289855 0.5234042553191489 0.043478260869565216 0.08085106382978724
0 0.7376811594202899 0.5340425531914894 0.03768115942028986 0.06382978723404255
0 0.9239130434782609 0.5436170212765957 0.042028985507246375 0.08723404255319149
0 0.9753623188405797 0.575531914893617 0.034782608695652174 0.08723404255319149