0 0.1920212765957447 0.39577259475218657 0.10531914893617021 0.18513119533527697
0 0.23563829787234042 0.239067055393586 0.09680851063829787 0.15743440233236153
0 0.27287234042553193 0.10641399416909621 0.07340425531914893 0.119533527696793
0 0.16595744680851063 0.08017492711370262 0.059574468085106386 0.09620991253644315
0 0.4117021276595745 0.1967930029154519 0.03829787234042553 0.061224489795918366
0 0.46117021276595743 0.20918367346938777 0.035106382978723406 0.06268221574344024
0 0.4952127659574468 0.20699708454810495 0.039361702127659576 0.0641399416909621
0 0.5707446808510638 0.21209912536443148 0.02872340425531915 0.05393586005830904
0 0.5962765957446808 0.19533527696793002 0.03723404255319149 0.061224489795918366
0 0.6393617021276595 0.21209912536443148 0.04042553191489362 0.0597667638483965
0 0.6813829787234043 0.21355685131195334 0.035106382978723406 0.07142857142857142
0 0.7117021276595744 0.20262390670553937 0.027659574468085105 0.05539358600583091
0 0.7702127659574468 0.21209912536443148 0.036170212765957444 0.0597667638483965
0 0.8026595744680851 0.21282798833819241 0.047872340425531915 0.07871720116618076
0 0.7712765957446809 0.17346938775510204 0.02127659574468085 0.037900874635568516
0 0.8425531914893617 0.20043731778425655 0.05319148936170213 0.10058309037900874
0 0.8984042553191489 0.21574344023323616 0.06702127659574468 0.11370262390670553
0 0.9452127659574469 0.21064139941690962 0.03723404255319149 0.0597667638483965
0 0.9824468085106383 0.23104956268221574 0.03297872340425532 0.08600583090379009