0 0.052 0.3506666666666667 0.04 0.06133333333333333
0 0.129 0.3586666666666667 0.046 0.06666666666666667
0 0.206 0.25733333333333336 0.04 0.050666666666666665
0 0.262 0.34933333333333333 0.056 0.08
0 0.363 0.3426666666666667 0.046 0.088
0 0.354 0.26666666666666666 0.044 0.05333333333333334
0 0.351 0.19333333333333333 0.038 0.050666666666666665
0 0.481 0.23733333333333334 0.054 0.06933333333333333
0 0.472 0.164 0.04 0.056
0 0.561 0.15333333333333332 0.042 0.06133333333333333
0 0.627 0.24933333333333332 0.054 0.07733333333333334
0 0.776 0.12 0.064 0.08533333333333333
0 0.933 0.17866666666666667 0.062 0.112
0 0.834 0.4093333333333333 0.1 0.14666666666666667