0 0.1359375 0.37719298245614036 0.034375 0.043859649122807015
0 0.05703125 0.555921052631579 0.0453125 0.06798245614035088
0 0.1453125 0.506578947368421 0.040625 0.06140350877192982
0 0.190625 0.5087719298245614 0.028125 0.04824561403508772
0 0.24296875 0.48793859649122806 0.0296875 0.046052631578947366
0 0.28515625 0.4857456140350877 0.0296875 0.041666666666666664
0 0.22734375 0.5789473684210527 0.0484375 0.07894736842105263
0 0.2765625 0.5625 0.04375 0.07236842105263158
0 0.3609375 0.5307017543859649 0.046875 0.06140350877192982
0 0.34375 0.4857456140350877 0.028125 0.03728070175438596
0 0.38125 0.48135964912280704 0.03125 0.041666666666666664
0 0.4546875 0.5032894736842105 0.03125 0.046052631578947366
0 0.47421875 0.5504385964912281 0.0390625 0.05701754385964912
0 0.51328125 0.49780701754385964 0.0296875 0.04824561403508772
0 0.54140625 0.5241228070175439 0.0359375 0.05263157894736842
0 0.60078125 0.4901315789473684 0.0265625 0.046052631578947366
0 0.4765625 0.8004385964912281 0.121875 0.15789473684210525
0 0.66640625 0.6195175438596491 0.0578125 0.1074561403508772
0 0.73515625 0.5679824561403509 0.0515625 0.08771929824561403
0 0.7578125 0.5405701754385965 0.0375 0.05921052631578947
0 0.790625 0.5153508771929824 0.03125 0.043859649122807015
0 0.7765625 0.9111842105263158 0.121875 0.16447368421052633
0 0.8609375 0.6721491228070176 0.06875 0.125
0 0.85390625 0.5877192982456141 0.0484375 0.07894736842105263
0 0.878125 0.5449561403508771 0.034375 0.05921052631578947
0 0.89921875 0.5197368421052632 0.0328125 0.04824561403508772