0 0.10712448559670781 0.910108024691358 0.19470164609053497 0.17901234567901234
0 0.23482510288065844 0.8481867283950617 0.1383744855967078 0.24729938271604937
0 0.39879115226337447 0.7042824074074074 0.09799382716049383 0.2056327160493827
0 0.494727366255144 0.6730324074074074 0.07587448559670781 0.1385030864197531
0 0.5653292181069959 0.623070987654321 0.061213991769547324 0.12191358024691358
0 0.6253858024691358 0.5374228395061729 0.048096707818930044 0.08256172839506173
0 0.8558384773662552 0.3773148148148148 0.0779320987654321 0.125
0 0.7074331275720165 0.5364583333333334 0.03009259259259259 0.055169753086419755
0 0.7560442386831275 0.48842592592592593 0.017232510288065845 0.04089506172839506
0 0.6337448559670782 0.4847608024691358 0.023148148148148147 0.03973765432098766
0 0.6466049382716049 0.4739583333333333 0.01954732510288066 0.03665123456790124
0 0.657664609053498 0.46084104938271603 0.023662551440329218 0.03356481481481482
0 0.6129115226337448 0.4868827160493827 0.021604938271604937 0.041666666666666664
0 0.5900205761316872 0.4947916666666667 0.0257201646090535 0.048996913580246916
0 0.5597993827160493 0.5165895061728395 0.030606995884773662 0.05941358024691358
0 0.5131172839506173 0.5619212962962963 0.05298353909465021 0.09375
0 0.44393004115226337 0.5380015432098766 0.04372427983539095 0.08757716049382716
0 0.37204218106995884 0.5462962962962963 0.052726337448559674 0.08950617283950617
0 0.2618312757201646 0.5848765432098766 0.05915637860082305 0.09182098765432099
0 0.14223251028806586 0.6512345679012346 0.07716049382716049 0.12191358024691358
0 0.16833847736625515 0.5777391975308642 0.06095679012345679 0.10841049382716049
0 0.4575617283950617 0.47588734567901236 0.027777777777777776 0.061342592592592594
0 0.48289609053497945 0.48225308641975306 0.017232510288065845 0.036265432098765434
0 0.51684670781893 0.484375 0.022890946502057613 0.04050925925925926
0 0.5367798353909465 0.46662808641975306 0.022119341563786008 0.04050925925925926
0 0.5596707818930041 0.4556327160493827 0.022119341563786008 0.041666666666666664
0 0.5871913580246914 0.44463734567901236 0.020061728395061727 0.03665123456790124
0 0.5029578189300411 0.4498456790123457 0.018775720164609055 0.032407407407407406
0 0.40920781893004116 0.4567901234567901 0.02417695473251029 0.041666666666666664
0 0.4384002057613169 0.42997685185185186 0.016203703703703703 0.02816358024691358
0 0.3800154320987654 0.45601851851851855 0.021347736625514403 0.0470679012345679
0 0.3359053497942387 0.46122685185185186 0.022119341563786008 0.04282407407407408
0 0.29411008230452673 0.44463734567901236 0.024948559670781894 0.04513888888888889
0 0.27713477366255146 0.5104166666666666 0.04089506172839506 0.06172839506172839
0 0.3140432098765432 0.42650462962962965 0.020061728395061727 0.03973765432098766
0 0.22016460905349794 0.5082947530864198 0.04938271604938271 0.0783179012345679
0 0.12744341563786007 0.5374228395061729 0.04449588477366255 0.07175925925925926
0 0.13940329218106995 0.47183641975308643 0.04526748971193416 0.06172839506172839
0 0.057484567901234566 0.4691358024691358 0.048096707818930044 0.07484567901234568
0 0.021219135802469136 0.5358796296296297 0.03832304526748971 0.10648148148148148
0 0.06648662551440329 0.4025848765432099 0.022890946502057613 0.045910493827160496
0 0.04693930041152263 0.3722993827160494 0.014660493827160493 0.02700617283950617
0 0.01787551440329218 0.3628472222222222 0.017232510288065845 0.02507716049382716
0 0.08590534979423868 0.3800154320987654 0.01594650205761317 0.026234567901234566
0 0.10853909465020577 0.40084876543209874 0.01954732510288066 0.034722222222222224
0 0.12911522633744857 0.38252314814814814 0.01594650205761317 0.02507716049382716
0 0.15303497942386832 0.3809799382716049 0.013888888888888888 0.025848765432098766
0 0.1475051440329218 0.4085648148148148 0.019290123456790122 0.035493827160493825
0 0.16319444444444445 0.3726851851851852 0.014660493827160493 0.023919753086419752
0 0.19238683127572018 0.3879243827160494 0.020061728395061727 0.03356481481481482
0 0.2305812757201646 0.40084876543209874 0.018775720164609055 0.032407407407407406
0 0.2534722222222222 0.41184413580246915 0.017232510288065845 0.03125
0 0.21977880658436214 0.3993055555555556 0.015174897119341564 0.018518518518518517