0 0.3481818181818182 0.6307506053268765 0.04181818181818182 0.07506053268765134
0 0.6936363636363636 0.652542372881356 0.038181818181818185 0.06053268765133172
0 0.026363636363636363 0.4661016949152542 0.04181818181818182 0.05569007263922518
0 0.07272727272727272 0.5157384987893463 0.03272727272727273 0.043583535108958835
0 0.1009090909090909 0.47094430992736075 0.03090909090909091 0.04116222760290557
0 0.14363636363636365 0.46731234866828086 0.02909090909090909 0.048426150121065374
0 0.1481818181818182 0.4322033898305085 0.023636363636363636 0.03631961259079903
0 0.17 0.45036319612590797 0.02727272727272727 0.0387409200968523
0 0.21 0.46973365617433416 0.034545454545454546 0.048426150121065374
0 0.22454545454545455 0.437046004842615 0.02727272727272727 0.04116222760290557
0 0.26 0.4927360774818402 0.03272727272727273 0.05084745762711865
0 0.2690909090909091 0.4443099273607748 0.025454545454545455 0.04116222760290557
0 0.3090909090909091 0.46973365617433416 0.03636363636363636 0.053268765133171914
0 0.32181818181818184 0.4346246973365617 0.02909090909090909 0.04600484261501211
0 0.35909090909090907 0.47336561743341404 0.034545454545454546 0.04600484261501211
0 0.36818181818181817 0.4261501210653753 0.03090909090909091 0.048426150121065374
0 0.3781818181818182 0.39588377723970947 0.025454545454545455 0.03631961259079903
0 0.3409090909090909 0.3983050847457627 0.023636363636363636 0.03631961259079903
0 0.2863636363636364 0.3946731234866828 0.02727272727272727 0.0387409200968523
0 0.23545454545454544 0.3910411622276029 0.02727272727272727 0.03631961259079903
0 0.23363636363636364 0.3583535108958838 0.023636363636363636 0.03389830508474576
0 0.2290909090909091 0.3171912832929782 0.02909090909090909 0.03389830508474576
0 0.18545454545454546 0.35351089588377727 0.025454545454545455 0.029055690072639227
0 0.1690909090909091 0.3268765133171913 0.02909090909090909 0.0387409200968523
0 0.14181818181818182 0.36803874092009686 0.025454545454545455 0.0387409200968523
0 0.09272727272727273 0.3619854721549637 0.025454545454545455 0.04116222760290557
0 0.10818181818181818 0.3341404358353511 0.03090909090909091 0.0387409200968523
0 0.27090909090909093 0.3474576271186441 0.025454545454545455 0.04116222760290557
0 0.29454545454545455 0.33777239709443097 0.02181818181818182 0.04116222760290557
0 0.3245454545454545 0.3389830508474576 0.02727272727272727 0.0387409200968523
0 0.3463636363636364 0.3220338983050847 0.023636363636363636 0.03389830508474576
0 0.37727272727272726 0.34019370460048426 0.023636363636363636 0.04116222760290557
0 0.4027272727272727 0.32082324455205813 0.02 0.04116222760290557
0 0.4290909090909091 0.3365617433414044 0.02909090909090909 0.0387409200968523
0 0.4509090909090909 0.31476997578692495 0.02181818181818182 0.0387409200968523
0 0.42818181818181816 0.38498789346246975 0.023636363636363636 0.0387409200968523
0 0.4109090909090909 0.4406779661016949 0.025454545454545455 0.043583535108958835
0 0.42363636363636364 0.4685230024213075 0.03636363636363636 0.05569007263922518
0 0.4809090909090909 0.48184019370460046 0.034545454545454546 0.053268765133171914
0 0.4672727272727273 0.42493946731234866 0.02909090909090909 0.04600484261501211
0 0.48727272727272725 0.38861985472154964 0.025454545454545455 0.04600484261501211
0 0.47454545454545455 0.3583535108958838 0.025454545454545455 0.0387409200968523
0 0.49727272727272726 0.3365617433414044 0.023636363636363636 0.0387409200968523
0 0.5290909090909091 0.35351089588377727 0.02181818181818182 0.0387409200968523
0 0.5372727272727272 0.3765133171912833 0.023636363636363636 0.03631961259079903
0 0.5236363636363637 0.42493946731234866 0.03636363636363636 0.05084745762711865
0 0.5409090909090909 0.48426150121065376 0.034545454545454546 0.05811138014527845
0 0.6145454545454545 0.4927360774818402 0.03636363636363636 0.06537530266343826
0 0.6863636363636364 0.49031476997578693 0.034545454545454546 0.06053268765133172
0 0.7645454545454545 0.48426150121065376 0.034545454545454546 0.05811138014527845
0 0.7836363636363637 0.42009685230024213 0.03272727272727273 0.05569007263922518
0 0.8445454545454546 0.47699757869249393 0.03090909090909091 0.053268765133171914
0 0.8536363636363636 0.4346246973365617 0.03090909090909091 0.05569007263922518
0 0.9236363636363636 0.4963680387409201 0.03272727272727273 0.05811138014527845
0 0.9118181818181819 0.4406779661016949 0.03090909090909091 0.043583535108958835
0 0.9154545454545454 0.40314769975786924 0.023636363636363636 0.04116222760290557
0 0.9718181818181818 0.423728813559322 0.034545454545454546 0.06295399515738499
0 0.9790909090909091 0.35108958837772397 0.03090909090909091 0.05811138014527845
0 0.9490909090909091 0.33171912832929784 0.03272727272727273 0.05811138014527845
0 0.8754545454545455 0.3934624697336562 0.02 0.03631961259079903
0 0.850909090909091 0.3813559322033898 0.025454545454545455 0.05084745762711865
0 0.8927272727272727 0.3583535108958838 0.02909090909090909 0.0387409200968523
0 0.8818181818181818 0.3389830508474576 0.025454545454545455 0.0387409200968523
0 0.8181818181818182 0.3789346246973366 0.02909090909090909 0.04600484261501211
0 0.8236363636363636 0.3341404358353511 0.025454545454545455 0.03389830508474576
0 0.7972727272727272 0.3559322033898305 0.02 0.03389830508474576
0 0.78 0.3389830508474576 0.025454545454545455 0.0387409200968523
0 0.759090909090909 0.3765133171912833 0.023636363636363636 0.04116222760290557
0 0.7463636363636363 0.3523002421307506 0.023636363636363636 0.03631961259079903
0 0.7245454545454545 0.3196125907990315 0.02727272727272727 0.0387409200968523
0 0.7118181818181818 0.34382566585956414 0.02727272727272727 0.043583535108958835
0 0.7072727272727273 0.4213075060532688 0.03272727272727273 0.053268765133171914
0 0.6927272727272727 0.3910411622276029 0.02181818181818182 0.031476997578692496
0 0.6690909090909091 0.3559322033898305 0.02909090909090909 0.0387409200968523
0 0.66 0.3353510895883777 0.02181818181818182 0.021791767554479417
0 0.6445454545454545 0.4358353510895884 0.023636363636363636 0.043583535108958835
0 0.639090909090909 0.39588377723970947 0.02727272727272727 0.03631961259079903
0 0.5963636363636363 0.42857142857142855 0.02909090909090909 0.048426150121065374
0 0.5863636363636363 0.3898305084745763 0.02727272727272727 0.03389830508474576
0 0.5809090909090909 0.35351089588377727 0.023636363636363636 0.0387409200968523
0 0.6054545454545455 0.33777239709443097 0.025454545454545455 0.04116222760290557
0 0.63 0.3474576271186441 0.023636363636363636 0.04600484261501211
0 0.5509090909090909 0.3280871670702179 0.025454545454545455 0.03631961259079903