0 0.2725 0.697565543071161 0.0825 0.14794007490636704
0 0.23875 0.5805243445692884 0.04 0.06741573033707865
0 0.214375 0.5318352059925093 0.02625 0.04868913857677903
0 0.1975 0.5 0.03 0.056179775280898875
0 0.2625 0.5046816479400749 0.0275 0.054307116104868915
0 0.284375 0.4812734082397004 0.02875 0.0599250936329588
0 0.305625 0.5159176029962547 0.03125 0.05056179775280899
0 0.318125 0.5617977528089888 0.03875 0.06741573033707865
0 0.36 0.602996254681648 0.0425 0.07865168539325842
0 0.47375 0.6750936329588015 0.075 0.12921348314606743
0 0.435 0.600187265917603 0.0375 0.07677902621722846
0 0.399375 0.5421348314606742 0.03375 0.054307116104868915
0 0.40875 0.5102996254681648 0.025 0.03932584269662921
0 0.439375 0.5037453183520599 0.02125 0.04119850187265917
0 0.488125 0.5215355805243446 0.03625 0.05805243445692884
0 0.50125 0.48782771535580527 0.0275 0.05056179775280899
0 0.54375 0.4616104868913858 0.0275 0.05056179775280899
0 0.5425 0.5290262172284644 0.0275 0.054307116104868915
0 0.57375 0.5449438202247191 0.04 0.0749063670411985
0 0.618125 0.5271535580524345 0.03125 0.05805243445692884
0 0.619375 0.6788389513108615 0.07875 0.13670411985018727
0 0.646875 0.4934456928838951 0.02625 0.04681647940074907
0 0.68375 0.5411985018726592 0.04 0.07865168539325842
0 0.69875 0.48782771535580527 0.0275 0.04307116104868914
0 0.73625 0.5 0.0275 0.04868913857677903
0 0.74875 0.5711610486891385 0.0425 0.0749063670411985
0 0.768125 0.5262172284644194 0.03125 0.06367041198501873
0 0.806875 0.5037453183520599 0.02875 0.0449438202247191
0 0.829375 0.5290262172284644 0.03375 0.05805243445692884
0 0.83875 0.5702247191011236 0.045 0.07677902621722846
0 0.821875 0.648876404494382 0.05375 0.09550561797752809
0 0.90375 0.647003745318352 0.055 0.09550561797752809
0 0.963125 0.545880149812734 0.03875 0.06928838951310862
0 0.984375 0.6367041198501873 0.02875 0.10486891385767791