0 0.3961794019933555 0.20422535211267606 0.03820598006644518 0.051643192488262914
0 0.29900332225913623 0.3568075117370892 0.03986710963455149 0.07511737089201878
0 0.32142857142857145 0.34624413145539906 0.03488372093023256 0.06338028169014084
0 0.2516611295681063 0.3779342723004695 0.054817275747508304 0.07042253521126761
0 0.16611295681063123 0.4096244131455399 0.0664451827242525 0.09624413145539906
0 0.20016611295681064 0.35093896713615025 0.044850498338870434 0.06807511737089202
0 0.14867109634551495 0.3403755868544601 0.044850498338870434 0.07042253521126761
0 0.09136212624584718 0.38497652582159625 0.053156146179401995 0.08450704225352113
0 0.0755813953488372 0.4835680751173709 0.09136212624584718 0.14084507042253522
0 0.02408637873754153 0.397887323943662 0.044850498338870434 0.1056338028169014
0 0.5440199335548173 0.3626760563380282 0.05149501661129568 0.07746478873239436
0 0.5473421926910299 0.4354460093896714 0.07475083056478406 0.13380281690140844
0 0.6146179401993356 0.4471830985915493 0.07308970099667775 0.12910798122065728
0 0.7051495016611296 0.4800469483568075 0.10132890365448505 0.1619718309859155
0 0.6960132890365448 0.397887323943662 0.053156146179401995 0.08215962441314555
0 0.6627906976744186 0.3626760563380282 0.036544850498338874 0.06807511737089202
0 0.8313953488372093 0.6619718309859155 0.1378737541528239 0.2112676056338028
0 0.8546511627906976 0.42018779342723006 0.07142857142857142 0.1267605633802817
0 0.9750830564784053 0.48708920187793425 0.046511627906976744 0.13380281690140844
0 0.9759136212624585 0.38967136150234744 0.04152823920265781 0.08450704225352113