0 0.1175 0.41 0.18833333333333332 0.2688888888888889
0 0.25333333333333335 0.19777777777777777 0.12666666666666668 0.18666666666666668
0 0.3491666666666667 0.21333333333333335 0.055 0.09777777777777778
0 0.42333333333333334 0.20777777777777778 0.043333333333333335 0.09555555555555556
0 0.3933333333333333 0.17222222222222222 0.03666666666666667 0.06444444444444444
0 0.4975 0.12 0.09833333333333333 0.19111111111111112
0 0.6575 0.28444444444444444 0.09166666666666666 0.15555555555555556
0 0.6266666666666667 0.6477777777777778 0.29333333333333333 0.43333333333333335
0 0.84 0.33666666666666667 0.14666666666666667 0.16666666666666666
0 0.7116666666666667 0.16666666666666666 0.05 0.08444444444444445
0 0.6491666666666667 0.16666666666666666 0.041666666666666664 0.06666666666666667
0 0.7791666666666667 0.16444444444444445 0.045 0.06222222222222222
0 0.8616666666666667 0.18222222222222223 0.043333333333333335 0.08
0 0.915 0.14555555555555555 0.043333333333333335 0.04666666666666667
0 0.1825 0.1688888888888889 0.058333333333333334 0.07555555555555556