0 0.0575 0.59875 0.10833333333333334 0.2125
0 0.22 0.6775 0.13 0.215
0 0.17833333333333334 0.47375 0.05333333333333334 0.0925
0 0.41333333333333333 0.44875 0.06 0.1125
0 0.18 0.5375 0.07 0.085
0 0.44416666666666665 0.61875 0.10166666666666667 0.1775
0 0.3825 0.84125 0.18166666666666667 0.2775
0 0.5 0.25625 0.03 0.0675
0 0.49 0.4525 0.06666666666666667 0.12
0 0.575 0.44375 0.056666666666666664 0.1175
0 0.63 0.42375 0.07 0.1225
0 0.65 0.655 0.12666666666666668 0.185
0 0.8 0.71 0.14 0.24
0 0.7725 0.4825 0.06166666666666667 0.09
0 0.84 0.47 0.07 0.13
0 0.9091666666666667 0.45375 0.041666666666666664 0.0775