0 0.19140625 0.7757847533632287 0.1421875 0.21524663677130046
0 0.1015625 0.5246636771300448 0.034375 0.04484304932735426
0 0.14765625 0.523542600896861 0.0296875 0.03811659192825112
0 0.259375 0.47757847533632286 0.040625 0.06278026905829596
0 0.340625 0.5437219730941704 0.05 0.06053811659192825
0 0.40546875 0.5493273542600897 0.0453125 0.053811659192825115
0 0.43125 0.515695067264574 0.021875 0.03139013452914798
0 0.36875 0.5100896860986547 0.01875 0.02466367713004484
0 0.49453125 0.5896860986547086 0.0546875 0.07174887892376682
0 0.5140625 0.5201793721973094 0.025 0.03139013452914798
0 0.49765625 0.5134529147982063 0.0171875 0.03139013452914798
0 0.565625 0.5179372197309418 0.025 0.03139013452914798
0 0.63203125 0.734304932735426 0.1140625 0.15022421524663676
0 0.92109375 0.8766816143497758 0.1453125 0.21076233183856502
0 0.68046875 0.5919282511210763 0.0546875 0.08071748878923767
0 0.6453125 0.5639013452914798 0.03125 0.06502242152466367
0 0.70625 0.5134529147982063 0.040625 0.06278026905829596
0 0.01640625 0.5515695067264574 0.0265625 0.04484304932735426
0 0.03359375 0.5381165919282511 0.0234375 0.04035874439461883