0 0.08447265625 0.3352941176470588 0.0400390625 0.061764705882352944
0 0.16796875 0.33308823529411763 0.04296875 0.057352941176470586
0 0.24365234375 0.3161764705882353 0.0439453125 0.061764705882352944
0 0.31201171875 0.35 0.0361328125 0.058823529411764705
0 0.36572265625 0.34191176470588236 0.0400390625 0.06323529411764706
0 0.4150390625 0.3573529411764706 0.0390625 0.05
0 0.49365234375 0.34558823529411764 0.0341796875 0.07058823529411765
0 0.55712890625 0.3669117647058823 0.0380859375 0.057352941176470586
0 0.62841796875 0.34338235294117647 0.0361328125 0.057352941176470586
0 0.71337890625 0.3382352941176471 0.0322265625 0.07058823529411765
0 0.7607421875 0.3176470588235294 0.0390625 0.07058823529411765
0 0.82177734375 0.34411764705882353 0.0341796875 0.07058823529411765
0 0.8671875 0.3205882352941177 0.037109375 0.07058823529411765
0 0.39892578125 0.5257352941176471 0.0380859375 0.07205882352941176
0 0.48681640625 0.5257352941176471 0.0439453125 0.07794117647058824
0 0.58642578125 0.5316176470588235 0.0439453125 0.06323529411764706
0 0.68212890625 0.5139705882352941 0.0400390625 0.06911764705882353