0 0.05419921875 0.5322108345534406 0.0908203125 0.13323572474377746
0 0.1787109375 0.4956076134699854 0.056640625 0.08052708638360176
0 0.26513671875 0.527086383601757 0.0556640625 0.09077598828696926
0 0.32275390625 0.5095168374816984 0.0654296875 0.10834553440702782
0 0.43798828125 0.5036603221083455 0.0400390625 0.07027818448023426
0 0.53759765625 0.5300146412884333 0.1181640625 0.1903367496339678
0 0.66455078125 0.4019033674963397 0.0380859375 0.060029282576866766
0 0.59521484375 0.5146412884333821 0.0283203125 0.0629575402635432
0 0.7099609375 0.5073206442166911 0.0625 0.11859443631039532
0 0.6611328125 0.5124450951683748 0.033203125 0.06149341142020498
0 0.82666015625 0.46925329428989754 0.1318359375 0.2445095168374817
0 0.02685546875 0.32284040995607616 0.0478515625 0.1390922401171303