0 0.04790502793296089 0.5086026017624843 0.05446927374301676 0.10574905581200168
0 0.07555865921787709 0.4725136382710869 0.04664804469273743 0.09232060428031892
0 0.15893854748603353 0.5186739404112464 0.055865921787709494 0.10910616869492237
0 0.1414804469273743 0.5994544691565253 0.07681564245810056 0.13218631976500209
0 0.32667597765363127 0.5302140159462861 0.07402234636871509 0.12798992866135123
0 0.29762569832402236 0.6628199748216533 0.09581005586592178 0.17498950902224086
0 0.4759776536312849 0.3375996642887117 0.0893854748603352 0.16240033571128829
0 0.541340782122905 0.7446496013428452 0.12793296089385475 0.20268569030633654
0 0.6666201117318435 0.6072177926982795 0.07681564245810056 0.15023080151070078
0 0.7710893854748604 0.7215694502727654 0.10418994413407821 0.18170373478808224
0 0.9473463687150838 0.614351657574486 0.10474860335195531 0.18715904322282836