0 0.11971830985915492 0.7071596244131455 0.11795774647887323 0.13732394366197184
0 0.12808098591549297 0.5938967136150235 0.07130281690140845 0.10328638497652583
0 0.23987676056338028 0.6326291079812206 0.08890845070422536 0.10093896713615023
0 0.207306338028169 0.5316901408450704 0.05545774647887324 0.07276995305164319
0 0.2913732394366197 0.5604460093896714 0.05985915492957746 0.0715962441314554
0 0.35079225352112675 0.5522300469483568 0.04665492957746479 0.0715962441314554
0 0.47491197183098594 0.3826291079812207 0.05721830985915493 0.09859154929577464
0 0.5532570422535211 0.5845070422535211 0.05017605633802817 0.07276995305164319
0 0.5787852112676056 0.6161971830985915 0.05897887323943662 0.09154929577464789
0 0.6117957746478874 0.6825117370892019 0.07042253521126761 0.11150234741784038
0 0.6808978873239436 0.9154929577464789 0.14172535211267606 0.1643192488262911
0 0.8939260563380281 0.715962441314554 0.10475352112676056 0.13380281690140844
0 0.7931338028169014 0.6443661971830986 0.07042253521126761 0.09154929577464789
0 0.7213908450704225 0.5921361502347418 0.05369718309859155 0.08333333333333333
0 0.6879401408450704 0.5704225352112676 0.03961267605633803 0.07276995305164319
0 0.5532570422535211 0.5557511737089202 0.03609154929577465 0.045774647887323945
0 0.897887323943662 0.5639671361502347 0.045774647887323945 0.06924882629107981