0 0.18125 0.48314606741573035 0.0575 0.0749063670411985
0 0.25 0.5205992509363296 0.055 0.09737827715355805
0 0.31625 0.4868913857677903 0.0475 0.08239700374531835
0 0.37375 0.4887640449438202 0.0525 0.09363295880149813
0 0.44625 0.4794007490636704 0.0425 0.06741573033707865
0 0.5475 0.50187265917603 0.045 0.0898876404494382
0 0.51375 0.4887640449438202 0.0375 0.07865168539325842
0 0.64 0.5149812734082397 0.045 0.07116104868913857
0 0.61625 0.4700374531835206 0.0275 0.04119850187265917
0 0.72 0.4700374531835206 0.035 0.06367041198501873
0 0.76 0.4681647940074906 0.03 0.052434456928838954
0 0.7975 0.47752808988764045 0.035 0.06367041198501873
0 0.8325 0.28277153558052437 0.055 0.09363295880149813
0 0.12 0.4681647940074906 0.025 0.0449438202247191
0 0.0825 0.4700374531835206 0.025 0.04119850187265917
0 0.0575 0.449438202247191 0.025 0.052434456928838954