0 0.1 0.9176755447941889 0.19636363636363635 0.15980629539951574
0 0.06 0.8075060532687651 0.10181818181818182 0.12832929782082325
0 0.07272727272727272 0.7167070217917676 0.05090909090909091 0.06295399515738499
0 0.16272727272727272 0.7602905569007264 0.07454545454545454 0.09685230024213075
0 0.20272727272727273 0.7191283292978208 0.038181818181818185 0.06295399515738499
0 0.1572727272727273 0.6924939467312349 0.023636363636363636 0.0387409200968523
0 0.31272727272727274 0.7191283292978208 0.05454545454545454 0.07263922518159806
0 0.37272727272727274 0.8801452784503632 0.11636363636363636 0.18159806295399517
0 0.41 0.7336561743341404 0.06363636363636363 0.1016949152542373
0 0.49727272727272726 0.7602905569007264 0.05272727272727273 0.06779661016949153
0 0.56 0.761501210653753 0.07636363636363637 0.1234866828087167
0 0.47363636363636363 0.7215496368038741 0.03090909090909091 0.043583535108958835
0 0.43636363636363634 0.6089588377723971 0.02181818181818182 0.031476997578692496
0 0.5981818181818181 0.7106537530266344 0.03272727272727273 0.06053268765133172
0 0.6536363636363637 0.711864406779661 0.034545454545454546 0.05811138014527845
0 0.6336363636363637 0.6961259079903148 0.023636363636363636 0.04116222760290557
0 0.71 0.715496368038741 0.03090909090909091 0.05569007263922518
0 0.7718181818181818 0.7627118644067796 0.07818181818181819 0.12106537530266344
0 0.8327272727272728 0.7033898305084746 0.02909090909090909 0.04600484261501211
0 0.860909090909091 0.6900726392251816 0.03090909090909091 0.053268765133171914
0 0.9245454545454546 0.7070217917675545 0.03090909090909091 0.0387409200968523
0 0.9372727272727273 0.6876513317191283 0.02727272727272727 0.0387409200968523
0 0.9763636363636363 0.7082324455205811 0.02909090909090909 0.04600484261501211