0 0.1769436997319035 0.3157894736842105 0.04289544235924933 0.08097165991902834
0 0.21983914209115282 0.32388663967611336 0.05361930294906166 0.08097165991902834
0 0.32439678284182305 0.2874493927125506 0.03753351206434316 0.06477732793522267
0 0.3646112600536193 0.3097165991902834 0.04289544235924933 0.06882591093117409
0 0.3941018766756032 0.41295546558704455 0.058981233243967826 0.10526315789473684
0 0.467828418230563 0.4534412955465587 0.0777479892761394 0.12955465587044535
0 0.43967828418230565 0.29959514170040485 0.03753351206434316 0.048582995951417005
0 0.4959785522788204 0.2975708502024291 0.03753351206434316 0.06072874493927125
0 0.5254691689008043 0.27125506072874495 0.032171581769437 0.05668016194331984
0 0.5549597855227882 0.3562753036437247 0.05361930294906166 0.08906882591093117
0 0.5924932975871313 0.2793522267206478 0.032171581769437 0.05668016194331984
0 0.613941018766756 0.2651821862348178 0.02680965147453083 0.05263157894736842
0 0.6635388739946381 0.2773279352226721 0.029490616621983913 0.05263157894736842
0 0.6903485254691689 0.3340080971659919 0.040214477211796246 0.06882591093117409
0 0.6474530831099196 0.39878542510121456 0.05630026809651475 0.10121457489878542
0 0.6662198391420912 0.5121457489878543 0.0777479892761394 0.1417004048582996
0 0.8471849865951743 0.4392712550607287 0.058981233243967826 0.12550607287449392
0 0.7949061662198391 0.3643724696356275 0.040214477211796246 0.08097165991902834
0 0.7680965147453083 0.3157894736842105 0.029490616621983913 0.0728744939271255
0 0.8404825737265416 0.31983805668016196 0.029490616621983913 0.05668016194331984
0 0.8565683646112601 0.35020242914979755 0.029490616621983913 0.06072874493927125
0 0.9061662198391421 0.4089068825910931 0.04825737265415549 0.08097165991902834
0 0.9128686327077749 0.3259109311740891 0.03485254691689008 0.06882591093117409
0 0.9758713136729222 0.3481781376518219 0.03753351206434316 0.0728744939271255
0 0.8954423592493298 0.5890688259109311 0.09115281501340483 0.1902834008097166