0 0.07944444444444444 0.38192668371696503 0.10444444444444445 0.18073316283034954
0 0.21166666666666667 0.33972719522591643 0.11 0.20034100596760443
0 0.23166666666666666 0.21526001705029837 0.09888888888888889 0.1423699914748508
0 0.27944444444444444 0.12915601023017903 0.08333333333333333 0.14919011082693948
0 0.4041666666666667 0.06947996589940324 0.10277777777777777 0.13725490196078433
0 0.38861111111111113 0.26555839727195224 0.115 0.1815856777493606
0 0.5763888888888888 0.2399829497016198 0.11055555555555556 0.17988064791133845
0 0.7122222222222222 0.5264279624893435 0.15333333333333332 0.25831202046035806
0 0.7327777777777778 0.1990622335890878 0.11 0.18329070758738278
0 0.6866666666666666 0.05924978687127025 0.09666666666666666 0.11679454390451834
0 0.8477777777777777 0.1568627450980392 0.09444444444444444 0.17902813299232737
0 0.9636111111111111 0.06180733162830349 0.06388888888888888 0.10997442455242967
0 0.6052777777777778 0.032821824381926684 0.05722222222222222 0.0639386189258312