0 0.11333333333333333 0.28810408921933084 0.05333333333333334 0.10285006195786865
0 0.09958333333333333 0.1734820322180917 0.03916666666666667 0.06691449814126393
0 0.24166666666666667 0.26084262701363076 0.051666666666666666 0.08302354399008674
0 0.21833333333333332 0.17472118959107807 0.03666666666666667 0.06939281288723669
0 0.31125 0.14993804213135067 0.0325 0.061957868649318466
0 0.36666666666666664 0.22800495662949194 0.04666666666666667 0.07930607187112763
0 0.41083333333333333 0.161090458488228 0.03166666666666667 0.05947955390334572
0 0.49916666666666665 0.13878562577447337 0.035 0.05947955390334572
0 0.5408333333333334 0.2174721189591078 0.03666666666666667 0.08798017348203221
0 0.66 0.20755885997521686 0.04 0.07558859975216853
0 0.475 0.33705080545229243 0.058333333333333334 0.11152416356877323
0 0.2783333333333333 0.41201982651796776 0.06833333333333333 0.12763320941759604
0 0.7179166666666666 0.3265179677819083 0.050833333333333335 0.11771995043370508
0 0.8725 0.28810408921933084 0.24166666666666667 0.41511771995043373