0 0.1125 0.5302690582959642 0.0375 0.06502242152466367
0 0.125 0.46860986547085204 0.025 0.03587443946188341
0 0.153125 0.4742152466367713 0.025 0.03811659192825112
0 0.14921875 0.45067264573991034 0.0203125 0.02242152466367713
0 0.13046875 0.4405829596412556 0.0171875 0.02466367713004484
0 0.11953125 0.437219730941704 0.0171875 0.02242152466367713
0 0.11484375 0.41591928251121074 0.0171875 0.020179372197309416
0 0.13125 0.4192825112107623 0.0125 0.017937219730941704
0 0.15703125 0.4304932735426009 0.0171875 0.017937219730941704
0 0.16796875 0.43609865470852016 0.0140625 0.020179372197309416
0 0.159375 0.4192825112107623 0.0125 0.017937219730941704
0 0.1453125 0.42152466367713004 0.009375 0.017937219730941704
0 0.1875 0.4383408071748879 0.01875 0.033632286995515695
0 0.209375 0.5 0.025 0.04932735426008968
0 0.2375 0.5112107623318386 0.0375 0.06726457399103139
0 0.21640625 0.46860986547085204 0.0234375 0.03587443946188341
0 0.2234375 0.4618834080717489 0.01875 0.03139013452914798
0 0.20703125 0.4349775784753363 0.0140625 0.02242152466367713
0 0.23359375 0.4383408071748879 0.0171875 0.02466367713004484
0 0.21953125 0.41816143497757846 0.0109375 0.020179372197309416
0 0.23046875 0.41816143497757846 0.0140625 0.020179372197309416
0 0.26015625 0.4260089686098655 0.0140625 0.017937219730941704
0 0.2546875 0.44730941704035876 0.01875 0.02914798206278027
0 0.28984375 0.44730941704035876 0.0171875 0.02466367713004484
0 0.2796875 0.44170403587443946 0.0125 0.02242152466367713
0 0.28125 0.4125560538116592 0.0125 0.02242152466367713
0 0.3046875 0.42152466367713004 0.0125 0.02242152466367713
0 0.2953125 0.42152466367713004 0.009375 0.017937219730941704
0 0.2890625 0.41591928251121074 0.009375 0.020179372197309416
0 0.31875 0.4876681614349776 0.03125 0.05605381165919283
0 0.3328125 0.4551569506726457 0.01875 0.026905829596412557
0 0.32109375 0.4349775784753363 0.0140625 0.026905829596412557
0 0.340625 0.4260089686098655 0.0125 0.02242152466367713
0 0.33046875 0.4170403587443946 0.0078125 0.017937219730941704
0 0.321875 0.41816143497757846 0.009375 0.020179372197309416
0 0.35546875 0.4786995515695067 0.0234375 0.04708520179372197
0 0.3609375 0.45964125560538116 0.01875 0.03587443946188341
0 0.36171875 0.4349775784753363 0.0171875 0.02242152466367713
0 0.36015625 0.41816143497757846 0.0109375 0.01569506726457399
0 0.36875 0.42152466367713004 0.00625 0.013452914798206279
0 0.3765625 0.4226457399103139 0.009375 0.01569506726457399
0 0.37734375 0.4316143497757848 0.0109375 0.020179372197309416
0 0.3890625 0.43946188340807174 0.015625 0.026905829596412557
0 0.390625 0.492152466367713 0.028125 0.04708520179372197
0 0.41796875 0.47757847533632286 0.0234375 0.04035874439461883
0 0.41484375 0.4461883408071749 0.0171875 0.02242152466367713
0 0.46875 0.5044843049327354 0.028125 0.04484304932735426
0 0.9640625 0.47533632286995514 0.034375 0.053811659192825115
0 0.87578125 0.4798206278026906 0.0296875 0.04484304932735426
0 0.83359375 0.4484304932735426 0.0234375 0.03139013452914798
0 0.79375 0.4730941704035874 0.01875 0.03587443946188341
0 0.78046875 0.4428251121076233 0.0234375 0.033632286995515695
0 0.76015625 0.4798206278026906 0.0203125 0.04035874439461883
0 0.725 0.47085201793721976 0.025 0.04035874439461883
0 0.7265625 0.4439461883408072 0.01875 0.026905829596412557
0 0.67421875 0.484304932735426 0.0203125 0.03587443946188341
0 0.6734375 0.45067264573991034 0.01875 0.03139013452914798
0 0.69140625 0.4428251121076233 0.0140625 0.02914798206278027
0 0.65546875 0.4349775784753363 0.0140625 0.026905829596412557
0 0.6328125 0.42713004484304934 0.015625 0.02914798206278027
0 0.61328125 0.4742152466367713 0.0171875 0.03811659192825112
0 0.58984375 0.4876681614349776 0.0265625 0.03811659192825112
0 0.56328125 0.47533632286995514 0.0171875 0.03587443946188341
0 0.56015625 0.45067264573991034 0.0203125 0.03587443946188341
0 0.590625 0.44170403587443946 0.0125 0.026905829596412557
0 0.59765625 0.42713004484304934 0.0109375 0.020179372197309416
0 0.58046875 0.42713004484304934 0.0140625 0.02466367713004484
0 0.55546875 0.4248878923766816 0.0140625 0.02466367713004484
0 0.45234375 0.4495515695067265 0.0140625 0.033632286995515695
0 0.4359375 0.43609865470852016 0.009375 0.020179372197309416
0 0.421875 0.4226457399103139 0.0125 0.01569506726457399
0 0.48515625 0.4383408071748879 0.0140625 0.020179372197309416
0 0.5109375 0.437219730941704 0.0125 0.02242152466367713
0 0.52109375 0.4282511210762332 0.0109375 0.017937219730941704
0 0.5359375 0.42152466367713004 0.0125 0.02242152466367713
0 0.51328125 0.4170403587443946 0.0109375 0.017937219730941704
0 0.5015625 0.41591928251121074 0.009375 0.020179372197309416
0 0.49140625 0.4248878923766816 0.0109375 0.01569506726457399
0 0.47578125 0.42713004484304934 0.0109375 0.01569506726457399
0 0.47421875 0.4125560538116592 0.0109375 0.017937219730941704
0 0.46640625 0.42376681614349776 0.0109375 0.017937219730941704
0 0.44140625 0.4125560538116592 0.0109375 0.017937219730941704