0 0.12232142857142857 0.4581081081081081 0.07321428571428572 0.12162162162162163
0 0.19553571428571428 0.4445945945945946 0.07321428571428572 0.12702702702702703
0 0.27053571428571427 0.5432432432432432 0.08035714285714286 0.15675675675675677
0 0.3339285714285714 0.3945945945945946 0.08214285714285714 0.12972972972972974
0 0.32321428571428573 0.23783783783783785 0.05714285714285714 0.11891891891891893
0 0.4017857142857143 0.3256756756756757 0.075 0.12702702702702703
0 0.5053571428571428 0.26756756756756755 0.060714285714285714 0.11351351351351352
0 0.5410714285714285 0.3202702702702703 0.07142857142857142 0.13243243243243244
0 0.39017857142857143 0.5135135135135135 0.09821428571428571 0.17297297297297298
0 0.6910714285714286 0.47297297297297297 0.07857142857142857 0.17297297297297298
0 0.7651785714285714 0.5297297297297298 0.09107142857142857 0.1837837837837838