0 0.13 0.5625 0.13 0.175
0 0.0475 0.39125 0.04833333333333333 0.0775
0 0.27166666666666667 0.41375 0.05333333333333334 0.0825
0 0.3308333333333333 0.4025 0.04833333333333333 0.08
0 0.38666666666666666 0.38875 0.03666666666666667 0.0725
0 0.43666666666666665 0.39625 0.03333333333333333 0.0725
0 0.4775 0.3875 0.03166666666666667 0.06
0 0.6583333333333333 0.2725 0.04 0.075
0 0.7075 0.3775 0.04833333333333333 0.075
0 0.7741666666666667 0.6075 0.13166666666666665 0.265
0 0.4816666666666667 0.5975 0.14 0.215
0 0.8516666666666667 0.4925 0.08 0.15
0 0.9483333333333334 0.45875 0.07333333333333333 0.1225