0 0.23166666666666666 0.3425531914893617 0.06 0.08936170212765958
0 0.17666666666666667 0.30638297872340425 0.05 0.06808510638297872
0 0.295 0.34361702127659577 0.05 0.06595744680851064
0 0.3016666666666667 0.2968085106382979 0.03333333333333333 0.04893617021276596
0 0.3566666666666667 0.3372340425531915 0.04666666666666667 0.0574468085106383
0 0.36833333333333335 0.4117021276595745 0.07333333333333333 0.09574468085106383
0 0.44666666666666666 0.33085106382978724 0.05 0.06170212765957447
0 0.3983333333333333 0.35106382978723405 0.03666666666666667 0.05106382978723404
0 0.37583333333333335 0.30638297872340425 0.035 0.0425531914893617
0 0.4125 0.2148936170212766 0.03166666666666667 0.0425531914893617
0 0.475 0.30957446808510636 0.02666666666666667 0.04468085106382979
0 0.495 0.38085106382978723 0.05 0.07659574468085106
0 0.5266666666666666 0.44042553191489364 0.09 0.1276595744680851
0 0.685 0.4553191489361702 0.08666666666666667 0.11063829787234042
0 0.615 0.36914893617021277 0.05333333333333334 0.07872340425531915
0 0.545 0.32659574468085106 0.04666666666666667 0.06170212765957447
0 0.5216666666666666 0.2734042553191489 0.03333333333333333 0.04468085106382979
0 0.5791666666666667 0.30106382978723406 0.028333333333333332 0.0574468085106383
0 0.6408333333333334 0.30851063829787234 0.03166666666666667 0.05106382978723404
0 0.6683333333333333 0.3159574468085106 0.03666666666666667 0.0574468085106383
0 0.6983333333333334 0.3553191489361702 0.056666666666666664 0.07659574468085106
0 0.7675 0.37872340425531914 0.06166666666666667 0.09361702127659574
0 0.8008333333333333 0.3202127659574468 0.041666666666666664 0.0574468085106383
0 0.8583333333333333 0.3680851063829787 0.056666666666666664 0.0851063829787234
0 0.9408333333333333 0.3393617021276596 0.04833333333333333 0.07446808510638298
0 0.945 0.5446808510638298 0.10666666666666667 0.1702127659574468