0 0.132 0.6771771771771772 0.084 0.15315315315315314
0 0.028 0.5045045045045045 0.036 0.07207207207207207
0 0.03 0.46096096096096095 0.032 0.057057057057057055
0 0.087 0.4594594594594595 0.034 0.05405405405405406
0 0.113 0.509009009009009 0.046 0.08108108108108109
0 0.123 0.46546546546546547 0.034 0.06606606606606606
0 0.256 0.506006006006006 0.048 0.07507507507507508
0 0.206 0.46546546546546547 0.032 0.06606606606606606
0 0.248 0.45495495495495497 0.036 0.05105105105105105
0 0.298 0.5615615615615616 0.056 0.0960960960960961
0 0.296 0.481981981981982 0.032 0.06306306306306306
0 0.308 0.44594594594594594 0.028 0.05105105105105105
0 0.336 0.44144144144144143 0.024 0.05405405405405406
0 0.352 0.47597597597597596 0.036 0.057057057057057055
0 0.374 0.4624624624624625 0.032 0.06606606606606606
0 0.388 0.45345345345345345 0.024 0.05405405405405406
0 0.471 0.36786786786786785 0.098 0.14714714714714713
0 0.329 0.8858858858858859 0.15 0.2222222222222222
0 0.538 0.7717717717717718 0.12 0.2222222222222222
0 0.579 0.5870870870870871 0.058 0.10510510510510511
0 0.586 0.4954954954954955 0.04 0.06606606606606606
0 0.622 0.47297297297297297 0.04 0.07507507507507508
0 0.666 0.4624624624624625 0.032 0.07207207207207207
0 0.654 0.5555555555555556 0.052 0.09009009009009009
0 0.732 0.5135135135135135 0.04 0.08408408408408409
0 0.759 0.515015015015015 0.034 0.06906906906906907
0 0.779 0.47597597597597596 0.034 0.07507507507507508
0 0.821 0.6096096096096096 0.086 0.14414414414414414
0 0.859 0.5780780780780781 0.066 0.11711711711711711
0 0.884 0.545045045045045 0.044 0.10510510510510511
0 0.952 0.5540540540540541 0.056 0.08708708708708708
0 0.982 0.5345345345345346 0.032 0.07807807807807808