0 0.326007326007326 0.28036175710594313 0.14285714285714285 0.2144702842377261
0 0.3836996336996337 0.4198966408268734 0.08974358974358974 0.16795865633074936
0 0.4899267399267399 0.45348837209302323 0.05311355311355311 0.08527131782945736
0 0.4358974358974359 0.46382428940568476 0.029304029304029304 0.06459948320413436
0 0.4551282051282051 0.39276485788113696 0.023809523809523808 0.05167958656330749
0 0.521978021978022 0.4160206718346253 0.02197802197802198 0.041343669250646
0 0.5540293040293041 0.46770025839793283 0.04212454212454213 0.07235142118863049
0 0.5732600732600732 0.43410852713178294 0.03296703296703297 0.056847545219638244
0 0.532051282051282 0.2777777777777778 0.11538461538461539 0.1731266149870801
0 0.7765567765567766 0.5 0.054945054945054944 0.12144702842377261
0 0.7426739926739927 0.4444444444444444 0.045787545787545784 0.09302325581395349
0 0.7948717948717948 0.43669250645994834 0.040293040293040296 0.06718346253229975
0 0.8278388278388278 0.4715762273901809 0.04395604395604396 0.08527131782945736
0 0.8653846153846154 0.44315245478036175 0.05311355311355311 0.10077519379844961
0 0.9203296703296703 0.48320413436692505 0.04945054945054945 0.07235142118863049
0 0.9395604395604396 0.46382428940568476 0.029304029304029304 0.059431524547803614