0 0.0769593956562795 0.45627376425855515 0.05760151085930123 0.08111533586818757
0 0.15533522190745988 0.4347275031685678 0.05004721435316336 0.06590621039290241
0 0.1954674220963173 0.517743979721166 0.08687440982058546 0.10012674271229405
0 0.22615675165250235 0.4144486692015209 0.044381491973559964 0.060836501901140684
0 0.2813975448536355 0.40747782002534855 0.04154863078375826 0.062103929024081114
0 0.3007554296506138 0.5164765525982256 0.0764872521246459 0.10773130544993663
0 0.3696883852691218 0.4252217997465146 0.053824362606232294 0.07477820025348543
0 0.392823418319169 0.4138149556400507 0.0453257790368272 0.062103929024081114
0 0.4542020774315392 0.4024081115335868 0.03588290840415486 0.046894803548795945
0 0.4627006610009443 0.30671736375158426 0.024551463644948063 0.032953105196451206
0 0.502360717658168 0.4207858048162231 0.0453257790368272 0.05576679340937896
0 0.49338999055712934 0.46070975918884666 0.05760151085930123 0.07731305449936629
0 0.5165250236071766 0.38466413181242076 0.030217186024551465 0.044359949302915085
0 0.5368271954674221 0.37515842839036756 0.02927289896128423 0.043092522179974654
0 0.43248347497639283 0.6717363751584284 0.14542020774315392 0.24081115335868186
0 0.5859301227573183 0.5506970849176173 0.08781869688385269 0.13054499366286437
0 0.5901794145420207 0.45627376425855515 0.05288007554296506 0.06590621039290241
0 0.6090651558073654 0.37896070975918883 0.03777148253068933 0.043092522179974654
0 0.6926345609065155 0.38783269961977185 0.03871576959395656 0.06590621039290241
0 0.6954674220963173 0.44423320659062104 0.053824362606232294 0.07477820025348543
0 0.7549575070821529 0.4752851711026616 0.06326723323890462 0.08871989860583017
0 0.908876298394712 0.7896070975918885 0.1652502360717658 0.2585551330798479
0 0.8729933899905571 0.3979721166032953 0.036827195467422094 0.050697084917617236
0 0.8923512747875354 0.37135614702154623 0.03777148253068933 0.043092522179974654
0 0.9145420207743153 0.41064638783269963 0.044381491973559964 0.053231939163498096
0 0.9461756373937678 0.39226869455006336 0.03588290840415486 0.051964512040557666
0 0.97780925401322 0.41064638783269963 0.042492917847025496 0.06590621039290241