0 0.09908069458631256 0.39645776566757496 0.05515832482124617 0.07356948228882834
0 0.20735444330949948 0.5286103542234333 0.1205311542390194 0.16621253405994552
0 0.4111338100102145 0.39645776566757496 0.04187946884576098 0.0681198910081744
0 0.5306435137895812 0.48569482288828336 0.07048008171603677 0.11580381471389646
0 0.5025536261491318 0.40599455040871935 0.04290091930541369 0.06267029972752043
0 0.5755873340143003 0.3971389645776567 0.03575076608784474 0.05858310626702997
0 0.6307456588355465 0.40735694822888285 0.05209397344228805 0.08719346049046321
0 0.6884576098059244 0.4720708446866485 0.09601634320735444 0.15122615803814715
0 0.7589376915219612 0.4162125340599455 0.05107252298263534 0.08310626702997276
0 0.8192032686414709 0.4768392370572207 0.0755873340143003 0.11989100817438691
0 0.8278855975485189 0.3862397820163488 0.054136874361593465 0.0885558583106267