0 0.065625 0.4222222222222222 0.09791666666666667 0.18888888888888888
0 0.25677083333333334 0.3351851851851852 0.06979166666666667 0.15925925925925927
0 0.3416666666666667 0.2638888888888889 0.03958333333333333 0.07962962962962963
0 0.36770833333333336 0.25555555555555554 0.03333333333333333 0.07037037037037037
0 0.4114583333333333 0.2972222222222222 0.04375 0.08703703703703704
0 0.44895833333333335 0.26666666666666666 0.0375 0.07777777777777778
0 0.5046875 0.23796296296296296 0.030208333333333334 0.06851851851851852
0 0.4427083333333333 0.48148148148148145 0.11458333333333333 0.25555555555555554
0 0.6119791666666666 0.3472222222222222 0.06354166666666666 0.1388888888888889
0 0.58125 0.25462962962962965 0.035416666666666666 0.07222222222222222
0 0.5989583333333334 0.21851851851851853 0.029166666666666667 0.06296296296296296
0 0.6338541666666667 0.2962962962962963 0.040625 0.1
0 0.6494791666666667 0.25833333333333336 0.042708333333333334 0.07962962962962963
0 0.6708333333333333 0.23425925925925925 0.027083333333333334 0.06481481481481481
0 0.7609375 0.35 0.090625 0.2037037037037037
0 0.7572916666666667 0.21851851851851853 0.0375 0.07777777777777778
0 0.7692708333333333 0.19907407407407407 0.030208333333333334 0.06111111111111111
0 0.8052083333333333 0.25092592592592594 0.041666666666666664 0.09444444444444444
0 0.8776041666666666 0.23981481481481481 0.059375 0.12777777777777777
0 0.9380208333333333 0.3574074074074074 0.08020833333333334 0.17407407407407408