0 0.06385030864197531 0.5573347107438017 0.05594135802469136 0.09194214876033058
0 0.020061728395061727 0.5503615702479339 0.03780864197530864 0.07386363636363637
0 0.13213734567901234 0.6022727272727273 0.06983024691358025 0.09504132231404959
0 0.25829475308641975 0.778150826446281 0.13310185185185186 0.16683884297520662
0 0.22145061728395063 0.5214359504132231 0.04089506172839506 0.06043388429752066
0 0.27816358024691357 0.53099173553719 0.04243827160493827 0.05578512396694215
0 0.2881944444444444 0.5082644628099173 0.032407407407407406 0.04648760330578512
0 0.3177083333333333 0.40289256198347106 0.02816358024691358 0.03615702479338843
0 0.3597608024691358 0.53099173553719 0.04205246913580247 0.05785123966942149
0 0.4402006172839506 0.496900826446281 0.035493827160493825 0.05475206611570248
0 0.4747299382716049 0.5847107438016529 0.05439814814814815 0.09194214876033058
0 0.5030864197530864 0.5139462809917356 0.030864197530864196 0.04338842975206612
0 0.5428240740740741 0.5235020661157025 0.031635802469135804 0.042871900826446284
0 0.595679012345679 0.515754132231405 0.036265432098765434 0.04183884297520661
0 0.6082175925925926 0.5756714876033058 0.059799382716049385 0.08212809917355372
0 0.7006172839506173 0.6753615702479339 0.10648148148148148 0.1503099173553719
0 0.6657021604938271 0.5490702479338843 0.047453703703703706 0.05371900826446281
0 0.6361882716049383 0.4997417355371901 0.029320987654320986 0.03770661157024793
0 0.6948302469135802 0.48992768595041325 0.02854938271604938 0.040805785123966945
0 0.7457561728395061 0.5222107438016529 0.03935185185185185 0.0506198347107438
0 0.7876157407407407 0.5103305785123967 0.02970679012345679 0.058884297520661155
0 0.8217592592592593 0.5216942148760331 0.033950617283950615 0.05371900826446281
0 0.8682484567901234 0.5320247933884298 0.04976851851851852 0.07747933884297521
0 0.8616898148148148 0.6547004132231405 0.08834876543209877 0.11828512396694214
0 0.9338348765432098 0.5643078512396694 0.05285493827160494 0.07799586776859505
0 0.9436728395061729 0.5216942148760331 0.03935185185185185 0.05371900826446281