0 0.06357142857142857 0.48333333333333334 0.06142857142857143 0.11428571428571428
0 0.11428571428571428 0.4154761904761905 0.05714285714285714 0.08333333333333333
0 0.1407142857142857 0.38571428571428573 0.03857142857142857 0.07142857142857142
0 0.18642857142857142 0.34523809523809523 0.03571428571428571 0.06666666666666667
0 0.09785714285714285 0.34523809523809523 0.032857142857142856 0.06190476190476191
0 0.06928571428571428 0.34404761904761905 0.03571428571428571 0.05952380952380952
0 0.024285714285714285 0.3261904761904762 0.037142857142857144 0.05238095238095238
0 0.3507142857142857 0.4654761904761905 0.047142857142857146 0.07857142857142857
0 0.3942857142857143 0.55 0.08 0.12380952380952381
0 0.4585714285714286 0.6166666666666667 0.1 0.18571428571428572
0 0.47928571428571426 0.5226190476190476 0.06142857142857143 0.10714285714285714
0 0.4614285714285714 0.44642857142857145 0.04857142857142857 0.08333333333333333
0 0.44 0.4107142857142857 0.03142857142857143 0.06904761904761905
0 0.3292857142857143 0.42142857142857143 0.041428571428571426 0.07142857142857142
0 0.3157142857142857 0.3595238095238095 0.02857142857142857 0.05714285714285714
0 0.3414285714285714 0.3619047619047619 0.02857142857142857 0.05714285714285714
0 0.36642857142857144 0.4023809523809524 0.032857142857142856 0.06666666666666667
0 0.40714285714285714 0.39285714285714285 0.03142857142857143 0.06190476190476191
0 0.34714285714285714 0.29642857142857143 0.02857142857142857 0.06428571428571428
0 0.4664285714285714 0.3761904761904762 0.027142857142857142 0.047619047619047616
0 0.485 0.3952380952380952 0.024285714285714285 0.05238095238095238
0 0.5221428571428571 0.42857142857142855 0.03857142857142857 0.08095238095238096
0 0.5228571428571429 0.3892857142857143 0.02857142857142857 0.05952380952380952
0 0.5478571428571428 0.40476190476190477 0.027142857142857142 0.05714285714285714
0 0.5721428571428572 0.46785714285714286 0.041428571428571426 0.0880952380952381
0 0.6164285714285714 0.5464285714285714 0.07285714285714286 0.13095238095238096
0 0.6892857142857143 0.6488095238095238 0.08142857142857143 0.1595238095238095
0 0.6242857142857143 0.8785714285714286 0.16 0.23333333333333334
0 0.9178571428571428 0.6904761904761905 0.10714285714285714 0.19047619047619047
0 0.8335714285714285 0.569047619047619 0.07 0.12857142857142856
0 0.7928571428571428 0.46785714285714286 0.04857142857142857 0.07857142857142857
0 0.7942857142857143 0.41785714285714287 0.037142857142857144 0.07380952380952381
0 0.7378571428571429 0.44642857142857145 0.03857142857142857 0.06904761904761905
0 0.7307142857142858 0.5452380952380952 0.05 0.09523809523809523
0 0.6971428571428572 0.4857142857142857 0.04 0.0761904761904762
0 0.64 0.46190476190476193 0.037142857142857144 0.06666666666666667
0 0.605 0.4380952380952381 0.03571428571428571 0.05714285714285714
0 0.6178571428571429 0.38095238095238093 0.03857142857142857 0.05238095238095238
0 0.6542857142857142 0.40595238095238095 0.03142857142857143 0.05476190476190476
0 0.6857142857142857 0.39880952380952384 0.02857142857142857 0.06904761904761905
0 0.715 0.4035714285714286 0.027142857142857142 0.05
0 0.8614285714285714 0.444047619047619 0.04 0.06904761904761905
0 0.9221428571428572 0.4583333333333333 0.03 0.06904761904761905
0 0.95 0.49523809523809526 0.04 0.06190476190476191