0 0.24957651044607565 0.6214859437751004 0.03274985883681536 0.06827309236947791
0 0.31507622811970637 0.6039156626506024 0.03387916431394692 0.071285140562249
0 0.38961038961038963 0.6224899598393574 0.03387916431394692 0.07228915662650602
0 0.4525691699604743 0.6169678714859438 0.02766798418972332 0.06124497991967871
0 0.5135516657255788 0.6270080321285141 0.029926595143986448 0.06325301204819277
0 0.5736871823828346 0.6219879518072289 0.038396386222473176 0.06927710843373494
0 0.6408808582721626 0.6400602409638554 0.028232636928289104 0.06927710843373494
0 0.6908526256352343 0.643574297188755 0.029926595143986448 0.07228915662650602
0 0.7509881422924901 0.6209839357429718 0.03162055335968379 0.06927710843373494
0 0.8054771315640881 0.6129518072289156 0.0378317334839074 0.06325301204819277
0 0.7447769621682665 0.5095381526104418 0.04178430265386787 0.07530120481927711
0 0.7481648785996612 0.4246987951807229 0.028232636928289104 0.06224899598393574
0 0.6679841897233202 0.5225903614457831 0.03387916431394692 0.06124497991967871
0 0.6239412761151891 0.5005020080321285 0.03274985883681536 0.06526104417670683
0 0.5513833992094862 0.5080321285140562 0.03557312252964427 0.06626506024096386
0 0.4923771880293619 0.48744979919678716 0.03387916431394692 0.06526104417670683
0 0.4330886504799548 0.5075301204819277 0.03162055335968379 0.05923694779116466
0 0.3599661208356861 0.5110441767068273 0.033314511575381144 0.060240963855421686
0 0.3006775832862789 0.5235943775100401 0.029926595143986448 0.055220883534136546
0 0.2490118577075099 0.5341365461847389 0.040654997176736304 0.06626506024096386
0 0.29136081309994355 0.4307228915662651 0.028232636928289104 0.060240963855421686
0 0.3503670242800678 0.4407630522088353 0.029926595143986448 0.05220883534136546
0 0.40146809712027104 0.4226907630522088 0.025974025974025976 0.05421686746987952
0 0.4621682665160926 0.428714859437751 0.0220214568040655 0.0642570281124498
0 0.5203274985883681 0.39558232931726905 0.026538678712591756 0.05421686746987952
0 0.572557876905703 0.4347389558232932 0.030491247882552232 0.05622489959839357
0 0.6253529079616036 0.42720883534136544 0.026538678712591756 0.06124497991967871
0 0.6866177300959909 0.4151606425702811 0.030491247882552232 0.06927710843373494