0 0.2265625 0.5041666666666667 0.05 0.09166666666666666
0 0.3453125 0.4930555555555556 0.046875 0.08055555555555556
0 0.3234375 0.4375 0.034375 0.06944444444444445
0 0.4296875 0.5277777777777778 0.05625 0.09444444444444444
0 0.4578125 0.47638888888888886 0.04375 0.08055555555555556
0 0.4390625 0.4527777777777778 0.034375 0.05555555555555555
0 0.5125 0.4638888888888889 0.034375 0.08333333333333333
0 0.54765625 0.49583333333333335 0.0546875 0.10277777777777777
0 0.5734375 0.43194444444444446 0.028125 0.05277777777777778
0 0.64296875 0.4444444444444444 0.0296875 0.06111111111111111
0 0.6484375 0.5638888888888889 0.065625 0.1111111111111111
0 0.70859375 0.4583333333333333 0.0484375 0.07222222222222222
0 0.80078125 0.5138888888888888 0.0890625 0.15555555555555556
0 0.9109375 0.4722222222222222 0.04375 0.09444444444444444
0 0.9796875 0.4888888888888889 0.034375 0.10555555555555556
0 0.97109375 0.6777777777777778 0.0546875 0.22777777777777777
0 0.9421875 0.46111111111111114 0.0375 0.09444444444444444