0 0.133125 0.405 0.04625 0.07
0 0.456875 0.5225 0.03875 0.058333333333333334
0 0.475625 0.5433333333333333 0.03625 0.06
0 0.49625 0.5566666666666666 0.04 0.07
0 0.555625 0.5225 0.03125 0.051666666666666666
0 0.571875 0.5608333333333333 0.03625 0.06833333333333333
0 0.585625 0.5133333333333333 0.02375 0.05
0 0.60625 0.5133333333333333 0.025 0.05333333333333334
0 0.625625 0.5158333333333334 0.02375 0.04833333333333333
0 0.6475 0.5766666666666667 0.04 0.07666666666666666
0 0.674375 0.5708333333333333 0.04375 0.08833333333333333
0 0.721875 0.5433333333333333 0.03625 0.07
0 0.771875 0.5483333333333333 0.04625 0.07666666666666666
0 0.843125 0.5475 0.06875 0.095
0 0.91875 0.5058333333333334 0.0575 0.07833333333333334
0 0.97 0.5333333333333333 0.05 0.10333333333333333
0 0.92 0.45416666666666666 0.03 0.041666666666666664
0 0.955 0.4275 0.0325 0.045
0 0.97875 0.43833333333333335 0.0275 0.05
0 0.86 0.44416666666666665 0.0275 0.045
0 0.850625 0.4816666666666667 0.02875 0.04666666666666667
0 0.80125 0.49833333333333335 0.0375 0.05333333333333334
0 0.7775 0.505 0.0275 0.04666666666666667
0 0.74125 0.4816666666666667 0.03 0.04666666666666667
0 0.7225 0.49166666666666664 0.0375 0.056666666666666664
0 0.6975 0.49833333333333335 0.0275 0.05
0 0.666875 0.5091666666666667 0.03375 0.051666666666666666
0 0.649375 0.5125 0.02375 0.058333333333333334