0 0.06415094339622641 0.4745042492917847 0.06792452830188679 0.1048158640226629
0 0.11886792452830189 0.42209631728045327 0.04150943396226415 0.0679886685552408
0 0.17452830188679244 0.5127478753541076 0.08490566037735849 0.1359773371104816
0 0.17075471698113207 0.43909348441926344 0.0509433962264151 0.0679886685552408
0 0.23773584905660378 0.4192634560906516 0.033962264150943396 0.0679886685552408
0 0.2632075471698113 0.4660056657223796 0.05471698113207547 0.0708215297450425
0 0.32358490566037734 0.6118980169971672 0.12264150943396226 0.254957507082153
0 0.41132075471698115 0.49575070821529743 0.07169811320754717 0.1359773371104816
0 0.3113207547169811 0.43342776203966005 0.03773584905660377 0.056657223796033995
0 0.3490566037735849 0.41076487252124644 0.03018867924528302 0.056657223796033995
0 0.39245283018867927 0.41359773371104813 0.033962264150943396 0.05099150141643059
0 0.46320754716981133 0.41359773371104813 0.03207547169811321 0.06232294617563739
0 0.49339622641509434 0.4192634560906516 0.035849056603773584 0.056657223796033995
0 0.5075471698113208 0.4631728045325779 0.045283018867924525 0.09348441926345609
0 0.5471698113207547 0.4263456090651558 0.033962264150943396 0.059490084985835696
0 0.5320754716981132 0.40368271954674223 0.026415094339622643 0.04815864022662889
0 0.6009433962264151 0.4121813031161473 0.024528301886792454 0.04815864022662889
0 0.6405660377358491 0.4164305949008499 0.03207547169811321 0.0453257790368272
0 0.6405660377358491 0.5269121813031161 0.09245283018867924 0.21529745042492918
0 0.6924528301886792 0.5014164305949008 0.052830188679245285 0.11331444759206799
0 0.7132075471698113 0.43342776203966005 0.033962264150943396 0.06232294617563739
0 0.7660377358490567 0.4093484419263456 0.03018867924528302 0.053824362606232294
0 0.7924528301886793 0.443342776203966 0.04150943396226415 0.0708215297450425
0 0.8415094339622642 0.48441926345609065 0.05660377358490566 0.09631728045325778
0 0.8320754716981132 0.4178470254957507 0.033962264150943396 0.053824362606232294
0 0.8830188679245283 0.44192634560906513 0.033962264150943396 0.0679886685552408
0 0.9518867924528301 0.5269121813031161 0.08490566037735849 0.1529745042492918
0 0.9679245283018868 0.4164305949008499 0.04150943396226415 0.0679886685552408