0 0.15974729241877256 0.3191489361702128 0.03790613718411552 0.09219858156028368
0 0.26263537906137185 0.374113475177305 0.05595667870036101 0.11702127659574468
0 0.2509025270758123 0.2730496453900709 0.032490974729241874 0.06382978723404255
0 0.37635379061371843 0.37943262411347517 0.05595667870036101 0.14893617021276595
0 0.3655234657039711 0.2783687943262411 0.02707581227436823 0.05319148936170213
0 0.40342960288808666 0.17907801418439717 0.023465703971119134 0.06028368794326241
0 0.47833935018050544 0.274822695035461 0.032490974729241874 0.08156028368794327
0 0.5270758122743683 0.3599290780141844 0.05054151624548736 0.12411347517730496
0 0.5252707581227437 0.2765957446808511 0.02527075812274368 0.06382978723404255
0 0.5072202166064982 0.23581560283687944 0.018050541516245487 0.05319148936170213
0 0.5676895306859205 0.26595744680851063 0.02707581227436823 0.05673758865248227
0 0.7157039711191335 0.33865248226950356 0.052346570397111915 0.1099290780141844
0 0.7075812274368231 0.2553191489361702 0.02888086642599278 0.05673758865248227
0 0.7509025270758123 0.2872340425531915 0.036101083032490974 0.07801418439716312
0 0.9178700361010831 0.35638297872340424 0.052346570397111915 0.13829787234042554
0 0.9178700361010831 0.28368794326241137 0.04512635379061372 0.0851063829787234
0 0.9792418772563177 0.40425531914893614 0.03790613718411552 0.1702127659574468