0 0.0875 0.5431519699812383 0.075 0.11444652908067542
0 0.229375 0.5412757973733584 0.09625 0.1294559099437148
0 0.149375 0.43808630393996245 0.03875 0.05065666041275797
0 0.210625 0.44652908067542213 0.04875 0.0600375234521576
0 0.29 0.46904315196998125 0.0625 0.10131332082551595
0 0.428125 0.48592870544090055 0.06375 0.10131332082551595
0 0.40125 0.6360225140712945 0.1175 0.19136960600375236
0 0.4975 0.4399624765478424 0.0425 0.07317073170731707
0 0.466875 0.4052532833020638 0.02625 0.0525328330206379
0 0.40875 0.40150093808630394 0.035 0.05628517823639775
0 0.494375 0.39118198874296434 0.02625 0.043151969981238276
0 0.56875 0.5393996247654784 0.065 0.10694183864915573
0 0.6075 0.45872420262664165 0.0425 0.07317073170731707
0 0.68 0.4155722326454034 0.0275 0.04690431519699812
0 0.69875 0.4821763602251407 0.0425 0.075046904315197
0 0.704375 0.6669793621013134 0.16625 0.22326454033771106
0 0.7775 0.5628517823639775 0.0675 0.11632270168855535
0 0.773125 0.4793621013133208 0.04875 0.07317073170731707
0 0.81 0.4549718574108818 0.04 0.07692307692307693
0 0.726875 0.44183864915572235 0.04625 0.054409005628517824
0 0.93875 0.5909943714821764 0.095 0.1350844277673546
0 0.950625 0.4981238273921201 0.04125 0.06941838649155722
0 0.91625 0.45684803001876173 0.0375 0.06191369606003752
0 0.98875 0.4652908067542214 0.02 0.04878048780487805