0 0.04589041095890411 0.526694045174538 0.0863013698630137 0.20739219712525667
0 0.17123287671232876 0.473305954825462 0.10410958904109589 0.16632443531827515
0 0.14315068493150684 0.29671457905544146 0.06712328767123288 0.09650924024640657
0 0.16506849315068492 0.27720739219712526 0.04794520547945205 0.11498973305954825
0 0.11027397260273973 0.26899383983572894 0.050684931506849315 0.09034907597535935
0 0.3664383561643836 0.3193018480492813 0.07260273972602739 0.10882956878850103
0 0.48904109589041095 0.10677618069815195 0.06301369863013699 0.09856262833675565
0 0.5678082191780822 0.38501026694045176 0.1 0.14989733059548255
0 0.6 0.2515400410677618 0.0684931506849315 0.10061601642710473
0 0.560958904109589 0.27002053388090347 0.056164383561643834 0.10061601642710473
0 0.663013698630137 0.24229979466119098 0.06301369863013699 0.09034907597535935
0 0.7479452054794521 0.25667351129363447 0.0684931506849315 0.11498973305954825
0 0.7061643835616438 0.45790554414784396 0.11095890410958904 0.17248459958932238
0 0.8876712328767123 0.6252566735112937 0.16712328767123288 0.2648870636550308
0 0.8458904109589042 0.3141683778234086 0.07808219178082192 0.1273100616016427
0 0.8952054794520548 0.2464065708418891 0.056164383561643834 0.0944558521560575
0 0.9719178082191781 0.21149897330595482 0.050684931506849315 0.09034907597535935