0 0.07090909090909091 0.5760517799352751 0.12363636363636364 0.21359223300970873
0 0.05909090909090909 0.46601941747572817 0.06727272727272728 0.10355987055016182
0 0.07272727272727272 0.42718446601941745 0.04 0.07119741100323625
0 0.08727272727272728 0.3964401294498382 0.04363636363636364 0.08737864077669903
0 0.1709090909090909 0.4077669902912621 0.04363636363636364 0.10355987055016182
0 0.21818181818181817 0.46116504854368934 0.08363636363636363 0.1650485436893204
0 0.21727272727272728 0.36893203883495146 0.03090909090909091 0.05825242718446602
0 0.1890909090909091 0.3511326860841424 0.03272727272727273 0.061488673139158574
0 0.2672727272727273 0.23624595469255663 0.025454545454545455 0.05825242718446602
0 0.29454545454545455 0.40129449838187703 0.04727272727272727 0.0970873786407767
0 0.30727272727272725 0.3786407766990291 0.02909090909090909 0.05825242718446602
0 0.2609090909090909 0.3365695792880259 0.02727272727272727 0.05825242718446602
0 0.32727272727272727 0.33980582524271846 0.02909090909090909 0.045307443365695796
0 0.3781818181818182 0.36245954692556637 0.03636363636363636 0.07119741100323625
0 0.3718181818181818 0.441747572815534 0.056363636363636366 0.09385113268608414
0 0.37545454545454543 0.5550161812297735 0.09636363636363636 0.18446601941747573
0 0.46 0.37540453074433655 0.04363636363636364 0.10355987055016182
0 0.49727272727272726 0.3851132686084142 0.056363636363636366 0.09061488673139159
0 0.5018181818181818 0.47896440129449835 0.06545454545454546 0.13592233009708737
0 0.6118181818181818 0.6051779935275081 0.1 0.20711974110032363
0 0.5672727272727273 0.4029126213592233 0.03636363636363636 0.06796116504854369
0 0.6772727272727272 0.45307443365695793 0.05272727272727273 0.11003236245954692
0 0.6609090909090909 0.3592233009708738 0.03090909090909091 0.06472491909385113
0 0.6909090909090909 0.3737864077669903 0.02909090909090909 0.061488673139158574
0 0.7227272727272728 0.3478964401294498 0.02727272727272727 0.061488673139158574
0 0.7545454545454545 0.37702265372168287 0.05090909090909091 0.0744336569579288
0 0.8263636363636364 0.6229773462783171 0.12181818181818181 0.21035598705501618
0 0.8263636363636364 0.40938511326860844 0.05272727272727273 0.09385113268608414
0 0.8854545454545455 0.4077669902912621 0.04727272727272727 0.0970873786407767
0 0.9372727272727273 0.42071197411003236 0.05272727272727273 0.11650485436893204