0 0.07580645161290323 0.31857142857142856 0.05806451612903226 0.12285714285714286
0 0.20806451612903226 0.3157142857142857 0.06451612903225806 0.11142857142857143
0 0.27338709677419354 0.2885714285714286 0.0467741935483871 0.08
0 0.25967741935483873 0.5057142857142857 0.07419354838709677 0.15428571428571428
0 0.3282258064516129 0.054285714285714284 0.04032258064516129 0.06857142857142857
0 0.3564516129032258 0.2542857142857143 0.041935483870967745 0.09714285714285714
0 0.3903225806451613 0.5957142857142858 0.08064516129032258 0.18
0 0.5959677419354839 0.27285714285714285 0.04032258064516129 0.08285714285714285
0 0.6516129032258065 0.2757142857142857 0.04516129032258064 0.07714285714285714
0 0.7435483870967742 0.3357142857142857 0.041935483870967745 0.08857142857142856
0 0.9395161290322581 0.5714285714285714 0.08548387096774193 0.16
0 0.9274193548387096 0.7942857142857143 0.11935483870967742 0.26857142857142857