0 0.15583333333333332 0.471875 0.06833333333333333 0.12125
0 0.13125 0.370625 0.034166666666666665 0.07875
0 0.027916666666666666 0.395 0.050833333333333335 0.08
0 0.2 0.361875 0.04833333333333333 0.09625
0 0.365 0.64 0.10333333333333333 0.18
0 0.3641666666666667 0.446875 0.05333333333333334 0.11625
0 0.38166666666666665 0.34875 0.035 0.07
0 0.49541666666666667 0.365 0.0425 0.08
0 0.5545833333333333 0.480625 0.0725 0.16375
0 0.605 0.363125 0.03166666666666667 0.07125
0 0.6333333333333333 0.375 0.04833333333333333 0.095
0 0.7416666666666667 0.37 0.043333333333333335 0.095
0 0.9554166666666667 0.473125 0.07583333333333334 0.13375