0 0.04314720812182741 0.5768072289156626 0.07952622673434856 0.33433734939759036
0 0.12267343485617598 0.5512048192771084 0.1065989847715736 0.30120481927710846
0 0.06260575296108291 0.4292168674698795 0.043993231810490696 0.11144578313253012
0 0.188663282571912 0.4924698795180723 0.06598984771573604 0.17771084337349397
0 0.2233502538071066 0.5256024096385542 0.04060913705583756 0.09939759036144578
0 0.23096446700507614 0.4743975903614458 0.049069373942470386 0.10542168674698796
0 0.2521150592216582 0.5195783132530121 0.023688663282571912 0.06927710843373494
0 0.2800338409475465 0.5 0.032148900169204735 0.08433734939759036
0 0.4230118443316413 0.6024096385542169 0.08460236886632826 0.13253012048192772
0 0.4873096446700508 0.5948795180722891 0.06429780033840947 0.14156626506024098
0 0.4576988155668359 0.5271084337349398 0.03553299492385787 0.0963855421686747
0 0.3925549915397631 0.5256024096385542 0.050761421319796954 0.09337349397590361
0 0.8291032148900169 0.2786144578313253 0.11844331641285956 0.18373493975903615