0 0.21102661596958175 0.8416547788873039 0.1520912547528517 0.24536376604850213
0 0.13878326996197718 0.6533523537803139 0.07984790874524715 0.10556348074179743
0 0.13403041825095058 0.5905848787446505 0.07034220532319392 0.08559201141226819
0 0.10788973384030419 0.5463623395149786 0.05038022813688213 0.05706134094151213
0 0.11834600760456274 0.5057061340941512 0.0370722433460076 0.05563480741797432
0 0.08365019011406843 0.5035663338088445 0.043726235741444866 0.05420827389443652
0 0.039923954372623575 0.5734664764621968 0.060836501901140684 0.0912981455064194
0 0.24049429657794677 0.4978601997146933 0.03231939163498099 0.042796005706134094
0 0.21482889733840305 0.48787446504992865 0.026615969581749048 0.037089871611982884
0 0.2224334600760456 0.4693295292439372 0.03231939163498099 0.037089871611982884
0 0.27756653992395436 0.47218259629101283 0.03231939163498099 0.0456490727532097
0 0.30750950570342206 0.4950071326676177 0.03326996197718631 0.039942938659058486
0 0.313212927756654 0.4614835948644793 0.027566539923954372 0.03851640513552068
0 0.34077946768060835 0.507132667617689 0.03517110266159696 0.06134094151212553
0 0.36454372623574144 0.4957203994293866 0.019961977186311788 0.0442225392296719
0 0.344106463878327 0.47075606276747506 0.024714828897338403 0.034236804564907276
0 0.3811787072243346 0.4814550641940086 0.026615969581749048 0.0442225392296719
0 0.40399239543726234 0.4686162624821683 0.026615969581749048 0.04136947218259629
0 0.4282319391634981 0.5014265335235378 0.04277566539923954 0.05848787446504993
0 0.44914448669201523 0.5335235378031383 0.05038022813688213 0.06847360912981455
0 0.44344106463878324 0.47503566333808844 0.02376425855513308 0.042796005706134094
0 0.4543726235741445 0.4572039942938659 0.024714828897338403 0.03851640513552068
0 0.31749049429657794 0.398716119828816 0.017110266159695818 0.03281027104136947
0 0.49334600760456276 0.5 0.03802281368821293 0.05563480741797432
0 0.4995247148288973 0.4572039942938659 0.02376425855513308 0.029957203994293864
0 0.5413498098859315 0.4550641940085592 0.025665399239543727 0.042796005706134094
0 0.5608365019011406 0.4793152639087018 0.022813688212927757 0.05420827389443652
0 0.5365969581749049 0.5456490727532097 0.04657794676806084 0.06990014265335236
0 0.6402091254752852 0.5920114122681883 0.06749049429657794 0.09700427960057062
0 0.6283269961977186 0.5342368045649073 0.051330798479087454 0.06419400855920114
0 0.5855513307984791 0.48787446504992865 0.03802281368821293 0.05420827389443652
0 0.6112167300380228 0.4686162624821683 0.026615969581749048 0.0442225392296719
0 0.5879277566539924 0.4450784593437946 0.025665399239543727 0.03138373751783167
0 0.6406844106463878 0.4557774607703281 0.022813688212927757 0.04136947218259629
0 0.6454372623574145 0.49072753209700426 0.034220532319391636 0.04850213980028531
0 0.6644486692015209 0.456490727532097 0.024714828897338403 0.0456490727532097
0 0.7053231939163498 0.5049928673323824 0.04752851711026616 0.06847360912981455
0 0.7091254752851711 0.4614835948644793 0.028517110266159697 0.0442225392296719
0 0.7433460076045627 0.4693295292439372 0.03231939163498099 0.0456490727532097
0 0.7861216730038023 0.4793152639087018 0.026615969581749048 0.05420827389443652
0 0.8041825095057035 0.4964336661911555 0.03612167300380228 0.05706134094151213
0 0.8165399239543726 0.551355206847361 0.06273764258555133 0.08131241084165478
0 0.8502851711026616 0.6897289586305279 0.1150190114068441 0.21825962910128388
0 0.9291825095057035 0.6733238231098431 0.08840304182509506 0.16833095577746077
0 0.8840304182509505 0.5563480741797432 0.06844106463878327 0.09415121255349501
0 0.8422053231939164 0.492867332382311 0.043726235741444866 0.06134094151212553
0 0.8631178707224335 0.4550641940085592 0.03231939163498099 0.05420827389443652
0 0.9624524714828897 0.5235378031383737 0.05608365019011407 0.09985734664764621
0 0.9767110266159695 0.4586305278174037 0.04467680608365019 0.06134094151212553