0 0.07535714285714286 0.637962962962963 0.07642857142857143 0.19814814814814816
0 0.16392857142857142 0.6388888888888888 0.04214285714285714 0.13333333333333333
0 0.4282142857142857 0.6472222222222223 0.020714285714285713 0.08333333333333333
0 0.47035714285714286 0.6592592592592592 0.02214285714285714 0.08518518518518518
0 0.4967857142857143 0.6722222222222223 0.023571428571428573 0.08518518518518518
0 0.6539285714285714 0.5814814814814815 0.10071428571428571 0.3333333333333333
0 0.7260714285714286 0.7138888888888889 0.025 0.09814814814814815
0 0.7342857142857143 0.6731481481481482 0.024285714285714285 0.07222222222222222
0 0.7860714285714285 0.6731481481481482 0.039285714285714285 0.1425925925925926
0 0.8503571428571428 0.6787037037037037 0.062142857142857146 0.20185185185185187
0 0.9032142857142857 0.6768518518518518 0.047857142857142855 0.1648148148148148