0 0.19091903719912473 0.5369340746624305 0.11706783369803063 0.19062748212867356
0 0.11323851203501094 0.5774424146147736 0.061269146608315096 0.09690230341540905
0 0.28227571115973743 0.6068308181096108 0.05689277899343545 0.0937251787132645
0 0.3506564551422319 0.5587768069896744 0.045951859956236324 0.07863383637807785
0 0.39195842450765866 0.5027799841143765 0.04212253829321663 0.06671961874503574
0 0.4710065645514223 0.5583796664019063 0.038293216630196934 0.0778395552025417
0 0.5164113785557987 0.5635424940428911 0.03938730853391685 0.06115965051628276
0 0.5908096280087527 0.551231135822081 0.036105032822757115 0.06354249404289118
0 0.662746170678337 0.5980937251787133 0.06291028446389496 0.10325655281969817
0 0.7713347921225383 0.5270055599682287 0.1061269146608315 0.18030182684670373
0 0.8791028446389497 0.5814138204924544 0.06673960612691467 0.11914217633042097
0 0.9562363238512035 0.6207307386814932 0.053610503282275714 0.09610802223987291