0 0.7773684210526316 0.28751974723538704 0.11894736842105263 0.1990521327014218
0 0.5273684210526316 0.21248025276461296 0.031578947368421054 0.052132701421800945
0 0.46157894736842103 0.2132701421800948 0.028421052631578948 0.05055292259083728
0 0.4378947368421053 0.24881516587677724 0.02736842105263158 0.04897314375987362
0 0.40421052631578946 0.2835703001579779 0.031578947368421054 0.04897314375987362
0 0.38526315789473686 0.3088467614533965 0.035789473684210524 0.07424960505529225
0 0.39421052631578946 0.21169036334913113 0.028421052631578948 0.044233807266982623
0 0.32105263157894737 0.34834123222748814 0.04421052631578947 0.08372827804107424
0 0.3142105263157895 0.2693522906793049 0.03684210526315789 0.061611374407582936
0 0.3121052631578947 0.20537124802527645 0.02631578947368421 0.053712480252764615
0 0.2694736842105263 0.2235387045813586 0.02736842105263158 0.04265402843601896
0 0.21842105263157896 0.2962085308056872 0.04105263157894737 0.07109004739336493
0 0.2363157894736842 0.3712480252764613 0.05368421052631579 0.09162717219589257
0 0.2168421052631579 0.2598736176935229 0.035789473684210524 0.052132701421800945
0 0.17684210526315788 0.292259083728278 0.037894736842105266 0.06003159557661927
0 0.15157894736842106 0.24960505529225907 0.02736842105263158 0.05055292259083728
0 0.11473684210526315 0.3420221169036335 0.05052631578947368 0.07109004739336493
0 0.13842105263157894 0.42812006319115326 0.06421052631578947 0.11690363349131122
0 0.07684210526315789 0.2559241706161137 0.037894736842105266 0.05055292259083728
0 0.019473684210526317 0.23222748815165878 0.03684210526315789 0.053712480252764615