0 0.10866666666666666 0.5097777777777778 0.04666666666666667 0.059555555555555556
0 0.12966666666666668 0.544 0.04733333333333333 0.064
0 0.15633333333333332 0.5853333333333334 0.059333333333333335 0.08444444444444445
0 0.205 0.6115555555555555 0.09266666666666666 0.13155555555555556
0 0.5063333333333333 0.8324444444444444 0.20466666666666666 0.2728888888888889
0 0.4726666666666667 0.648 0.09733333333333333 0.12622222222222224
0 0.504 0.5791111111111111 0.06 0.09333333333333334
0 0.515 0.5191111111111111 0.054 0.08533333333333333
0 0.35133333333333333 0.5973333333333334 0.058666666666666666 0.08711111111111111
0 0.38466666666666666 0.516 0.048 0.08266666666666667
0 0.27 0.5386666666666666 0.052 0.05688888888888889
0 0.6056666666666667 0.5302222222222223 0.05 0.07022222222222223
0 0.6476666666666666 0.6244444444444445 0.074 0.09866666666666667
0 0.696 0.5368888888888889 0.048 0.08
0 0.7376666666666667 0.5044444444444445 0.04066666666666666 0.050666666666666665
0 0.7933333333333333 0.5026666666666667 0.034666666666666665 0.05422222222222222
0 0.8113333333333334 0.6137777777777778 0.08266666666666667 0.10755555555555556
0 0.8136666666666666 0.5617777777777778 0.058 0.07111111111111111
0 0.857 0.5142222222222222 0.04733333333333333 0.07022222222222223
0 0.939 0.6368888888888888 0.07133333333333333 0.10577777777777778
0 0.958 0.7471111111111111 0.08266666666666667 0.21955555555555556