0 0.09440344403444034 0.7185185185185186 0.06211562115621156 0.08888888888888889
0 0.24477244772447723 0.6925925925925925 0.05166051660516605 0.06851851851851852
0 0.4784747847478475 0.6560185185185186 0.046740467404674045 0.06944444444444445
0 0.5126076260762608 0.6476851851851851 0.03997539975399754 0.06944444444444445
0 0.6832718327183271 0.6305555555555555 0.03444034440344403 0.04259259259259259
0 0.7432349323493235 0.6217592592592592 0.03013530135301353 0.05462962962962963
0 0.8293357933579336 0.6240740740740741 0.025215252152521524 0.04259259259259259
0 0.8779212792127922 0.6129629629629629 0.025215252152521524 0.040740740740740744
0 0.9830873308733087 0.5638888888888889 0.022755227552275523 0.03333333333333333
0 0.9535670356703567 0.5601851851851852 0.02029520295202952 0.02962962962962963
0 0.9148216482164822 0.5398148148148149 0.016605166051660517 0.03148148148148148
0 0.8542435424354243 0.5324074074074074 0.020910209102091022 0.03333333333333333
0 0.8115006150061501 0.49537037037037035 0.02152521525215252 0.040740740740740744
0 0.7521525215252153 0.575462962962963 0.023370233702337023 0.032407407407407406
0 0.714329643296433 0.5814814814814815 0.01783517835178352 0.03518518518518519
0 0.7469249692496925 0.5166666666666667 0.014145141451414513 0.025925925925925925
0 0.7444649446494465 0.4837962962962963 0.014145141451414513 0.023148148148148147
0 0.7247847478474785 0.5046296296296297 0.015375153751537515 0.027777777777777776
0 0.7164821648216482 0.4824074074074074 0.012300123001230012 0.018518518518518517
0 0.6949569495694957 0.5055555555555555 0.014760147601476014 0.022222222222222223
0 0.6780442804428044 0.48657407407407405 0.011685116851168511 0.019444444444444445
0 0.6500615006150061 0.48703703703703705 0.014760147601476014 0.024074074074074074
0 0.6177736777367774 0.512962962962963 0.016605166051660517 0.03333333333333333
0 0.5651906519065191 0.46064814814814814 0.01107011070110701 0.021296296296296296
0 0.5501230012300123 0.47685185185185186 0.015375153751537515 0.020370370370370372
0 0.42496924969249694 0.4083333333333333 0.012300123001230012 0.024074074074074074
0 0.023677736777367772 0.5365740740740741 0.033825338253382534 0.05648148148148148
0 0.03966789667896679 0.5009259259259259 0.032595325953259535 0.046296296296296294
0 0.014452644526445265 0.46620370370370373 0.01783517835178352 0.03425925925925926
0 0.07872078720787208 0.47962962962962963 0.02214022140221402 0.037037037037037035
0 0.10762607626076261 0.4597222222222222 0.02214022140221402 0.030555555555555555
0 0.12976629766297662 0.47962962962962963 0.02214022140221402 0.03888888888888889
0 0.13837638376383765 0.5388888888888889 0.02706027060270603 0.05185185185185185
0 0.15928659286592867 0.5050925925925925 0.020910209102091022 0.04537037037037037
0 0.21525215252152521 0.5083333333333333 0.023370233702337023 0.040740740740740744
0 0.241389913899139 0.5888888888888889 0.03874538745387454 0.05185185185185185
0 0.25953259532595324 0.5148148148148148 0.02706027060270603 0.03888888888888889
0 0.38683886838868387 0.5662037037037037 0.03567035670356704 0.05277777777777778
0 0.4833948339483395 0.5467592592592593 0.017220172201722016 0.03981481481481482
0 0.4849323493234932 0.5208333333333334 0.022755227552275523 0.030555555555555555
0 0.46156211562115623 0.5120370370370371 0.01783517835178352 0.03518518518518519
0 0.45141451414514144 0.49074074074074076 0.020910209102091022 0.022222222222222223
0 0.4301968019680197 0.475462962962963 0.02152521525215252 0.026851851851851852
0 0.37761377613776137 0.4671296296296296 0.013530135301353014 0.021296296296296296
0 0.3434809348093481 0.4740740740740741 0.02029520295202952 0.025925925925925925
0 0.3145756457564576 0.45555555555555555 0.015375153751537515 0.022222222222222223
0 0.2752152521525215 0.4546296296296296 0.012915129151291513 0.022222222222222223
0 0.26045510455104554 0.4532407407407407 0.00922509225092251 0.019444444444444445
0 0.48739237392373924 0.4777777777777778 0.012915129151291513 0.024074074074074074
0 0.4907749077490775 0.4634259259259259 0.015990159901599015 0.021296296296296296
0 0.5064575645756457 0.4736111111111111 0.00922509225092251 0.023148148148148147
0 0.5129151291512916 0.4842592592592593 0.014760147601476014 0.022222222222222223
0 0.5242927429274292 0.5222222222222223 0.015375153751537515 0.024074074074074074
0 0.5488929889298892 0.49675925925925923 0.016605166051660517 0.026851851851851852
0 0.5645756457564576 0.5416666666666666 0.020910209102091022 0.03888888888888889
0 0.6067035670356704 0.5388888888888889 0.01783517835178352 0.03518518518518519
0 0.5830258302583026 0.5837962962962963 0.02952029520295203 0.04351851851851852
0 0.6623616236162362 0.5643518518518519 0.024600246002460024 0.04537037037037037
0 0.6829643296432965 0.5796296296296296 0.02029520295202952 0.03518518518518519