0 0.04052734375 0.3561946902654867 0.0537109375 0.084070796460177
0 0.064453125 0.2853982300884956 0.048828125 0.07817109144542773
0 0.1484375 0.28982300884955753 0.044921875 0.06342182890855458
0 0.2021484375 0.24926253687315633 0.037109375 0.05309734513274336
0 0.13232421875 0.22566371681415928 0.0361328125 0.06489675516224189
0 0.0419921875 0.7610619469026548 0.080078125 0.16519174041297935
0 0.19580078125 0.4778761061946903 0.0712890625 0.11799410029498525
0 0.32373046875 0.35766961651917406 0.0478515625 0.07227138643067847
0 0.36572265625 0.4616519174041298 0.0712890625 0.12684365781710916
0 0.29052734375 0.724188790560472 0.1064453125 0.18289085545722714
0 0.41259765625 0.3547197640117994 0.0478515625 0.08112094395280237
0 0.36376953125 0.26327433628318586 0.0400390625 0.06637168141592921
0 0.3828125 0.23820058997050148 0.03125 0.051622418879056046
0 0.453125 0.26327433628318586 0.041015625 0.06637168141592921
0 0.4765625 0.22418879056047197 0.037109375 0.061946902654867256
0 0.62646484375 0.23820058997050148 0.0322265625 0.06342182890855458
0 0.63037109375 0.11430678466076696 0.0244140625 0.03982300884955752
0 0.64404296875 0.27876106194690264 0.0341796875 0.07079646017699115
0 0.669921875 0.3355457227138643 0.048828125 0.09292035398230089
0 0.70361328125 0.23525073746312683 0.0322265625 0.06047197640117994
0 0.73046875 0.27876106194690264 0.0390625 0.06784660766961652
0 0.787109375 0.34365781710914456 0.056640625 0.0943952802359882
0 0.712890625 0.471976401179941 0.068359375 0.11504424778761062
0 0.7529296875 0.6622418879056047 0.1015625 0.1887905604719764
0 0.87255859375 0.4446902654867257 0.0673828125 0.12831858407079647
0 0.97900390625 0.278023598820059 0.0400390625 0.05752212389380531
0 0.95751953125 0.22713864306784662 0.0380859375 0.058997050147492625
0 0.9033203125 0.23303834808259588 0.0390625 0.07079646017699115