0 0.402625 0.3241366366366366 0.02925 0.05442942942942943
0 0.634875 0.40897147147147145 0.02575 0.04692192192192192
0 0.681125 0.39245495495495497 0.02625 0.049174174174174176
0 0.693 0.33933933933933935 0.0305 0.0533033033033033
0 0.747875 0.3352102102102102 0.02775 0.0533033033033033
0 0.82975 0.32995495495495497 0.0335 0.0533033033033033
0 0.921375 0.44932432432432434 0.02925 0.0503003003003003
0 0.954 0.466966966966967 0.032 0.0503003003003003
0 0.916625 0.5953453453453453 0.05275 0.0915915915915916
0 0.84675 0.5446696696696697 0.0425 0.06981981981981981
0 0.7905 0.47484984984984985 0.037 0.05930930930930931
0 0.705875 0.4872372372372372 0.03125 0.05930930930930931
0 0.740125 0.5165165165165165 0.04725 0.08258258258258258
0 0.747125 0.581081081081081 0.05825 0.0990990990990991
0 0.83225 0.6672297297297297 0.077 0.10848348348348348
0 0.879375 0.8303303303303303 0.10225 0.1906906906906907
0 0.374875 0.8079954954954955 0.10825 0.1707957957957958
0 0.123875 0.7927927927927928 0.08825 0.16591591591591592
0 0.3245 0.6233108108108109 0.0645 0.10623123123123124
0 0.379375 0.5743243243243243 0.05225 0.08333333333333333
0 0.3995 0.5238363363363363 0.048 0.07995495495495496
0 0.437 0.493993993993994 0.045 0.06681681681681682
0 0.470375 0.46753003003003 0.03125 0.05292792792792793
0 0.469 0.6276276276276276 0.073 0.13363363363363365
0 0.520625 0.6030405405405406 0.05275 0.10097597597597598
0 0.524875 0.5247747747747747 0.04325 0.06981981981981981
0 0.5375 0.48423423423423423 0.0375 0.05105105105105105
0 0.536375 0.4519519519519519 0.02975 0.05105105105105105
0 0.31375 0.44819819819819817 0.0375 0.05630630630630631
0 0.27275 0.4602102102102102 0.039 0.05930930930930931
0 0.235625 0.5086336336336337 0.04375 0.06456456456456457
0 0.251625 0.44707207207207206 0.03275 0.05630630630630631
0 0.149875 0.5467342342342343 0.05125 0.07394894894894895
0 0.17975 0.4716591591591592 0.0405 0.05292792792792793
0 0.118625 0.49793543543543545 0.04725 0.0656906906906907
0 0.103 0.4408783783783784 0.037 0.052177177177177174
0 0.054125 0.5228978978978979 0.05275 0.08033033033033032
0 0.0325 0.5805180180180181 0.064 0.08971471471471472
0 0.0225 0.4722222222222222 0.0395 0.060810810810810814
0 0.048125 0.4388138138138138 0.03125 0.0503003003003003