0 0.7063636363636364 0.25967741935483873 0.06727272727272728 0.11290322580645161
0 0.6181818181818182 0.25 0.05818181818181818 0.13870967741935483
0 0.5390909090909091 0.29516129032258065 0.04909090909090909 0.11935483870967742
0 0.48545454545454547 0.3016129032258065 0.04363636363636364 0.08709677419354839
0 0.4636363636363636 0.3629032258064516 0.06181818181818182 0.12580645161290321
0 0.4018181818181818 0.33225806451612905 0.04727272727272727 0.11612903225806452
0 0.3390909090909091 0.27903225806451615 0.07818181818181819 0.14516129032258066
0 0.24181818181818182 0.27903225806451615 0.06545454545454546 0.13225806451612904
0 0.19454545454545455 0.29193548387096774 0.05090909090909091 0.11935483870967742
0 0.08636363636363636 0.3387096774193548 0.0890909090909091 0.15483870967741936
0 0.06727272727272728 0.25806451612903225 0.06909090909090909 0.11612903225806452