0 0.056 0.3564954682779456 0.048 0.06042296072507553
0 0.11 0.3972809667673716 0.024 0.03927492447129909
0 0.162 0.37462235649546827 0.028 0.04833836858006042
0 0.197 0.37009063444108764 0.042 0.0634441087613293
0 0.278 0.34894259818731116 0.052 0.08761329305135952
0 0.321 0.37009063444108764 0.034 0.06948640483383686
0 0.381 0.37462235649546827 0.026 0.04229607250755287
0 0.439 0.3731117824773414 0.03 0.0634441087613293
0 0.403 0.3867069486404834 0.018 0.03625377643504532
0 0.36 0.39123867069486407 0.02 0.03323262839879154
0 0.35 0.3987915407854985 0.016 0.02416918429003021
0 0.479 0.38368580060422963 0.026 0.04229607250755287
0 0.54 0.3564954682779456 0.052 0.09063444108761329
0 0.609 0.37009063444108764 0.046 0.0755287009063444
0 0.641 0.39123867069486407 0.03 0.05740181268882175
0 0.7 0.4003021148036254 0.04 0.0634441087613293
0 0.751 0.41842900302114805 0.026 0.03927492447129909
0 0.943 0.32628398791540786 0.034 0.04833836858006042