0 0.153125 0.36125 0.0475 0.06583333333333333
0 0.2146875 0.165 0.040625 0.056666666666666664
0 0.171875 0.5204166666666666 0.0775 0.10583333333333333
0 0.220625 0.4275 0.05375 0.08166666666666667
0 0.2353125 0.38708333333333333 0.059375 0.09083333333333334
0 0.36875 0.19791666666666666 0.0375 0.03916666666666667
0 0.3775 0.4716666666666667 0.07 0.11333333333333333
0 0.37125 0.41375 0.0575 0.08916666666666667
0 0.5009375 0.41833333333333333 0.065625 0.10166666666666667
0 0.5415625 0.21833333333333332 0.040625 0.058333333333333334
0 0.575625 0.4554166666666667 0.06125 0.12416666666666666
0 0.6475 0.40041666666666664 0.07125 0.09583333333333334
0 0.664375 0.5420833333333334 0.0925 0.1575
0 0.8334375 0.6175 0.126875 0.20666666666666667
0 0.754375 0.43875 0.0625 0.1075
0 0.8046875 0.39416666666666667 0.051875 0.07833333333333334
0 0.8140625 0.33791666666666664 0.034375 0.05583333333333333
0 0.87625 0.41791666666666666 0.05875 0.10416666666666667
0 0.906875 0.38416666666666666 0.055 0.07833333333333334
0 0.89875 0.3466666666666667 0.0475 0.06833333333333333
0 0.9809375 0.3825 0.036875 0.08333333333333333