0 0.28984375 0.0946969696969697 0.0609375 0.10858585858585859
0 0.44375 0.40404040404040403 0.05625 0.10101010101010101
0 0.4296875 0.3244949494949495 0.04375 0.07828282828282829
0 0.4640625 0.29545454545454547 0.034375 0.0707070707070707
0 0.48984375 0.26515151515151514 0.0265625 0.06060606060606061
0 0.52421875 0.255050505050505 0.0265625 0.05555555555555555
0 0.50625 0.22348484848484848 0.025 0.04292929292929293
0 0.5328125 0.21464646464646464 0.025 0.045454545454545456
0 0.54921875 0.3282828282828283 0.0328125 0.0707070707070707
0 0.60625 0.44065656565656564 0.0625 0.10858585858585859
0 0.59296875 0.32575757575757575 0.0453125 0.09090909090909091
0 0.58828125 0.26136363636363635 0.0265625 0.047979797979797977
0 0.56640625 0.22853535353535354 0.0234375 0.03787878787878788
0 0.59765625 0.21085858585858586 0.0265625 0.04292929292929293
0 0.71171875 0.23484848484848486 0.0203125 0.03535353535353535
0 0.73984375 0.24368686868686867 0.0203125 0.04292929292929293
0 0.78515625 0.2840909090909091 0.0265625 0.05303030303030303
0 0.809375 0.3143939393939394 0.040625 0.07323232323232323
0 0.77890625 0.22853535353535354 0.0171875 0.03787878787878788
0 0.84296875 0.25757575757575757 0.0296875 0.050505050505050504
0 0.89140625 0.32702020202020204 0.0359375 0.07828282828282829
0 0.9328125 0.36237373737373735 0.04375 0.08838383838383838
0 0.11171875 0.3345959595959596 0.0609375 0.09848484848484848
0 0.06953125 0.2803030303030303 0.0453125 0.08080808080808081
0 0.090625 0.2335858585858586 0.034375 0.05303030303030303
0 0.1109375 0.2159090909090909 0.03125 0.047979797979797977
0 0.16328125 0.2222222222222222 0.0265625 0.045454545454545456
0 0.18984375 0.2967171717171717 0.0390625 0.07828282828282829
0 0.23671875 0.23737373737373738 0.0328125 0.050505050505050504
0 0.2140625 0.22474747474747475 0.03125 0.045454545454545456