0 0.088671875 0.3943577430972389 0.03671875 0.061224489795918366
0 0.148828125 0.43517406962785116 0.04296875 0.08283313325330131
0 0.201953125 0.5186074429771909 0.04921875 0.08883553421368548
0 0.26171875 0.6224489795918368 0.05625 0.11404561824729892
0 0.296875 0.37635054021608644 0.0328125 0.0468187274909964
0 0.3640625 0.4171668667466987 0.0328125 0.061224489795918366
0 0.4390625 0.4615846338535414 0.0390625 0.08043217286914765
0 0.53984375 0.5438175270108043 0.0484375 0.10084033613445378
0 0.4765625 0.38235294117647056 0.025 0.05162064825930372
0 0.536328125 0.3835534213685474 0.02890625 0.05162064825930372
0 0.6484375 0.45018007202881155 0.0328125 0.057623049219687875
0 0.802734375 0.5054021608643458 0.04296875 0.08643457382953182
0 0.8484375 0.34213685474189676 0.0765625 0.12004801920768307