0 0.060833333333333336 0.3925 0.058333333333333334 0.105
0 0.09916666666666667 0.3425 0.045 0.095
0 0.018333333333333333 0.35875 0.03333333333333333 0.0925
0 0.05333333333333334 0.34 0.043333333333333335 0.08
0 0.15916666666666668 0.40875 0.04833333333333333 0.0775
0 0.18333333333333332 0.34375 0.04666666666666667 0.0975
0 0.235 0.42 0.06666666666666667 0.105
0 0.2325 0.35125 0.041666666666666664 0.0775
0 0.2941666666666667 0.38125 0.045 0.0825
0 0.3325 0.3875 0.04833333333333333 0.105
0 0.3725 0.355 0.04833333333333333 0.1
0 0.29083333333333333 0.33125 0.04833333333333333 0.0725
0 0.5258333333333334 0.3275 0.03833333333333333 0.07
0 0.5875 0.3525 0.03833333333333333 0.06
0 0.6433333333333333 0.345 0.04666666666666667 0.09
0 0.7366666666666667 0.35375 0.05 0.0875
0 0.815 0.35625 0.04666666666666667 0.0825
0 0.88 0.3525 0.04 0.075
0 0.935 0.36625 0.05 0.0875
0 0.7983333333333333 0.33 0.03666666666666667 0.06