0 0.16171875 0.5727650727650727 0.0890625 0.15176715176715178
0 0.2375 0.5363825363825364 0.05625 0.09563409563409564
0 0.28203125 0.43451143451143454 0.0671875 0.08731808731808732
0 0.4328125 0.5207900207900208 0.1 0.16424116424116425
0 0.58828125 0.8201663201663202 0.1109375 0.17255717255717257
0 0.78125 0.7162162162162162 0.078125 0.14345114345114346
0 0.871875 0.581081081081081 0.0625 0.12681912681912683
0 0.93515625 0.6434511434511434 0.0734375 0.10602910602910603
0 0.9546875 0.8388773388773388 0.0875 0.25571725571725573
0 0.05390625 0.6496881496881497 0.0671875 0.14760914760914762
0 0.290625 0.36694386694386694 0.05 0.09355509355509356
0 0.3375 0.31704781704781704 0.059375 0.0893970893970894
0 0.52578125 0.3523908523908524 0.0390625 0.07276507276507277
0 0.5828125 0.4085239085239085 0.05 0.07692307692307693
0 0.640625 0.46465696465696466 0.05 0.07692307692307693
0 0.61875 0.5291060291060291 0.0625 0.08108108108108109
0 0.20390625 0.20270270270270271 0.0421875 0.06860706860706861
0 0.2015625 0.341995841995842 0.053125 0.08108108108108109