0 0.02578125 0.23349056603773585 0.0484375 0.08962264150943396
0 0.09296875 0.2511792452830189 0.0640625 0.10141509433962265
0 0.23046875 0.41627358490566035 0.0453125 0.06839622641509434
0 0.27890625 0.42452830188679247 0.0515625 0.07547169811320754
0 0.23828125 0.375 0.0296875 0.04245283018867924
0 0.21484375 0.36910377358490565 0.0234375 0.04481132075471698
0 0.3234375 0.3490566037735849 0.03125 0.05188679245283019
0 0.38046875 0.3443396226415094 0.0359375 0.0660377358490566
0 0.35859375 0.4563679245283019 0.0578125 0.09198113207547169
0 0.40859375 0.5188679245283019 0.0703125 0.09905660377358491
0 0.43359375 0.39740566037735847 0.0484375 0.08254716981132075
0 0.43984375 0.33962264150943394 0.0265625 0.04716981132075472
0 0.425 0.3290094339622642 0.021875 0.04481132075471698
0 0.47734375 0.3761792452830189 0.0328125 0.054245283018867926
0 0.48515625 0.32075471698113206 0.0234375 0.04716981132075472
0 0.53359375 0.330188679245283 0.0234375 0.04245283018867924
0 0.5296875 0.38797169811320753 0.034375 0.06839622641509434
0 0.509375 0.43278301886792453 0.046875 0.08726415094339622
0 0.56640625 0.455188679245283 0.0609375 0.09905660377358491
0 0.621875 0.37735849056603776 0.040625 0.07547169811320754
0 0.56015625 0.35259433962264153 0.0265625 0.054245283018867926
0 0.60859375 0.3089622641509434 0.0234375 0.04716981132075472
0 0.64609375 0.3242924528301887 0.0265625 0.049528301886792456
0 0.7078125 0.3643867924528302 0.028125 0.054245283018867926
0 0.73984375 0.3938679245283019 0.0421875 0.07547169811320754
0 0.715625 0.3419811320754717 0.025 0.04245283018867924
0 0.709375 0.3113207547169811 0.025 0.03773584905660377
0 0.771875 0.31957547169811323 0.025 0.054245283018867926
0 0.784375 0.33962264150943394 0.028125 0.04716981132075472
0 0.78359375 0.39858490566037735 0.0546875 0.07547169811320754
0 0.7609375 0.6049528301886793 0.10625 0.1721698113207547
0 0.86640625 0.5754716981132075 0.0796875 0.10849056603773585
0 0.93125 0.7429245283018868 0.10625 0.22641509433962265
0 0.9671875 0.47523584905660377 0.053125 0.11556603773584906
0 0.9640625 0.3278301886792453 0.03125 0.05660377358490566
0 0.9046875 0.3313679245283019 0.034375 0.054245283018867926
0 0.8828125 0.3242924528301887 0.025 0.04481132075471698
0 0.83984375 0.32193396226415094 0.0265625 0.049528301886792456