0 0.43166666666666664 0.3488888888888889 0.03 0.04
0 0.385 0.4888888888888889 0.06333333333333334 0.11555555555555555
0 0.22 0.5066666666666667 0.07333333333333333 0.09777777777777778
0 0.165 0.41333333333333333 0.03 0.044444444444444446
0 0.10833333333333334 0.4177777777777778 0.03666666666666667 0.06222222222222222
0 0.07666666666666666 0.4222222222222222 0.04 0.05333333333333334
0 0.03166666666666667 0.4222222222222222 0.05 0.06222222222222222
0 0.035 0.5 0.06333333333333334 0.09333333333333334
0 0.5516666666666666 0.5 0.07 0.09333333333333334
0 0.725 0.49777777777777776 0.07 0.11555555555555555
0 0.91 0.4288888888888889 0.04666666666666667 0.06666666666666667
0 0.9633333333333334 0.4222222222222222 0.05333333333333334 0.08
0 0.8733333333333333 0.4066666666666667 0.03333333333333333 0.06666666666666667
0 0.8966666666666666 0.40444444444444444 0.03333333333333333 0.044444444444444446