0 0.08333333333333333 0.4625 0.11333333333333333 0.13
0 0.20083333333333334 0.4375 0.07166666666666667 0.11
0 0.21583333333333332 0.31875 0.06833333333333333 0.1175
0 0.2841666666666667 0.3425 0.055 0.085
0 0.30833333333333335 0.4375 0.07333333333333333 0.11
0 0.3566666666666667 0.48625 0.06 0.0925
0 0.41083333333333333 0.32375 0.07166666666666667 0.1175
0 0.5466666666666666 0.365 0.10666666666666667 0.195
0 0.4375 0.4125 0.065 0.1
0 0.6891666666666667 0.62125 0.09833333333333333 0.1825
0 0.7083333333333334 0.76875 0.09666666666666666 0.1775
0 0.8 0.505 0.1 0.17
0 0.7183333333333334 0.395 0.07 0.15
0 0.8316666666666667 0.31875 0.07333333333333333 0.1625
0 0.9575 0.61375 0.07833333333333334 0.1775
0 0.935 0.78125 0.12333333333333334 0.2075
0 0.7058333333333333 0.20375 0.035 0.0625
0 0.65 0.19375 0.03333333333333333 0.0625
0 0.5725 0.17625 0.035 0.0575