0 0.26979166666666665 0.5222222222222223 0.09166666666666666 0.1814814814814815
0 0.18958333333333333 0.4324074074074074 0.05416666666666667 0.12037037037037036
0 0.1375 0.3962962962962963 0.04375 0.09259259259259259
0 0.1421875 0.33425925925925926 0.042708333333333334 0.06851851851851852
0 0.10572916666666667 0.3194444444444444 0.03229166666666667 0.06111111111111111
0 0.18645833333333334 0.3148148148148148 0.03333333333333333 0.07037037037037037
0 0.22708333333333333 0.34074074074074073 0.03958333333333333 0.06666666666666667
0 0.22916666666666666 0.28425925925925927 0.027083333333333334 0.046296296296296294
0 0.2942708333333333 0.27037037037037037 0.026041666666666668 0.06296296296296296
0 0.30520833333333336 0.337037037037037 0.03958333333333333 0.06666666666666667
0 0.28125 0.3851851851851852 0.03958333333333333 0.1
0 0.3375 0.4 0.04791666666666667 0.1037037037037037
0 0.3770833333333333 0.35648148148148145 0.041666666666666664 0.08333333333333333
0 0.3453125 0.3101851851851852 0.028125 0.06111111111111111
0 0.4041666666666667 0.33055555555555555 0.027083333333333334 0.06851851851851852
0 0.43020833333333336 0.2898148148148148 0.020833333333333332 0.06111111111111111
0 0.45416666666666666 0.5055555555555555 0.07083333333333333 0.17037037037037037
0 0.48489583333333336 0.4101851851851852 0.06354166666666666 0.12037037037037036
0 0.4713541666666667 0.325 0.03854166666666667 0.06481481481481481
0 0.4796875 0.21944444444444444 0.036458333333333336 0.07592592592592592
0 0.5338541666666666 0.2953703703703704 0.019791666666666666 0.046296296296296294
0 0.55 0.31296296296296294 0.03333333333333333 0.06296296296296296
0 0.5838541666666667 0.3861111111111111 0.040625 0.09814814814814815
0 0.6244791666666667 0.4888888888888889 0.06354166666666666 0.14074074074074075
0 0.7697916666666667 0.47962962962962963 0.07708333333333334 0.13333333333333333
0 0.6526041666666667 0.35462962962962963 0.034375 0.08333333333333333
0 0.6166666666666667 0.325 0.03125 0.06111111111111111
0 0.5765625 0.28888888888888886 0.026041666666666668 0.06296296296296296
0 0.678125 0.31574074074074077 0.01875 0.046296296296296294
0 0.6609375 0.2935185185185185 0.017708333333333333 0.04259259259259259
0 0.7046875 0.3314814814814815 0.03229166666666667 0.08148148148148149
0 0.728125 0.3148148148148148 0.027083333333333334 0.05555555555555555
0 0.7223958333333333 0.28055555555555556 0.023958333333333335 0.03888888888888889
0 0.75625 0.29814814814814816 0.020833333333333332 0.05185185185185185
0 0.7776041666666667 0.3787037037037037 0.046875 0.09814814814814815
0 0.790625 0.3425925925925926 0.03333333333333333 0.06296296296296296
0 0.790625 0.2962962962962963 0.022916666666666665 0.05555555555555555
0 0.8473958333333333 0.3574074074074074 0.04895833333333333 0.07777777777777778
0 0.8510416666666667 0.3037037037037037 0.025 0.04814814814814815
0 0.9 0.30648148148148147 0.027083333333333334 0.05
0 0.9208333333333333 0.375 0.035416666666666666 0.09444444444444444
0 0.9572916666666667 0.36944444444444446 0.041666666666666664 0.08333333333333333
0 0.9765625 0.4351851851851852 0.04479166666666667 0.10740740740740741
0 0.9765625 0.3296296296296296 0.028125 0.08148148148148149