0 0.08266932270916334 0.42091152815013405 0.14940239043824702 0.19302949061662197
0 0.09561752988047809 0.2774798927613941 0.0796812749003984 0.10455764075067024
0 0.07669322709163347 0.1742627345844504 0.049800796812749 0.058981233243967826
0 0.16733067729083664 0.17292225201072386 0.0398406374501992 0.06702412868632708
0 0.2101593625498008 0.1675603217158177 0.05776892430278884 0.0777479892761394
0 0.3884462151394422 0.3324396782841823 0.09561752988047809 0.12332439678284182
0 0.3655378486055777 0.225201072386059 0.05776892430278884 0.08579088471849866
0 0.299800796812749 0.18498659517426275 0.04183266932270916 0.064343163538874
0 0.3207171314741036 0.14611260053619302 0.04780876494023904 0.06166219839142091
0 0.36852589641434264 0.09517426273458444 0.043824701195219126 0.07238605898123325
0 0.4442231075697211 0.20107238605898123 0.0398406374501992 0.07506702412868632
0 0.448207171314741 0.14611260053619302 0.03187250996015936 0.05093833780160858
0 0.4770916334661355 0.15951742627345844 0.025896414342629483 0.045576407506702415
0 0.4940239043824701 0.14209115281501342 0.02390438247011952 0.03753351206434316
0 0.5298804780876494 0.16085790884718498 0.027888446215139442 0.04825737265415549
0 0.5547808764940239 0.225201072386059 0.061752988047808766 0.08042895442359249
0 0.6294820717131474 0.225201072386059 0.05179282868525897 0.064343163538874
0 0.602589641434263 0.17560321715817695 0.03386454183266932 0.05630026809651475
0 0.5717131474103586 0.1554959785522788 0.02390438247011952 0.04825737265415549
0 0.6205179282868526 0.13672922252010725 0.029880478087649404 0.04289544235924933
0 0.651394422310757 0.1675603217158177 0.03187250996015936 0.045576407506702415
0 0.7131474103585658 0.1554959785522788 0.03187250996015936 0.04825737265415549
0 0.7569721115537849 0.19571045576407506 0.0398406374501992 0.064343163538874
0 0.7948207171314741 0.17158176943699732 0.035856573705179286 0.058981233243967826
0 0.7649402390438247 0.15683646112600536 0.027888446215139442 0.05093833780160858
0 0.7071713147410359 0.5723860589812333 0.21912350597609562 0.3190348525469169
0 0.7669322709163346 0.43029490616621985 0.12749003984063745 0.20107238605898123
0 0.8266932270916335 0.2949061662198391 0.08764940239043825 0.13404825737265416
0 0.9173306772908366 0.25335120643431636 0.07370517928286853 0.09919571045576407
0 0.9651394422310757 0.21179624664879357 0.053784860557768925 0.06970509383378017
0 0.9362549800796812 0.19302949061662197 0.043824701195219126 0.07506702412868632