0 0.2764423076923077 0.3922275641025641 0.030804843304843305 0.05635683760683761
0 0.3573717948717949 0.5134882478632479 0.025284900284900286 0.048344017094017096
0 0.3926282051282051 0.48985042735042733 0.025997150997150997 0.04433760683760684
0 0.42619301994301995 0.49599358974358976 0.023326210826210825 0.042200854700854704
0 0.38817663817663817 0.5618322649572649 0.04309116809116809 0.07077991452991453
0 0.4561965811965812 0.5678418803418803 0.04522792022792023 0.06677350427350427
0 0.4691951566951567 0.5319177350427351 0.03561253561253561 0.058493589743589744
0 0.5086360398860399 0.5227029914529915 0.03365384615384615 0.0625
0 0.5367699430199431 0.4954594017094017 0.02938034188034188 0.05555555555555555
0 0.5503917378917379 0.5206997863247863 0.0349002849002849 0.058493589743589744
0 0.5600071225071225 0.48157051282051283 0.019943019943019943 0.04006410256410257
0 0.6035434472934473 0.48824786324786323 0.023326210826210825 0.038995726495726496
0 0.604522792022792 0.5551549145299145 0.04309116809116809 0.07184829059829059
0 0.6267806267806267 0.5253739316239316 0.03418803418803419 0.06784188034188034
0 0.6511752136752137 0.5134882478632479 0.03632478632478633 0.05422008547008547
0 0.6391559829059829 0.4806356837606838 0.02475071225071225 0.03819444444444445
0 0.6921296296296297 0.5124198717948718 0.0349002849002849 0.058493589743589744
0 0.6847400284900285 0.48838141025641024 0.022613960113960115 0.04300213675213675
0 0.7657585470085471 0.359375 0.0478988603988604 0.07077991452991453
0 0.8154380341880342 0.5351228632478633 0.050035612535612534 0.08520299145299146
0 0.8713497150997151 0.5329861111111112 0.0478988603988604 0.06490384615384616
0 0.7442129629629629 0.5454059829059829 0.04042022792022792 0.06677350427350427