0 0.165625 0.5483870967741935 0.109375 0.15207373271889402
0 0.140625 0.41705069124423966 0.071875 0.10138248847926268
0 0.29609375 0.41589861751152074 0.0640625 0.10368663594470046
0 0.38828125 0.5276497695852534 0.0890625 0.14746543778801843
0 0.4734375 0.511520737327189 0.065625 0.11981566820276497
0 0.42109375 0.3951612903225806 0.0546875 0.08064516129032258
0 0.39921875 0.8709677419354839 0.2140625 0.2350230414746544
0 0.7 0.6578341013824884 0.1125 0.1774193548387097
0 0.58359375 0.434331797235023 0.0671875 0.0944700460829493
0 0.60859375 0.20622119815668202 0.0671875 0.08986175115207373
0 0.73671875 0.48963133640552997 0.0796875 0.12211981566820276
0 0.7671875 0.4619815668202765 0.059375 0.10829493087557604