0 0.10555555555555556 0.5777126099706745 0.08148148148148149 0.15835777126099707
0 0.05925925925925926 0.5249266862170088 0.04814814814814815 0.10557184750733138
0 0.06481481481481481 0.4442815249266862 0.037037037037037035 0.06744868035190615
0 0.16944444444444445 0.3885630498533724 0.024074074074074074 0.04398826979472141
0 0.19907407407407407 0.39002932551319647 0.027777777777777776 0.05865102639296188
0 0.24074074074074073 0.3944281524926686 0.03333333333333333 0.06744868035190615
0 0.27685185185185185 0.3680351906158358 0.024074074074074074 0.04398826979472141
0 0.31851851851851853 0.4340175953079179 0.044444444444444446 0.08797653958944282
0 0.33055555555555555 0.36950146627565983 0.027777777777777776 0.05865102639296188
0 0.3787037037037037 0.33284457478005863 0.024074074074074074 0.04398826979472141
0 0.39444444444444443 0.37683284457478006 0.03333333333333333 0.06744868035190615
0 0.43333333333333335 0.3387096774193548 0.022222222222222223 0.04398826979472141
0 0.4601851851851852 0.32697947214076245 0.020370370370370372 0.03812316715542522
0 0.4824074074074074 0.4941348973607038 0.07222222222222222 0.12023460410557185
0 0.5037037037037037 0.38563049853372433 0.037037037037037035 0.07331378299120235
0 0.5212962962962963 0.35043988269794724 0.03148148148148148 0.06158357771260997
0 0.6027777777777777 0.3416422287390029 0.024074074074074074 0.06158357771260997
0 0.6185185185185185 0.37683284457478006 0.03333333333333333 0.06744868035190615
0 0.6481481481481481 0.4413489736070381 0.04814814814814815 0.0967741935483871
0 0.6888888888888889 0.3621700879765396 0.025925925925925925 0.04985337243401759
0 0.7416666666666667 0.38563049853372433 0.046296296296296294 0.07331378299120235
0 0.7888888888888889 0.38563049853372433 0.02962962962962963 0.05571847507331378
0 0.7185185185185186 0.5835777126099707 0.08888888888888889 0.18181818181818182
0 0.8472222222222222 0.5029325513196481 0.06111111111111111 0.12023460410557185
0 0.8870370370370371 0.44281524926686217 0.037037037037037035 0.07624633431085044
0 0.9296296296296296 0.4090909090909091 0.02962962962962963 0.06158357771260997