0 0.20042438271604937 0.8178530092592593 0.08140432098765432 0.10734953703703703
0 0.35030864197530864 0.5936053240740741 0.061342592592592594 0.11371527777777778
0 0.3826195987654321 0.8917824074074074 0.07928240740740741 0.12905092592592593
0 0.40750385802469136 0.7909432870370371 0.06809413580246913 0.10561342592592593
0 0.6048418209876543 0.8968460648148148 0.09085648148148148 0.15596064814814814
0 0.6306905864197531 0.8538773148148148 0.08622685185185185 0.14467592592592593
0 0.5945216049382716 0.7826967592592593 0.06481481481481481 0.0931712962962963
0 0.7385223765432098 0.80078125 0.05922067901234568 0.11487268518518519
0 0.7935956790123457 0.8307291666666666 0.06481481481481481 0.13541666666666666
0 0.8401813271604939 0.8958333333333334 0.06539351851851852 0.17881944444444445
0 0.9190779320987654 0.8747106481481481 0.1267361111111111 0.2065972222222222