0 0.029668411867364748 0.5705521472392638 0.055846422338568937 0.12883435582822086
0 0.029668411867364748 0.46932515337423314 0.05235602094240838 0.11042944785276074
0 0.1256544502617801 0.5598159509202454 0.11867364746945899 0.2361963190184049
0 0.21029668411867364 0.4539877300613497 0.04712041884816754 0.09202453987730061
0 0.17888307155322863 0.4294478527607362 0.02617801047120419 0.06134969325153374
0 0.25392670157068065 0.4294478527607362 0.03664921465968586 0.0736196319018405
0 0.2879581151832461 0.5245398773006135 0.059336823734729496 0.1165644171779141
0 0.3054101221640489 0.4570552147239264 0.038394415357766144 0.08588957055214724
0 0.3263525305410122 0.45245398773006135 0.027923211169284468 0.06441717791411043
0 0.3717277486910995 0.43098159509202455 0.020942408376963352 0.046012269938650305
0 0.3865619546247818 0.4171779141104294 0.02268760907504363 0.04294478527607362
0 0.41273996509598604 0.4647239263803681 0.03315881326352531 0.07668711656441718
0 0.4677137870855148 0.593558282208589 0.11867364746945899 0.20552147239263804
0 0.44589877835951136 0.4171779141104294 0.02617801047120419 0.049079754601226995
0 0.4694589877835951 0.4110429447852761 0.020942408376963352 0.04294478527607362
0 0.4851657940663176 0.4171779141104294 0.027923211169284468 0.049079754601226995
0 0.47643979057591623 0.3803680981595092 0.020942408376963352 0.049079754601226995
0 0.5287958115183246 0.401840490797546 0.017452006980802792 0.03680981595092025
0 0.5410122164048866 0.41411042944785276 0.02443280977312391 0.03680981595092025
0 0.5584642233856894 0.4263803680981595 0.027923211169284468 0.06134969325153374
0 0.5532286212914486 0.49079754601226994 0.041884816753926704 0.09202453987730061
0 0.6055846422338569 0.4432515337423313 0.034904013961605584 0.07668711656441718
0 0.6640488656195462 0.4187116564417178 0.02268760907504363 0.05214723926380368
0 0.712914485165794 0.44631901840490795 0.03664921465968586 0.06441717791411043
0 0.6910994764397905 0.5429447852760736 0.08376963350785341 0.15337423312883436
0 0.8027923211169284 0.4110429447852761 0.027923211169284468 0.06134969325153374
0 0.8272251308900523 0.504601226993865 0.06631762652705062 0.12576687116564417
0 0.9118673647469459 0.42024539877300615 0.04013961605584642 0.09202453987730061
0 0.9668411867364747 0.40644171779141103 0.031413612565445025 0.06441717791411043
0 0.9764397905759162 0.48466257668711654 0.04363001745200698 0.12883435582822086