0 0.15770725388601037 0.6439688715953308 0.22797927461139897 0.3142023346303502
0 0.037402849740932644 0.4085603112840467 0.06897668393782383 0.11867704280155641
0 0.07189119170984457 0.33925097276264593 0.08290155440414508 0.10457198443579767
0 0.04015544041450777 0.26629377431906615 0.06217616580310881 0.0928988326848249
0 0.1407059585492228 0.3642996108949416 0.059261658031088085 0.11284046692607004
0 0.19041450777202074 0.2910992217898833 0.05764248704663212 0.08706225680933852
0 0.1949481865284974 0.5141050583657587 0.16062176165803108 0.19941634241245138
0 0.22441709844559585 0.43287937743190663 0.11917098445595854 0.1575875486381323
0 0.3022992227979275 0.39202334630350194 0.07933937823834197 0.14980544747081712
0 0.34520725388601037 0.3227140077821012 0.06411917098445596 0.10846303501945526
0 0.4692357512953368 0.33754863813229574 0.07512953367875648 0.11575875486381323
0 0.4880181347150259 0.28891050583657585 0.046632124352331605 0.08268482490272373
0 0.6327720207253886 0.3446011673151751 0.06476683937823834 0.13764591439688717
0 0.6669365284974094 0.3523832684824903 0.07221502590673576 0.1220817120622568
0 0.752428756476684 0.4071011673151751 0.11237046632124352 0.19844357976653695
0 0.8701424870466321 0.3869163424124514 0.13989637305699482 0.21643968871595332