0 0.2475 0.27884615384615385 0.15166666666666667 0.38186813186813184
0 0.44083333333333335 0.4271978021978022 0.04833333333333333 0.10164835164835165
0 0.5208333333333334 0.4381868131868132 0.045 0.08516483516483517
0 0.4975 0.36126373626373626 0.035 0.07967032967032966
0 0.575 0.36813186813186816 0.04 0.07142857142857142
0 0.5558333333333333 0.30494505494505497 0.03833333333333333 0.06043956043956044
0 0.615 0.4491758241758242 0.04666666666666667 0.08516483516483517
0 0.6183333333333333 0.33516483516483514 0.03666666666666667 0.06593406593406594
0 0.65 0.29532967032967034 0.03333333333333333 0.0521978021978022
0 0.6483333333333333 0.37225274725274726 0.03333333333333333 0.06318681318681318
0 0.7133333333333334 0.4532967032967033 0.04666666666666667 0.08241758241758242
0 0.735 0.3873626373626374 0.03666666666666667 0.07142857142857142
0 0.6975 0.3282967032967033 0.03166666666666667 0.06318681318681318
0 0.7291666666666666 0.3021978021978022 0.025 0.06593406593406594
0 0.775 0.32554945054945056 0.03666666666666667 0.06868131868131869
0 0.8258333333333333 0.45604395604395603 0.055 0.0989010989010989
0 0.8366666666666667 0.38461538461538464 0.043333333333333335 0.08241758241758242
0 0.8483333333333334 0.3241758241758242 0.03 0.054945054945054944
0 0.9333333333333333 0.30631868131868134 0.03 0.0521978021978022
0 0.9391666666666667 0.3791208791208791 0.03833333333333333 0.07142857142857142
0 0.9475 0.33653846153846156 0.025 0.0521978021978022
0 0.9433333333333334 0.4697802197802198 0.05 0.0989010989010989