0 0.5410447761194029 0.5815109343936382 0.10895522388059702 0.12922465208747516
0 0.7671641791044777 0.5069582504970179 0.1044776119402985 0.147117296222664
0 0.8828358208955224 0.4115308151093439 0.07014925373134329 0.10337972166998012
0 0.9574626865671642 0.2852882703777336 0.03731343283582089 0.06560636182902585
0 0.7373134328358208 0.29025844930417494 0.04776119402985075 0.0636182902584493
0 0.6671641791044776 0.38071570576540753 0.07462686567164178 0.08548707753479125
0 0.6335820895522388 0.2982107355864811 0.04328358208955224 0.055666003976143144
0 0.5805970149253732 0.27435387673956263 0.03582089552238806 0.04771371769383698
0 0.5455223880597015 0.2932405566600398 0.034328358208955224 0.04572564612326044
0 0.5440298507462686 0.3508946322067594 0.06119402985074627 0.08548707753479125
0 0.47761194029850745 0.3836978131212724 0.0626865671641791 0.06759443339960239
0 0.42761194029850746 0.3499005964214712 0.04626865671641791 0.05964214711729622
0 0.4373134328358209 0.2962226640159046 0.03582089552238806 0.05168986083499006
0 0.505223880597015 0.279324055666004 0.03134328358208955 0.04970178926441352
0 0.4626865671641791 0.5009940357852882 0.08059701492537313 0.1073558648111332
0 0.25970149253731345 0.5715705765407555 0.10149253731343283 0.12922465208747516
0 0.2208955223880597 0.5099403578528827 0.0626865671641791 0.09343936381709742
0 0.1455223880597015 0.5377733598409543 0.07611940298507462 0.08946322067594434
0 0.13208955223880597 0.45029821073558646 0.06119402985074627 0.0775347912524851
0 0.16492537313432837 0.4194831013916501 0.04626865671641791 0.055666003976143144
0 0.20522388059701493 0.3667992047713718 0.049253731343283584 0.05765407554671968
0 0.3037313432835821 0.4085487077534791 0.058208955223880594 0.061630218687872766
0 0.29701492537313434 0.35685884691848907 0.041791044776119404 0.061630218687872766
0 0.11716417910447761 0.3757455268389662 0.04029850746268657 0.05168986083499006