0 0.11618031358885017 0.6267997382198953 0.09908536585365854 0.20778795811518325
0 0.16702961672473868 0.5719895287958116 0.06881533101045297 0.14463350785340315
0 0.04344512195121951 0.49901832460732987 0.06598432055749129 0.11714659685863875
0 0.1287020905923345 0.3175719895287958 0.0666376306620209 0.11289267015706807
0 0.09821428571428571 0.29842931937172773 0.04790940766550523 0.08115183246073299
0 0.2640461672473868 0.37450916230366493 0.053353658536585365 0.09391361256544503
0 0.2379137630662021 0.33540575916230364 0.04072299651567944 0.06871727748691099
0 0.3233885017421603 0.42097513089005234 0.06402439024390244 0.12336387434554974
0 0.3436411149825784 0.7553992146596858 0.13980836236933797 0.2418193717277487
0 0.45535714285714285 0.5412303664921466 0.09059233449477352 0.14856020942408377
0 0.3866506968641115 0.3712369109947644 0.05553135888501742 0.09587696335078534
0 0.3229529616724739 0.30481020942408377 0.05618466898954704 0.0899869109947644
0 0.4234538327526132 0.32591623036649214 0.04769163763066202 0.0831151832460733
0 0.49444686411149824 0.4255562827225131 0.05901567944250871 0.10765706806282722
0 0.46243466898954705 0.3946335078534031 0.04856271777003484 0.08965968586387435
0 0.5354965156794426 0.31642670157068065 0.04137630662020906 0.07722513089005235
0 0.5944033101045296 0.3655104712041885 0.049869337979094076 0.09489528795811518
0 0.6162891986062717 0.3417866492146597 0.03571428571428571 0.08147905759162304
0 0.6506968641114983 0.5459751308900523 0.09625435540069686 0.17964659685863874
0 0.6724738675958188 0.47529450261780104 0.05966898954703833 0.10569371727748691
0 0.6929442508710801 0.4039594240837696 0.052700348432055746 0.09195026178010471
0 0.73573606271777 0.35929319371727747 0.05117595818815331 0.0844240837696335
0 0.7412891986062717 0.2943390052356021 0.05139372822299652 0.08540575916230367
0 0.7041594076655052 0.262434554973822 0.04420731707317073 0.08965968586387435
0 0.8122822299651568 0.3216623036649215 0.047038327526132406 0.07918848167539266
0 0.8276350174216028 0.3728730366492147 0.049869337979094076 0.09260471204188482
0 0.8442944250871081 0.45304319371727747 0.06184668989547038 0.10569371727748691
0 0.8709712543554007 0.6451243455497382 0.13044425087108014 0.20713350785340315
0 0.8024825783972126 0.5143979057591623 0.09494773519163763 0.15837696335078533
0 0.8389590592334495 0.2694698952879581 0.04159407665505226 0.08213350785340315
0 0.9091898954703833 0.3254253926701571 0.042682926829268296 0.09718586387434555
0 0.9323824041811847 0.2879581151832461 0.045513937282229966 0.08769633507853403