0 0.22747252747252747 0.7216666666666667 0.12087912087912088 0.21
0 0.5989010989010989 0.47833333333333333 0.08131868131868132 0.16333333333333333
0 0.7725274725274726 0.77 0.14285714285714285 0.22666666666666666
0 0.9648351648351648 0.4716666666666667 0.06593406593406594 0.15666666666666668
0 0.8241758241758241 0.405 0.07912087912087912 0.11666666666666667
0 0.9230769230769231 0.315 0.05274725274725275 0.11
0 0.8505494505494505 0.26166666666666666 0.05714285714285714 0.09
0 0.7406593406593407 0.295 0.06153846153846154 0.09666666666666666
0 0.7065934065934066 0.26666666666666666 0.041758241758241756 0.09333333333333334
0 0.7186813186813187 0.21666666666666667 0.04835164835164835 0.06666666666666667
0 0.7098901098901099 0.175 0.035164835164835165 0.06333333333333334
0 0.676923076923077 0.18166666666666667 0.03076923076923077 0.043333333333333335
0 0.7670329670329671 0.14166666666666666 0.03076923076923077 0.05
0 0.6054945054945055 0.20166666666666666 0.03296703296703297 0.056666666666666664
0 0.5527472527472528 0.30666666666666664 0.054945054945054944 0.08666666666666667
0 0.4714285714285714 0.275 0.054945054945054944 0.07666666666666666
0 0.46813186813186813 0.21 0.035164835164835165 0.05333333333333334
0 0.3142857142857143 0.25 0.04835164835164835 0.08666666666666667
0 0.27362637362637365 0.385 0.08571428571428572 0.10333333333333333
0 0.11538461538461539 0.265 0.054945054945054944 0.07666666666666666
0 0.07692307692307693 0.22333333333333333 0.04835164835164835 0.07333333333333333
0 0.035164835164835165 0.18 0.035164835164835165 0.06
0 0.24615384615384617 0.19333333333333333 0.035164835164835165 0.06
0 0.2010989010989011 0.145 0.02857142857142857 0.043333333333333335
0 0.24725274725274726 0.12333333333333334 0.02857142857142857 0.04
0 0.34945054945054943 0.17166666666666666 0.03956043956043956 0.06333333333333334