0 0.107421875 0.4750733137829912 0.0859375 0.11730205278592376
0 0.2099609375 0.5175953079178885 0.103515625 0.15542521994134897
0 0.138671875 0.3680351906158358 0.0703125 0.0967741935483871
0 0.22265625 0.3563049853372434 0.04296875 0.07331378299120235
0 0.2568359375 0.3812316715542522 0.052734375 0.08797653958944282
0 0.322265625 0.3343108504398827 0.04296875 0.07624633431085044
0 0.4189453125 0.42961876832844575 0.056640625 0.10850439882697947
0 0.4140625 0.3563049853372434 0.03125 0.05571847507331378
0 0.4580078125 0.3563049853372434 0.041015625 0.07331378299120235
0 0.52734375 0.4002932551319648 0.05078125 0.0967741935483871
0 0.50390625 0.3460410557184751 0.03125 0.06451612903225806
0 0.55859375 0.3225806451612903 0.03515625 0.07038123167155426
0 0.560546875 0.21700879765395895 0.03125 0.05865102639296188
0 0.6357421875 0.3592375366568915 0.044921875 0.07331378299120235
0 0.6708984375 0.43548387096774194 0.048828125 0.09090909090909091
0 0.7001953125 0.6041055718475073 0.099609375 0.14076246334310852
0 0.8740234375 0.22140762463343108 0.060546875 0.11436950146627566