0 0.014204545454545454 0.3278186274509804 0.02719155844155844 0.08333333333333333
0 0.045353084415584416 0.36856617647058826 0.060267857142857144 0.09068627450980392
0 0.1296672077922078 0.3463541666666667 0.045454545454545456 0.08241421568627451
0 0.1643668831168831 0.2539828431372549 0.040584415584415584 0.05821078431372549
0 0.2265625 0.3226102941176471 0.048904220779220776 0.07904411764705882
0 0.270900974025974 0.3446691176470588 0.03571428571428571 0.05821078431372549
0 0.26288555194805197 0.41237745098039214 0.05174512987012987 0.07475490196078431
0 0.31605113636363635 0.44776348039215685 0.048904220779220776 0.06525735294117647
0 0.346286525974026 0.4261642156862745 0.03916396103896104 0.07291666666666667
0 0.32974837662337664 0.3786764705882353 0.03165584415584415 0.04963235294117647
0 0.31473214285714285 0.3489583333333333 0.030844155844155844 0.05575980392156863
0 0.2919034090909091 0.32245710784313725 0.03145292207792208 0.05177696078431373
0 0.40645292207792205 0.4128370098039216 0.053165584415584416 0.06341911764705882
0 0.4094967532467532 0.35753676470588236 0.03855519480519481 0.05392156862745098
0 0.4102069805194805 0.3241421568627451 0.030235389610389612 0.04411764705882353
0 0.47493912337662336 0.3638174019607843 0.03226461038961039 0.06464460784313726
0 0.4570819805194805 0.3258272058823529 0.030235389610389612 0.06219362745098039
0 0.48579545454545453 0.46200980392156865 0.052353896103896104 0.09620098039215687
0 0.5543831168831169 0.4568014705882353 0.04261363636363636 0.08149509803921569
0 0.5848214285714286 0.4287683823529412 0.03206168831168831 0.057291666666666664
0 0.5357142857142857 0.3561580882352941 0.028003246753246752 0.060355392156862746
0 0.5488027597402597 0.30514705882352944 0.028612012987012988 0.061274509803921566
0 0.5841112012987013 0.34941789215686275 0.03632305194805195 0.06341911764705882
0 0.6369724025974026 0.3489583333333333 0.032873376623376624 0.06004901960784314
0 0.6607142857142857 0.34528186274509803 0.025974025974025976 0.05269607843137255
0 0.6288555194805194 0.45205269607843135 0.04626623376623377 0.06954656862745098
0 0.7023133116883117 0.4378063725490196 0.0349025974025974 0.05821078431372549
0 0.7037337662337663 0.35799632352941174 0.030844155844155844 0.06525735294117647
0 0.7640016233766234 0.3174019607843137 0.037743506493506496 0.06862745098039216
0 0.9805194805194806 0.41329656862745096 0.03855519480519481 0.08946078431372549
0 0.773640422077922 0.5767463235294118 0.09517045454545454 0.13511029411764705