0 0.05541666666666667 0.483125 0.1075 0.15875
0 0.059583333333333335 0.3625 0.049166666666666664 0.08
0 0.09083333333333334 0.32125 0.021666666666666667 0.0425
0 0.16333333333333333 0.320625 0.03166666666666667 0.03875
0 0.19458333333333333 0.351875 0.029166666666666667 0.04625
0 0.22125 0.44 0.0575 0.1125
0 0.2475 0.360625 0.03166666666666667 0.06625
0 0.22666666666666666 0.3725 0.043333333333333335 0.0675
0 0.33791666666666664 0.331875 0.029166666666666667 0.04875
0 0.2554166666666667 0.3225 0.0225 0.035
0 0.36916666666666664 0.354375 0.03833333333333333 0.06375
0 0.42 0.340625 0.035 0.06375
0 0.4295833333333333 0.420625 0.050833333333333335 0.08625
0 0.485 0.46875 0.11666666666666667 0.14
0 0.4716666666666667 0.3725 0.041666666666666664 0.065
0 0.52625 0.34875 0.0325 0.055
0 0.585 0.36375 0.04 0.07
0 0.6245833333333334 0.330625 0.029166666666666667 0.06125
0 0.9158333333333334 0.110625 0.1 0.19625