0 0.8427065026362038 0.37109375 0.03690685413005272 0.0796875
0 0.624780316344464 0.4796875 0.028119507908611598 0.053125
0 0.6357644991212654 0.45546875 0.023725834797891036 0.0484375
0 0.5720562390158173 0.475 0.028119507908611598 0.059375
0 0.5448154657293497 0.490625 0.03163444639718805 0.0625
0 0.5043936731107206 0.4984375 0.033391915641476276 0.06875
0 0.5180140597539543 0.4640625 0.021968365553602813 0.046875
0 0.4964850615114236 0.45234375 0.015817223198594025 0.0421875
0 0.46836555360281196 0.4578125 0.0210896309314587 0.046875
0 0.4468365553602812 0.49765625 0.03602811950790861 0.0671875
0 0.4248681898066784 0.48046875 0.023725834797891036 0.0515625
0 0.3989455184534271 0.52109375 0.040421792618629174 0.0765625
0 0.3444639718804921 0.51796875 0.043936731107205626 0.0921875
0 0.27768014059753954 0.51640625 0.054481546572934976 0.0984375
0 0.30184534270650265 0.4625 0.025483304042179262 0.05625
0 0.2508787346221441 0.4796875 0.027240773286467488 0.05625
0 0.22934973637961337 0.4578125 0.0210896309314587 0.059375
0 0.24165202108963094 0.43671875 0.0210896309314587 0.0390625
0 0.2179261862917399 0.4234375 0.01757469244288225 0.040625
0 0.19551845342706503 0.4109375 0.020210896309314587 0.05
0 0.20123022847100175 0.49296875 0.033391915641476276 0.0609375
0 0.15817223198594024 0.4703125 0.026362038664323375 0.05
0 0.12917398945518455 0.50546875 0.04745166959578207 0.0921875
0 0.05184534270650264 0.5296875 0.05272407732864675 0.103125
0 0.09270650263620386 0.48828125 0.025483304042179262 0.0640625
0 0.10984182776801406 0.45 0.0210896309314587 0.040625
0 0.12390158172231985 0.41640625 0.01757469244288225 0.0359375
0 0.15114235500878734 0.4046875 0.015817223198594025 0.028125
0 0.1726713532513181 0.37421875 0.016695957820738138 0.0328125
0 0.14147627416520211 0.38046875 0.014059753954305799 0.0265625
0 0.13532513181019332 0.36171875 0.014059753954305799 0.0234375
0 0.10808435852372583 0.3859375 0.015817223198594025 0.028125
0 0.10896309314586995 0.359375 0.014059753954305799 0.028125
0 0.07337434094903339 0.45078125 0.02899824253075571 0.0453125
0 0.029876977152899824 0.465625 0.03866432337434095 0.053125
0 0.018892794376098417 0.40859375 0.020210896309314587 0.0390625
0 0.00922671353251318 0.44296875 0.016695957820738138 0.0609375
0 0.011423550087873463 0.3765625 0.019332161687170474 0.05
0 0.03471001757469244 0.36953125 0.01845342706502636 0.0390625
0 0.04701230228471002 0.39140625 0.01845342706502636 0.0390625
0 0.058875219683655534 0.41328125 0.026362038664323375 0.0421875
0 0.06898066783831283 0.3640625 0.021968365553602813 0.053125