0 0.08541666666666667 0.7108768035516093 0.14583333333333334 0.22752497225305215
0 0.06916666666666667 0.5016648168701443 0.055 0.06437291897891231
0 0.0675 0.4594894561598224 0.04 0.05327413984461709
0 0.125 0.45338512763596006 0.04 0.03662597114317425
0 0.19166666666666668 0.4716981132075472 0.04 0.05771365149833518
0 0.24958333333333332 0.4572697003329634 0.0375 0.05549389567147614
0 0.2975 0.5937846836847946 0.08166666666666667 0.0932297447280799
0 0.325 0.5155382907880133 0.05333333333333334 0.08102108768035517
0 0.30333333333333334 0.47058823529411764 0.03 0.04439511653718091
0 0.41 0.48501664816870144 0.041666666666666664 0.048834628190899
0 0.44625 0.4772475027746948 0.0325 0.033296337402885685
0 0.445 0.4594894561598224 0.025 0.03107658157602664
0 0.5891666666666666 0.4522752497225305 0.023333333333333334 0.038845726970033294
0 0.62375 0.4811320754716981 0.03916666666666667 0.06104328523862375
0 0.59875 0.4794672586015538 0.029166666666666667 0.03773584905660377
0 0.6591666666666667 0.5138734739178691 0.051666666666666666 0.0732519422863485
0 0.7041666666666667 0.58157602663707 0.06333333333333334 0.08435072142064373
0 0.9254166666666667 0.672031076581576 0.1475 0.21198668146503885
0 0.9025 0.5421753607103219 0.055 0.07436182019977802
0 0.9558333333333333 0.4728079911209767 0.041666666666666664 0.05549389567147614
0 0.8370833333333333 0.4794672586015538 0.049166666666666664 0.07103218645948946
0 0.7866666666666666 0.4755826859045505 0.03833333333333333 0.058823529411764705
0 0.74625 0.46337402885682577 0.024166666666666666 0.041065482796892344