0 0.13212719298245615 0.7717470760233918 0.06469298245614036 0.07419590643274854
0 0.26288377192982454 0.8490497076023392 0.08826754385964912 0.13304093567251463
0 0.30879934210526316 0.7370248538011696 0.061677631578947366 0.08735380116959064
0 0.22628837719298245 0.7231359649122807 0.0381030701754386 0.06396198830409357
0 0.5141173245614035 0.8238304093567251 0.08525219298245613 0.12280701754385964
0 0.5407072368421053 0.7673611111111112 0.06387061403508772 0.07931286549707603
0 0.5045230263157895 0.6977339181286549 0.05400219298245614 0.059941520467836254
0 0.48026315789473684 0.6608187134502924 0.03289473684210526 0.0489766081871345
0 0.37815241228070173 0.6054459064327485 0.04632675438596491 0.05007309941520468
0 0.33675986842105265 0.6573464912280702 0.0381030701754386 0.04568713450292398
0 0.2890625 0.6379751461988304 0.04029605263157895 0.05592105263157895
0 0.24150219298245615 0.6723318713450293 0.039473684210526314 0.04568713450292398
0 0.6698190789473685 0.7816154970760234 0.08141447368421052 0.10343567251461988
0 0.7700109649122807 0.8044590643274854 0.08388157894736842 0.12280701754385964
0 0.7538377192982456 0.7227704678362573 0.0668859649122807 0.089546783625731
0 0.6241776315789473 0.6800073099415205 0.054276315789473686 0.07492690058479533
0 0.5842927631578947 0.633406432748538 0.03042763157894737 0.03874269005847953
0 0.9550438596491229 0.6770833333333334 0.05043859649122807 0.06907894736842106