0 0.6202 0.3544417767106843 0.0292 0.0546218487394958
0 0.6438 0.570828331332533 0.0516 0.08763505402160865
0 0.6646 0.6263505402160864 0.0644 0.10384153661464586
0 0.7166 0.5582232893157263 0.0388 0.06722689075630252
0 0.7608 0.5921368547418968 0.0496 0.08103241296518607
0 0.7998 0.7845138055222088 0.0948 0.1452581032412965
0 0.8308 0.6419567827130852 0.0584 0.09303721488595439
0 0.8142 0.5477190876350541 0.042 0.0702280912364946
0 0.3336 0.5579231692677071 0.0408 0.0666266506602641
0 0.304 0.5987394957983193 0.0432 0.08823529411764706
0 0.2774 0.6191476590636255 0.0524 0.1014405762304922
0 0.1986 0.5624249699879952 0.0524 0.08403361344537816
0 0.2466 0.5414165666266506 0.0476 0.08643457382953182
0 0.1064 0.6371548619447779 0.0664 0.09663865546218488
0 0.0452 0.5858343337334934 0.064 0.0744297719087635
0 0.1312 0.5363145258103241 0.044 0.07623049219687875
0 0.9092 0.5903361344537815 0.0512 0.0858343337334934
0 0.9126 0.5354141656662665 0.0412 0.06722689075630252
0 0.9664 0.7409963985594238 0.0664 0.12785114045618248
0 0.9784 0.6461584633853541 0.0424 0.07503001200480192
0 0.982 0.5735294117647058 0.0352 0.08103241296518607