0 0.10833333333333334 0.3179551122194514 0.15 0.1172069825436409
0 0.10166666666666667 0.2231920199501247 0.08333333333333333 0.057356608478802994
0 0.33 0.24688279301745636 0.07333333333333333 0.05486284289276808
0 0.285 0.2194513715710723 0.056666666666666664 0.04987531172069826
0 0.24833333333333332 0.2082294264339152 0.043333333333333335 0.032418952618453865
0 0.41333333333333333 0.27805486284289277 0.09333333333333334 0.09226932668329177
0 0.595 0.32917705735660846 0.19 0.16957605985037408
0 0.48 0.22693266832917705 0.07333333333333333 0.06483790523690773
0 0.41333333333333333 0.22443890274314215 0.05333333333333334 0.034912718204488775
0 0.5866666666666667 0.22069825436408977 0.05333333333333334 0.03740648379052369
0 0.6716666666666666 0.26184538653366585 0.07666666666666666 0.06483790523690773
0 0.7616666666666667 0.24812967581047382 0.07 0.057356608478802994
0 0.8566666666666667 0.23815461346633415 0.06 0.04738154613466334
0 0.8883333333333333 0.3192019950124688 0.11666666666666667 0.10473815461346633
0 0.9716666666666667 0.2817955112219451 0.05 0.07481296758104738
0 0.7433333333333333 0.1571072319201995 0.06 0.05486284289276808