0 0.6479873717442778 0.3566912539515279 0.03157063930544594 0.051633298208640675
0 0.021704814522494082 0.7639620653319283 0.03867403314917127 0.0779768177028451
0 0.0734017363851618 0.7713382507903056 0.056827150749802685 0.08640674394099052
0 0.12470402525651145 0.7197049525816649 0.0489344909234412 0.06533192834562697
0 0.17719021310181532 0.7397260273972602 0.049723756906077346 0.06954689146469968
0 0.2265193370165746 0.7571127502634352 0.055248618784530384 0.0684931506849315
0 0.14443567482241515 0.8240252897787145 0.050513022888713496 0.09272918861959958
0 0.1866614048934491 0.8177028451001054 0.0749802683504341 0.09905163329820864
0 0.22888713496448304 0.850895679662803 0.08524072612470403 0.1232876712328767
0 0.2900552486187845 0.791886195995785 0.062352012628255724 0.10010537407797682
0 0.22730860299921074 0.702845100105374 0.055248618784530384 0.0821917808219178
0 0.3709550118389897 0.7871443624868283 0.07576953433307025 0.12434141201264488
0 0.39226519337016574 0.6970495258166491 0.056827150749802685 0.08324552160168598
0 0.46093133385951063 0.6685985247629084 0.04104183109707971 0.07692307692307693
0 0.4538279400157853 0.8356164383561644 0.08050513022888714 0.11591148577449947
0 0.5138121546961326 0.8087460484720759 0.06471981057616416 0.10221285563751317
0 0.5019731649565904 0.7265542676501581 0.05367008681925809 0.07692307692307693
0 0.5883977900552486 0.6944151738672286 0.041831097079715863 0.06743940990516333
0 0.6827150749802684 0.7813487881981033 0.07103393843725335 0.09378292939936776
0 0.7099447513812155 0.7249736564805058 0.0734017363851618 0.101159114857745
0 0.7379636937647988 0.678609062170706 0.03946329913180742 0.06111696522655427
0 0.7651933701657458 0.6485774499473129 0.05445935280189424 0.07481559536354057
0 0.7466456195737964 0.9214963119072708 0.11681136543014996 0.15279241306638566
0 0.8551696921862668 0.9293993677555321 0.1286503551696922 0.13909378292939936
0 0.5678768745067088 0.9425711275026344 0.13496448303078137 0.10853530031612224
0 0.43488555643251775 0.9499473129610115 0.12312549329123915 0.0916754478398314
0 0.8895027624309392 0.7850368809272918 0.08681925808997633 0.11801896733403583
0 0.8445146014206788 0.5737618545837724 0.04577742699289661 0.06217070600632244