0 0.07058823529411765 0.46238938053097345 0.07647058823529412 0.11061946902654868
0 0.03529411764705882 0.37942477876106195 0.05588235294117647 0.07743362831858407
0 0.1889705882352941 0.3860619469026549 0.04852941176470588 0.07300884955752213
0 0.2933823529411765 0.4391592920353982 0.04852941176470588 0.07743362831858407
0 0.36911764705882355 0.4657079646017699 0.07352941176470588 0.1084070796460177
0 0.2735294117647059 0.3860619469026549 0.029411764705882353 0.05088495575221239
0 0.2933823529411765 0.4004424778761062 0.030882352941176472 0.03982300884955752
0 0.3191176470588235 0.375 0.026470588235294117 0.046460176991150445
0 0.39705882352941174 0.38827433628318586 0.029411764705882353 0.05530973451327434
0 0.3977941176470588 0.3561946902654867 0.030882352941176472 0.048672566371681415
0 0.4551470588235294 0.40486725663716816 0.039705882352941174 0.06637168141592921
0 0.5639705882352941 0.4435840707964602 0.04852941176470588 0.09955752212389381
0 0.5529411764705883 0.372787610619469 0.04411764705882353 0.07743362831858407
0 0.513235294117647 0.3971238938053097 0.03823529411764706 0.06415929203539823
0 0.4875 0.37389380530973454 0.03676470588235294 0.05309734513274336
0 0.5669117647058823 0.2665929203539823 0.025 0.05088495575221239
0 0.6176470588235294 0.4081858407079646 0.058823529411764705 0.09955752212389381
0 0.6625 0.37057522123893805 0.030882352941176472 0.06415929203539823
0 0.7441176470588236 0.3938053097345133 0.047058823529411764 0.07964601769911504
0 0.8058823529411765 0.27654867256637167 0.03529411764705882 0.05752212389380531
0 0.8904411764705882 0.32079646017699115 0.051470588235294115 0.08849557522123894