0 0.029468201754385966 0.4634046052631579 0.029331140350877194 0.049342105263157895
0 0.052768640350877194 0.4708059210526316 0.030975877192982455 0.04111842105263158
0 0.09141995614035088 0.49691611842105265 0.0424890350877193 0.05633223684210526
0 0.11924342105263158 0.5078125 0.049890350877192985 0.07401315789473684
0 0.15145285087719298 0.44305098684210525 0.030975877192982455 0.0390625
0 0.17365679824561403 0.4623766447368421 0.028782894736842105 0.04317434210526316
0 0.18503289473684212 0.552014802631579 0.049890350877192985 0.07195723684210527
0 0.2923519736842105 0.48910361842105265 0.0424890350877193 0.055509868421052634
0 0.3442982456140351 0.5030838815789473 0.043859649122807015 0.05879934210526316
0 0.4159813596491228 0.5256990131578947 0.05016447368421053 0.06702302631578948
0 0.5736019736842105 0.5606496710526315 0.04194078947368421 0.05879934210526316
0 0.5317982456140351 0.4449013157894737 0.02412280701754386 0.03700657894736842
0 0.5948464912280702 0.4634046052631579 0.02412280701754386 0.04523026315789474
0 0.7069627192982456 0.4198190789473684 0.027412280701754384 0.044407894736842105
0 0.9542214912280702 0.5918996710526315 0.08223684210526316 0.13363486842105263