0 0.0618860510805501 0.3559852670349908 0.04223968565815324 0.07476979742173112
0 0.10842337917485265 0.3406998158379374 0.03855599214145383 0.07587476979742173
0 0.13998035363457761 0.35046040515653776 0.054027504911591355 0.07476979742173112
0 0.19965618860510806 0.36685082872928176 0.06385068762278978 0.09060773480662983
0 0.27836444007858546 0.4289134438305709 0.06802554027504912 0.09686924493554327
0 0.3099214145383104 0.48066298342541436 0.06385068762278978 0.10313075506445672
0 0.4393418467583497 0.43333333333333335 0.07023575638506876 0.1138121546961326
0 0.4986493123772102 0.4731123388581952 0.06802554027504912 0.1263351749539595
0 0.643541257367387 0.5184162062615101 0.07441060903732809 0.15359116022099448
0 0.7768909626719057 0.7195211786372008 0.10535363457760315 0.1705340699815838
0 0.9017681728880157 0.5195211786372007 0.08153241650294696 0.12412523020257826
0 0.8585461689587426 0.45469613259668507 0.06385068762278978 0.0998158379373849
0 0.8199901768172888 0.40957642725598525 0.05108055009823183 0.1001841620626151
0 0.6548379174852652 0.3731123388581952 0.06458742632612967 0.09060773480662983
0 0.5516944990176817 0.36316758747697975 0.053290766208251475 0.09134438305709024
0 0.4618123772102161 0.35119705340699814 0.046414538310412576 0.06961325966850829
0 0.4168713163064833 0.34585635359116024 0.054764243614931235 0.08176795580110498
0 0.3456532416502947 0.29429097605893184 0.05279960707269155 0.0861878453038674
0 0.2842583497053045 0.2721915285451197 0.04494106090373281 0.07587476979742173
0 0.23207269155206287 0.27697974217311233 0.04567779960707269 0.06629834254143646
0 0.49263261296660116 0.14806629834254142 0.04911591355599214 0.0861878453038674
0 0.4993860510805501 0.23333333333333334 0.028732809430255402 0.06961325966850829
0 0.5884086444007859 0.2421731123388582 0.04273084479371316 0.06813996316758748
0 0.6049852652259332 0.2265193370165746 0.026768172888015716 0.06408839779005525
0 0.7049361493123772 0.1285451197053407 0.035609037328094305 0.07661141804788213
0 0.7017436149312377 0.28121546961325966 0.047888015717092336 0.07697974217311233
0 0.7585952848722987 0.2795580110497238 0.043713163064833006 0.08176795580110498
0 0.7476669941060904 0.23314917127071824 0.037082514734774065 0.056721915285451195
0 0.8122544204322201 0.23848987108655617 0.04150294695481336 0.0718232044198895
0 0.8659135559921415 0.2721915285451197 0.04223968565815324 0.08839779005524862