0 0.2579166666666667 0.5084033613445378 0.11916666666666667 0.15726290516206481
0 0.27875 0.4369747899159664 0.08583333333333333 0.12004801920768307
0 0.10916666666666666 0.3787515006002401 0.02666666666666667 0.04441776710684274
0 0.35333333333333333 0.4699879951980792 0.056666666666666664 0.10444177671068428
0 0.43333333333333335 0.5582232893157263 0.095 0.15126050420168066
0 0.4675 0.4699879951980792 0.06833333333333333 0.12605042016806722
0 0.4995833333333333 0.4897959183673469 0.03916666666666667 0.11044417767106843
0 0.5329166666666667 0.4897959183673469 0.0425 0.08643457382953182
0 0.5829166666666666 0.5060024009603842 0.049166666666666664 0.09003601440576231
0 0.7870833333333334 0.25690276110444177 0.11416666666666667 0.16806722689075632
0 0.5525 0.3751500600240096 0.02 0.03241296518607443
0 0.5991666666666666 0.39135654261704683 0.023333333333333334 0.03841536614645858
0 0.4504166666666667 0.3745498199279712 0.020833333333333332 0.03841536614645858
0 0.4691666666666667 0.38835534213685474 0.016666666666666666 0.022809123649459785
0 0.4891666666666667 0.38835534213685474 0.018333333333333333 0.030012004801920768
0 0.5116666666666667 0.3985594237695078 0.02 0.028811524609843937
0 0.41041666666666665 0.43937575030012005 0.0475 0.07923169267707082
0 0.3754166666666667 0.3745498199279712 0.020833333333333332 0.031212484993997598