0 0.14705882352941177 0.3599137931034483 0.07058823529411765 0.125
0 0.24558823529411763 0.4396551724137931 0.06764705882352941 0.1206896551724138
0 0.32941176470588235 0.5538793103448276 0.07058823529411765 0.125
0 0.4161764705882353 0.4482758620689655 0.05588235294117647 0.09482758620689655
0 0.38088235294117645 0.3297413793103448 0.05588235294117647 0.10775862068965517
0 0.48823529411764705 0.7349137931034483 0.08235294117647059 0.14224137931034483
0 0.5397058823529411 0.5452586206896551 0.07352941176470588 0.125
0 0.5352941176470588 0.3857758620689655 0.052941176470588235 0.10775862068965517
0 0.5764705882352941 0.3125 0.058823529411764705 0.11637931034482758
0 0.6205882352941177 0.5323275862068966 0.07058823529411765 0.10775862068965517
0 0.6529411764705882 0.6206896551724138 0.058823529411764705 0.11206896551724138
0 0.6323529411764706 0.9288793103448276 0.1 0.1336206896551724
0 0.725 0.7995689655172413 0.09117647058823529 0.15086206896551724
0 0.8294117647058824 0.8491379310344828 0.08235294117647059 0.14655172413793102
0 0.763235294117647 0.6056034482758621 0.06764705882352941 0.125
0 0.7191176470588235 0.5064655172413793 0.061764705882352944 0.125
0 0.6823529411764706 0.40948275862068967 0.052941176470588235 0.10344827586206896
0 0.7602941176470588 0.3297413793103448 0.05 0.09913793103448276