0 0.823 0.4212218649517685 0.206 0.33440514469453375
0 0.756 0.22347266881028938 0.096 0.13183279742765272
0 0.636 0.2909967845659164 0.124 0.2090032154340836
0 0.561 0.31189710610932475 0.066 0.15434083601286175
0 0.342 0.34887459807073956 0.068 0.13183279742765272
0 0.358 0.2282958199356913 0.06 0.10289389067524116
0 0.418 0.2170418006430868 0.04 0.08038585209003216
0 0.469 0.2717041800643087 0.066 0.13183279742765272
0 0.547 0.21221864951768488 0.05 0.10289389067524116
0 0.505 0.20257234726688103 0.046 0.07717041800643087
0 0.607 0.1189710610932476 0.03 0.04501607717041801
0 0.589 0.08360128617363344 0.026 0.04501607717041801
0 0.293 0.08520900321543408 0.026 0.04180064308681672
0 0.281 0.028938906752411574 0.026 0.03858520900321544
0 0.323 0.02090032154340836 0.018 0.03536977491961415
0 0.336 0.06591639871382636 0.02 0.05466237942122187
0 0.36 0.10932475884244373 0.024 0.05144694533762058
0 0.299 0.2170418006430868 0.034 0.07395498392282958
0 0.319 0.13344051446945338 0.03 0.04180064308681672
0 0.414 0.11093247588424437 0.028 0.04823151125401929
0 0.447 0.09163987138263666 0.022 0.04180064308681672
0 0.486 0.10932475884244373 0.024 0.04501607717041801
0 0.556 0.05144694533762058 0.024 0.03858520900321544
0 0.526 0.03054662379421222 0.02 0.04823151125401929
0 0.489 0.04501607717041801 0.022 0.03858520900321544
0 0.501 0.02090032154340836 0.018 0.028938906752411574
0 0.455 0.03376205787781351 0.022 0.04180064308681672
0 0.415 0.06591639871382636 0.018 0.04180064308681672
0 0.406 0.05305466237942122 0.016 0.03536977491961415
0 0.378 0.01929260450160772 0.02 0.03215434083601286
0 0.358 0.04983922829581994 0.016 0.03536977491961415
0 0.408 0.1607717041800643 0.036 0.05787781350482315
0 0.464 0.14308681672025725 0.024 0.04823151125401929
0 0.51 0.1527331189710611 0.028 0.04823151125401929
0 0.519 0.12540192926045016 0.034 0.04501607717041801