0 0.602294921875 0.3815104166666667 0.07763671875 0.10286458333333333
0 0.342529296875 0.6315104166666666 0.10009765625 0.140625
0 0.147216796875 0.5673828125 0.08642578125 0.12174479166666667
0 0.22412109375 0.5426432291666666 0.0751953125 0.09700520833333333
0 0.227294921875 0.4739583333333333 0.04052734375 0.06510416666666667
0 0.27294921875 0.4606119791666667 0.03125 0.052734375
0 0.30078125 0.4957682291666667 0.044921875 0.08138020833333333
0 0.325927734375 0.4837239583333333 0.03564453125 0.0625
0 0.364501953125 0.4710286458333333 0.03173828125 0.057942708333333336
0 0.189208984375 0.4593098958333333 0.03076171875 0.061848958333333336
0 0.162353515625 0.5016276041666666 0.04736328125 0.06705729166666667
0 0.12939453125 0.478515625 0.0361328125 0.061197916666666664
0 0.092529296875 0.4658203125 0.03759765625 0.051432291666666664
0 0.06396484375 0.525390625 0.0615234375 0.08984375
0 0.032470703125 0.4938151041666667 0.05126953125 0.07356770833333333