0 0.0314429012345679 0.4878472222222222 0.061342592592592594 0.11574074074074074
0 0.08371913580246913 0.4866898148148148 0.05555555555555555 0.11805555555555555
0 0.16358024691358025 0.4748263888888889 0.05709876543209876 0.10011574074074074
0 0.2035108024691358 0.46875 0.04205246913580247 0.06828703703703703
0 0.19386574074074073 0.43344907407407407 0.03356481481481482 0.056712962962962965
0 0.2347608024691358 0.4447337962962963 0.04822530864197531 0.08159722222222222
0 0.2652391975308642 0.47800925925925924 0.03279320987654321 0.0775462962962963
0 0.11130401234567901 0.7201967592592593 0.15625 0.22511574074074073
0 0.21161265432098766 0.6177662037037037 0.09915123456790123 0.17997685185185186
0 0.30150462962962965 0.6481481481481481 0.13155864197530864 0.2326388888888889
0 0.42573302469135804 0.6270254629629629 0.08680555555555555 0.14641203703703703
0 0.46122685185185186 0.5894097222222222 0.058256172839506175 0.11053240740740741
0 0.42939814814814814 0.5480324074074074 0.06944444444444445 0.08796296296296297
0 0.4347993827160494 0.4869791666666667 0.05632716049382716 0.0943287037037037
0 0.4712577160493827 0.5251736111111112 0.0466820987654321 0.08159722222222222
0 0.4677854938271605 0.45601851851851855 0.04436728395061729 0.0775462962962963
0 0.4994212962962963 0.4664351851851852 0.03973765432098766 0.07291666666666667
0 0.5231481481481481 0.45341435185185186 0.03780864197530864 0.07465277777777778
0 0.5493827160493827 0.4600694444444444 0.05169753086419753 0.0775462962962963
0 0.5011574074074074 0.2621527777777778 0.036265432098765434 0.0763888888888889
0 0.8707561728395061 0.4117476851851852 0.040123456790123455 0.06076388888888889
0 0.9004629629629629 0.6001157407407407 0.10030864197530864 0.19212962962962962
0 0.902391975308642 0.44936342592592593 0.040123456790123455 0.061921296296296294
0 0.9124228395061729 0.4861111111111111 0.04861111111111111 0.08564814814814815