0 0.16421052631578947 0.6924157303370787 0.21052631578947367 0.29775280898876405
0 0.16578947368421051 0.5014044943820225 0.05789473684210526 0.08426966292134831
0 0.15894736842105264 0.4592696629213483 0.05052631578947368 0.05898876404494382
0 0.07684210526315789 0.4669943820224719 0.042105263157894736 0.05758426966292135
0 0.03263157894736842 0.4515449438202247 0.03368421052631579 0.04915730337078652
0 0.1031578947368421 0.37640449438202245 0.035789473684210524 0.047752808988764044
0 0.15736842105263157 0.4276685393258427 0.03684210526315789 0.04073033707865169
0 0.22842105263157894 0.4396067415730337 0.037894736842105266 0.0449438202247191
0 0.28842105263157897 0.43258426966292135 0.02736842105263158 0.03932584269662921
0 0.3389473684210526 0.45997191011235955 0.035789473684210524 0.05758426966292135
0 0.36736842105263157 0.4705056179775281 0.04631578947368421 0.07303370786516854
0 0.43 0.4978932584269663 0.06210526315789474 0.09410112359550561
0 0.4226315789473684 0.3728932584269663 0.0431578947368421 0.06320224719101124
0 0.31526315789473686 0.41853932584269665 0.02631578947368421 0.03089887640449438
0 0.3310526315789474 0.4332865168539326 0.022105263157894735 0.032303370786516857
0 0.5110526315789473 0.46348314606741575 0.03894736842105263 0.0702247191011236
0 0.5210526315789473 0.43047752808988765 0.02526315789473684 0.04915730337078652
0 0.5578947368421052 0.42485955056179775 0.03368421052631579 0.046348314606741575
0 0.5852631578947368 0.37780898876404495 0.021052631578947368 0.03932584269662921
0 0.6031578947368421 0.42907303370786515 0.02736842105263158 0.046348314606741575
0 0.6368421052631579 0.4571629213483146 0.042105263157894736 0.06882022471910113
0 0.671578947368421 0.43609550561797755 0.037894736842105266 0.06601123595505617
0 0.7089473684210527 0.4199438202247191 0.024210526315789474 0.042134831460674156
0 0.7673684210526316 0.3609550561797753 0.021052631578947368 0.033707865168539325
0 0.5136842105263157 0.6348314606741573 0.1431578947368421 0.22752808988764045
0 0.6378947368421053 0.550561797752809 0.08 0.14325842696629212
0 0.8168421052631579 0.5702247191011236 0.1031578947368421 0.14887640449438203
0 0.8631578947368421 0.5049157303370787 0.06526315789473684 0.10814606741573034
0 0.78 0.4396067415730337 0.04842105263157895 0.07303370786516854
0 0.8405263157894737 0.44662921348314605 0.03894736842105263 0.05056179775280899
0 0.9031578947368422 0.42064606741573035 0.037894736842105266 0.054775280898876406
0 0.9642105263157895 0.4627808988764045 0.04631578947368421 0.07724719101123595
0 0.9394736842105263 0.3806179775280899 0.03263157894736842 0.0449438202247191