0 0.225 0.44074074074074077 0.05625 0.09259259259259259
0 0.2296875 0.3861111111111111 0.03229166666666667 0.06481481481481481
0 0.25677083333333334 0.36944444444444446 0.026041666666666668 0.06111111111111111
0 0.16875 0.3990740740740741 0.03958333333333333 0.07592592592592592
0 0.1765625 0.375 0.03229166666666667 0.06481481481481481
0 0.1484375 0.3527777777777778 0.028125 0.04259259259259259
0 0.10677083333333333 0.39537037037037037 0.04895833333333333 0.07222222222222222
0 0.11979166666666667 0.3398148148148148 0.03125 0.05
0 0.0734375 0.3435185185185185 0.028125 0.05
0 0.0484375 0.36574074074074076 0.034375 0.06111111111111111
0 0.04635416666666667 0.31203703703703706 0.026041666666666668 0.046296296296296294
0 0.0203125 0.31666666666666665 0.026041666666666668 0.04814814814814815
0 0.0953125 0.3074074074074074 0.023958333333333335 0.040740740740740744
0 0.07708333333333334 0.3138888888888889 0.025 0.04259259259259259
0 0.1828125 0.3351851851851852 0.028125 0.05555555555555555
0 0.19583333333333333 0.33796296296296297 0.020833333333333332 0.04259259259259259
0 0.215625 0.33611111111111114 0.020833333333333332 0.03518518518518519
0 0.23697916666666666 0.3398148148148148 0.021875 0.03518518518518519
0 0.28072916666666664 0.33240740740740743 0.017708333333333333 0.04259259259259259
0 0.31197916666666664 0.36574074074074076 0.028125 0.053703703703703705
0 0.3296875 0.40370370370370373 0.03229166666666667 0.07037037037037037
0 0.3411458333333333 0.3611111111111111 0.021875 0.05925925925925926
0 0.3802083333333333 0.4388888888888889 0.04583333333333333 0.0962962962962963
0 0.3958333333333333 0.38055555555555554 0.029166666666666667 0.06851851851851852
0 0.42916666666666664 0.42685185185185187 0.0375 0.08333333333333333
0 0.48072916666666665 0.42592592592592593 0.03854166666666667 0.07037037037037037
0 0.4703125 0.3851851851851852 0.030208333333333334 0.06666666666666667
0 0.4984375 0.375 0.021875 0.04259259259259259
0 0.48541666666666666 0.3453703703703704 0.020833333333333332 0.04259259259259259
0 0.42604166666666665 0.36203703703703705 0.020833333333333332 0.046296296296296294
0 0.378125 0.36574074074074076 0.025 0.046296296296296294
0 0.37083333333333335 0.34444444444444444 0.016666666666666666 0.02962962962962963
0 0.3609375 0.3351851851851852 0.015625 0.03333333333333333
0 0.5697916666666667 0.43703703703703706 0.035416666666666666 0.07037037037037037
0 0.5661458333333333 0.37592592592592594 0.028125 0.05185185185185185
0 0.6182291666666667 0.3888888888888889 0.019791666666666666 0.04814814814814815
0 0.65 0.41388888888888886 0.027083333333333334 0.053703703703703705
0 0.6848958333333334 0.40370370370370373 0.026041666666666668 0.05925925925925926
0 0.6885416666666667 0.32685185185185184 0.01875 0.046296296296296294
0 0.9026041666666667 0.26944444444444443 0.06770833333333333 0.11296296296296296