0 0.0575 0.6547619047619048 0.07833333333333334 0.2222222222222222
0 0.11583333333333333 0.5158730158730159 0.03833333333333333 0.1111111111111111
0 0.03666666666666667 0.46825396825396826 0.04 0.10317460317460317
0 0.07416666666666667 0.4861111111111111 0.03166666666666667 0.08333333333333333
0 0.3491666666666667 0.45436507936507936 0.03833333333333333 0.09126984126984126
0 0.36833333333333335 0.4722222222222222 0.03 0.10317460317460317
0 0.3883333333333333 0.5 0.03333333333333333 0.07936507936507936
0 0.42333333333333334 0.5198412698412699 0.04666666666666667 0.11904761904761904
0 0.4658333333333333 0.5456349206349206 0.055 0.12301587301587301
0 0.4558333333333333 0.4503968253968254 0.03166666666666667 0.07539682539682539
0 0.53 0.27976190476190477 0.03 0.08333333333333333
0 0.5083333333333333 0.49007936507936506 0.03333333333333333 0.09126984126984126
0 0.5733333333333334 0.5615079365079365 0.056666666666666664 0.14682539682539683
0 0.5275 0.5972222222222222 0.045 0.13095238095238096
0 0.6083333333333333 0.5396825396825397 0.043333333333333335 0.10317460317460317
0 0.555 0.4781746031746032 0.02666666666666667 0.08333333333333333
0 0.6075 0.4801587301587302 0.035 0.06349206349206349
0 0.6241666666666666 0.4523809523809524 0.025 0.07936507936507936
0 0.6966666666666667 0.5654761904761905 0.056666666666666664 0.15476190476190477
0 0.6558333333333334 0.5099206349206349 0.028333333333333332 0.0992063492063492
0 0.7366666666666667 0.5416666666666666 0.043333333333333335 0.1388888888888889
0 0.7791666666666667 0.5396825396825397 0.041666666666666664 0.11904761904761904
0 0.7866666666666666 0.7440476190476191 0.12 0.24206349206349206
0 0.7575 0.6825396825396826 0.07166666666666667 0.18253968253968253
0 0.845 0.6031746031746031 0.05333333333333334 0.15873015873015872
0 0.8516666666666667 0.45634920634920634 0.03666666666666667 0.10317460317460317
0 0.9233333333333333 0.4880952380952381 0.03333333333333333 0.0873015873015873
0 0.905 0.503968253968254 0.02666666666666667 0.0873015873015873
0 0.9691666666666666 0.6309523809523809 0.055 0.1349206349206349
0 0.9558333333333333 0.5257936507936508 0.04833333333333333 0.11507936507936507