0 0.375 0.2042042042042042 0.062 0.12012012012012012
0 0.176 0.5645645645645646 0.108 0.15015015015015015
0 0.225 0.7192192192192193 0.138 0.24324324324324326
0 0.319 0.536036036036036 0.066 0.0990990990990991
0 0.396 0.551051051051051 0.072 0.14114114114114115
0 0.485 0.5945945945945946 0.11 0.18618618618618618
0 0.612 0.6981981981981982 0.144 0.23723723723723725
0 0.684 0.5015015015015015 0.068 0.12012012012012012
0 0.819 0.22372372372372373 0.094 0.15315315315315314
0 0.908 0.8123123123123123 0.18 0.33933933933933935
0 0.976 0.5420420420420421 0.044 0.11711711711711711