0 0.1804733727810651 0.29928952042628776 0.3467455621301775 0.5808170515097691
0 0.37041420118343193 0.27353463587921845 0.03076923076923077 0.0497335701598579
0 0.4325443786982249 0.3605683836589698 0.03195266272189349 0.04262877442273535
0 0.41775147928994083 0.3321492007104796 0.028402366863905324 0.03907637655417407
0 0.5088757396449705 0.2975133214920071 0.023668639053254437 0.037300177619893425
0 0.5497041420118344 0.3108348134991119 0.015384615384615385 0.03197158081705151
0 0.5662721893491124 0.25754884547069273 0.02485207100591716 0.03197158081705151
0 0.6313609467455621 0.29484902309058614 0.010650887573964497 0.02486678507992895
0 0.6544378698224852 0.29396092362344584 0.014201183431952662 0.02664298401420959
0 0.7284023668639054 0.25843694493783304 0.020118343195266272 0.03374777975133215
0 0.7136094674556213 0.23978685612788633 0.01893491124260355 0.04262877442273535
0 0.778698224852071 0.2468916518650089 0.021301775147928994 0.03907637655417407
0 0.829585798816568 0.27175843694493784 0.01893491124260355 0.03907637655417407
0 0.9396449704142011 0.3960923623445826 0.04497041420118343 0.07104795737122557
0 0.9502958579881656 0.3632326820603908 0.033136094674556214 0.05150976909413854
0 0.9349112426035503 0.30550621669627 0.021301775147928994 0.035523978685612786
0 0.919526627218935 0.28152753108348133 0.016568047337278107 0.02664298401420959
0 0.8686390532544379 0.2912966252220249 0.021301775147928994 0.02486678507992895
0 0.893491124260355 0.28152753108348133 0.011834319526627219 0.02664298401420959
0 0.9656804733727811 0.2841918294849023 0.016568047337278107 0.03907637655417407
0 0.6804733727810651 0.2895204262877442 0.011834319526627219 0.021314387211367674