0 0.16723549488054607 0.5522727272727272 0.12286689419795221 0.16818181818181818
0 0.11774744027303755 0.4068181818181818 0.07167235494880546 0.11363636363636363
0 0.07508532423208192 0.3931818181818182 0.06143344709897611 0.09545454545454546
0 0.042662116040955635 0.36363636363636365 0.04436860068259386 0.07272727272727272
0 0.09385665529010238 0.3431818181818182 0.04436860068259386 0.05
0 0.35494880546075086 0.32272727272727275 0.04778156996587031 0.08181818181818182
0 0.40955631399317405 0.375 0.06143344709897611 0.08636363636363636
0 0.39761092150170646 0.325 0.04436860068259386 0.06818181818181818
0 0.45563139931740615 0.3431818181818182 0.04436860068259386 0.06818181818181818
0 0.5085324232081911 0.32272727272727275 0.040955631399317405 0.05454545454545454
0 0.5341296928327645 0.4159090909090909 0.07167235494880546 0.12272727272727273
0 0.5716723549488054 0.3522727272727273 0.051194539249146756 0.08636363636363636
0 0.5972696245733788 0.31363636363636366 0.040955631399317405 0.05454545454545454
0 0.6177474402730375 0.34545454545454546 0.040955631399317405 0.08181818181818182
0 0.658703071672355 0.38636363636363635 0.06143344709897611 0.09090909090909091
0 0.6808873720136519 0.33181818181818185 0.04436860068259386 0.07272727272727272
0 0.7320819112627986 0.44545454545454544 0.07849829351535836 0.12727272727272726
0 0.7303754266211604 0.35454545454545455 0.04778156996587031 0.07272727272727272
0 0.7559726962457338 0.30227272727272725 0.04436860068259386 0.05909090909090909
0 0.8225255972696246 0.3886363636363636 0.06143344709897611 0.09545454545454546
0 0.8208191126279863 0.325 0.04436860068259386 0.06818181818181818
0 0.8668941979522184 0.32727272727272727 0.040955631399317405 0.06363636363636363
0 0.9556313993174061 0.4 0.08191126279863481 0.12727272727272726
0 0.947098976109215 0.3181818181818182 0.04436860068259386 0.06363636363636363