0 0.038397328881469114 0.29518072289156627 0.03672787979966611 0.060240963855421686
0 0.09766277128547579 0.23644578313253012 0.03171953255425709 0.0572289156626506
0 0.1686143572621035 0.44728915662650603 0.04006677796327212 0.06927710843373494
0 0.25208681135225375 0.3614457831325301 0.02003338898163606 0.04819277108433735
0 0.47996661101836396 0.24548192771084337 0.025041736227045076 0.0572289156626506
0 0.5818030050083473 0.42620481927710846 0.038397328881469114 0.07530120481927711
0 0.5534223706176962 0.3930722891566265 0.025041736227045076 0.0572289156626506
0 0.5392320534223706 0.35993975903614456 0.02337228714524207 0.05120481927710843
0 0.6293823038397329 0.3614457831325301 0.02003338898163606 0.04819277108433735
0 0.7370617696160268 0.4563253012048193 0.03171953255425709 0.07530120481927711
0 0.8572621035058431 0.30271084337349397 0.038397328881469114 0.06927710843373494
0 0.9515859766277128 0.5346385542168675 0.0667779632721202 0.08734939759036145