0 0.19981916817359854 0.5325301204819277 0.04159132007233273 0.06265060240963856
0 0.29294755877034356 0.5578313253012048 0.06148282097649186 0.07951807228915662
0 0.36618444846292947 0.5024096385542168 0.034358047016274866 0.05060240963855422
0 0.4023508137432188 0.46265060240963857 0.027124773960216998 0.05301204819277108
0 0.47649186256781195 0.36987951807228914 0.0705244122965642 0.07951807228915662
0 0.47377938517179025 0.591566265060241 0.08318264014466546 0.11325301204819277
0 0.6012658227848101 0.45542168674698796 0.034358047016274866 0.06265060240963856
0 0.6374321880650995 0.4963855421686747 0.045207956600361664 0.06746987951807229
0 0.6292947558770343 0.4530120481927711 0.0216998191681736 0.043373493975903614
0 0.7079566003616636 0.45180722891566266 0.03074141048824593 0.05060240963855422
0 0.6799276672694394 0.5674698795180723 0.054249547920433995 0.08433734939759036
0 0.8047016274864376 0.736144578313253 0.1301989150090416 0.1855421686746988
0 0.9701627486437613 0.4734939759036145 0.048824593128390596 0.0746987951807229