0 0.08525576730190572 0.47354497354497355 0.06619859578736209 0.12874779541446207
0 0.16649949849548645 0.42857142857142855 0.048144433299899696 0.09876543209876543
0 0.19207622868605817 0.390652557319224 0.041123370110330994 0.07231040564373897
0 0.24824473420260781 0.36948853615520283 0.03510531594784353 0.0582010582010582
0 0.2708124373119358 0.36067019400352734 0.026078234704112337 0.05114638447971781
0 0.28284854563691075 0.35890652557319225 0.0160481444332999 0.04056437389770723
0 0.29538615847542626 0.3447971781305115 0.017051153460381142 0.04409171075837742
0 0.30842527582748247 0.3395061728395062 0.015045135406218655 0.037037037037037035
0 0.7051153460381143 0.5617283950617284 0.08826479438314945 0.15343915343915343
0 0.672517552657974 0.3315696649029982 0.029087261785356068 0.059964726631393295
0 0.533099297893681 0.5141093474426808 0.04914744232698094 0.11816578483245149
0 0.46589769307923773 0.41622574955908287 0.041123370110330994 0.08465608465608465
0 0.436308926780341 0.3994708994708995 0.028084252758274825 0.06878306878306878
0 0.4222668004012036 0.36772486772486773 0.024072216649949848 0.04409171075837742
0 0.40972918756268806 0.35008818342151676 0.017051153460381142 0.04056437389770723
0 0.4267803410230692 0.3350970017636684 0.015045135406218655 0.031746031746031744