0 0.07256461232604373 0.3645833333333333 0.0775347912524851 0.11011904761904762
0 0.1441351888667992 0.34226190476190477 0.06560636182902585 0.08333333333333333
0 0.14910536779324055 0.29464285714285715 0.039761431411530816 0.05952380952380952
0 0.17395626242544732 0.26339285714285715 0.02982107355864811 0.050595238095238096
0 0.08946322067594434 0.2708333333333333 0.03578528827037773 0.05357142857142857
0 0.05964214711729622 0.29464285714285715 0.0437375745526839 0.05357142857142857
0 0.048707753479125246 0.6815476190476191 0.09343936381709742 0.22023809523809523
0 0.34592445328031807 0.5669642857142857 0.10337972166998012 0.17559523809523808
0 0.39165009940357853 0.4017857142857143 0.08349900596421471 0.11904761904761904
0 0.35685884691848907 0.3318452380952381 0.041749502982107355 0.0625
0 0.3389662027833002 0.30357142857142855 0.02982107355864811 0.047619047619047616
0 0.3061630218687873 0.26339285714285715 0.027833001988071572 0.05654761904761905
0 0.2524850894632207 0.27232142857142855 0.027833001988071572 0.050595238095238096
0 0.23161033797216699 0.31101190476190477 0.04970178926441352 0.08035714285714286
0 0.39165009940357853 0.28125 0.03180914512922465 0.050595238095238096
0 0.4095427435387674 0.34523809523809523 0.055666003976143144 0.08928571428571429
0 0.4711729622266402 0.3288690476190476 0.05168986083499006 0.08630952380952381
0 0.9264413518886679 0.22916666666666666 0.09145129224652088 0.15476190476190477