0 0.08272727272727273 0.40668523676880225 0.05272727272727273 0.07799442896935933
0 0.053636363636363635 0.4011142061281337 0.04181818181818182 0.06685236768802229
0 0.2309090909090909 0.44707520891364905 0.05454545454545454 0.0807799442896936
0 0.21818181818181817 0.37186629526462395 0.03636363636363636 0.0584958217270195
0 0.25727272727272726 0.3398328690807799 0.03090909090909091 0.05013927576601671
0 0.3209090909090909 0.32590529247910865 0.034545454545454546 0.05013927576601671
0 0.3427272727272727 0.3161559888579387 0.023636363636363636 0.04735376044568245
0 0.3881818181818182 0.33008356545961004 0.02727272727272727 0.052924791086350974
0 0.45454545454545453 0.3245125348189415 0.02909090909090909 0.04735376044568245
0 0.44 0.4052924791086351 0.03636363636363636 0.07520891364902507
0 0.3972727272727273 0.4610027855153203 0.05272727272727273 0.08635097493036212
0 0.3181818181818182 0.4623955431754875 0.05090909090909091 0.08356545961002786
0 0.36363636363636365 0.39275766016713093 0.04 0.06128133704735376
0 0.5127272727272727 0.4623955431754875 0.06181818181818182 0.10584958217270195
0 0.5118181818181818 0.3997214484679666 0.04181818181818182 0.06406685236768803
0 0.52 0.3565459610027855 0.03636363636363636 0.05013927576601671
0 0.5209090909090909 0.32590529247910865 0.034545454545454546 0.04456824512534819
0 0.5963636363636363 0.31197771587743733 0.03272727272727273 0.055710306406685235
0 0.6163636363636363 0.3398328690807799 0.03636363636363636 0.06685236768802229
0 0.5990909090909091 0.4220055710306407 0.05272727272727273 0.10306406685236769
0 0.6318181818181818 0.48467966573816157 0.056363636363636366 0.116991643454039
0 0.7109090909090909 0.41086350974930363 0.05454545454545454 0.10306406685236769
0 0.7563636363636363 0.479108635097493 0.05818181818181818 0.116991643454039
0 0.8072727272727273 0.4554317548746518 0.05818181818181818 0.09192200557103064
0 0.8654545454545455 0.4025069637883008 0.05818181818181818 0.11420612813370473
0 0.9427272727272727 0.5055710306406686 0.0890909090909091 0.13649025069637882
0 0.9763636363636363 0.43175487465181056 0.04363636363636364 0.12256267409470752