0 0.03923357664233577 0.45179063360881544 0.04927007299270073 0.07162534435261708
0 0.08211678832116788 0.47796143250688705 0.051094890510948905 0.06887052341597796
0 0.11496350364963503 0.4325068870523416 0.040145985401459854 0.06060606060606061
0 0.15054744525547445 0.4807162534435262 0.05291970802919708 0.0743801652892562
0 0.19251824817518248 0.6239669421487604 0.17335766423357665 0.21212121212121213
0 0.2518248175182482 0.44352617079889806 0.04744525547445255 0.06611570247933884
0 0.2509124087591241 0.5537190082644629 0.07846715328467153 0.13774104683195593
0 0.3312043795620438 0.453168044077135 0.05656934306569343 0.08539944903581267
0 0.3722627737226277 0.4573002754820937 0.04744525547445255 0.08264462809917356
0 0.3658759124087591 0.5523415977961432 0.09671532846715329 0.1184573002754821
0 0.5045620437956204 0.359504132231405 0.03832116788321168 0.05785123966942149
0 0.5264598540145985 0.4738292011019284 0.04927007299270073 0.06611570247933884
0 0.6031021897810219 0.4820936639118457 0.04562043795620438 0.07713498622589532
0 0.7016423357664233 0.6198347107438017 0.10036496350364964 0.18732782369146006
0 0.7244525547445255 0.49173553719008267 0.040145985401459854 0.06887052341597796
0 0.7691605839416058 0.48622589531680444 0.03467153284671533 0.06887052341597796
0 0.833029197080292 0.47796143250688705 0.060218978102189784 0.07988980716253444
0 0.9087591240875912 0.5537190082644629 0.06569343065693431 0.1322314049586777
0 0.9808394160583942 0.5550964187327824 0.03467153284671533 0.14049586776859505
0 0.9598540145985401 0.465564738292011 0.04744525547445255 0.07713498622589532
0 0.9032846715328468 0.46831955922865015 0.04744525547445255 0.06611570247933884