0 0.076875 0.5811111111111111 0.08375 0.15333333333333332
0 0.035625 0.5 0.06375 0.09333333333333334
0 0.0525 0.4111111111111111 0.035 0.07111111111111111
0 0.03625 0.35555555555555557 0.04 0.06222222222222222
0 0.10875 0.42777777777777776 0.0475 0.1
0 0.115625 0.3688888888888889 0.03625 0.07111111111111111
0 0.159375 0.3611111111111111 0.03125 0.06
0 0.169375 0.4388888888888889 0.06125 0.10888888888888888
0 0.233125 0.4077777777777778 0.03875 0.08222222222222222
0 0.285625 0.3711111111111111 0.03375 0.057777777777777775
0 0.31125 0.4388888888888889 0.055 0.09111111111111111
0 0.28625 0.5466666666666666 0.07 0.13333333333333333
0 0.259375 0.6955555555555556 0.12875 0.2222222222222222
0 0.47875 0.5888888888888889 0.095 0.18666666666666668
0 0.409375 0.4822222222222222 0.05875 0.12
0 0.4 0.38555555555555554 0.0275 0.07777777777777778
0 0.3675 0.35888888888888887 0.0275 0.05555555555555555
0 0.431875 0.38222222222222224 0.03125 0.057777777777777775
0 0.47 0.39666666666666667 0.0325 0.07333333333333333
0 0.46625 0.3388888888888889 0.0275 0.05555555555555555
0 0.533125 0.41888888888888887 0.03625 0.07333333333333333
0 0.5425 0.3811111111111111 0.03 0.04666666666666667
0 0.535625 0.3411111111111111 0.02625 0.042222222222222223
0 0.55 0.33111111111111113 0.02 0.044444444444444446
0 0.57125 0.33555555555555555 0.02 0.05333333333333334
0 0.634375 0.5377777777777778 0.07875 0.14222222222222222
0 0.616875 0.39666666666666667 0.03875 0.07777777777777778
0 0.6125 0.35444444444444445 0.025 0.04666666666666667
0 0.654375 0.35888888888888887 0.02875 0.06
0 0.6875 0.42777777777777776 0.0525 0.1
0 0.69375 0.36666666666666664 0.0325 0.04888888888888889
0 0.73375 0.38666666666666666 0.0325 0.07555555555555556
0 0.7625 0.4388888888888889 0.05 0.10444444444444445
0 0.75625 0.3522222222222222 0.0275 0.06888888888888889
0 0.91 0.41444444444444445 0.045 0.08666666666666667
0 0.885 0.37444444444444447 0.03 0.06444444444444444
0 0.975 0.4866666666666667 0.0475 0.1511111111111111
0 0.959375 0.44222222222222224 0.05375 0.12
0 0.935625 0.38666666666666666 0.03375 0.08
0 0.97625 0.37666666666666665 0.035 0.07777777777777778