0 0.135 0.31297709923664124 0.034 0.07633587786259542
0 0.152 0.35877862595419846 0.052 0.0916030534351145
0 0.228 0.3187022900763359 0.036 0.08778625954198473
0 0.289 0.366412213740458 0.058 0.11450381679389313
0 0.313 0.30725190839694655 0.034 0.08778625954198473
0 0.368 0.41603053435114506 0.092 0.20610687022900764
0 0.381 0.29961832061068705 0.026 0.05725190839694656
0 0.414 0.3110687022900763 0.036 0.08778625954198473
0 0.45 0.3148854961832061 0.048 0.10305343511450382
0 0.527 0.3511450381679389 0.07 0.16030534351145037
0 0.572 0.3301526717557252 0.036 0.08778625954198473
0 0.583 0.29770992366412213 0.026 0.061068702290076333
0 0.668 0.36450381679389315 0.064 0.13358778625954199
0 0.773 0.49427480916030536 0.118 0.3244274809160305
0 0.737 0.32251908396946566 0.03 0.08778625954198473
0 0.782 0.3530534351145038 0.04 0.08015267175572519
0 0.824 0.3377862595419847 0.036 0.08778625954198473
0 0.864 0.32251908396946566 0.032 0.08015267175572519
0 0.89 0.33587786259541985 0.024 0.061068702290076333
0 0.924 0.4064885496183206 0.072 0.14122137404580154
0 0.959 0.33969465648854963 0.046 0.11450381679389313