0 0.10272727272727272 0.6961852861035422 0.07090909090909091 0.11716621253405994
0 0.028181818181818183 0.5613079019073569 0.04909090909090909 0.08174386920980926
0 0.06363636363636363 0.5217983651226158 0.03636363636363636 0.051771117166212535
0 0.026363636363636363 0.47275204359673023 0.02727272727272727 0.04632152588555858
0 0.09818181818181818 0.5190735694822888 0.04 0.06267029972752043
0 0.12181818181818181 0.4373297002724796 0.03272727272727273 0.05722070844686648
0 0.18 0.49318801089918257 0.03636363636363636 0.05449591280653951
0 0.21 0.6512261580381471 0.06363636363636363 0.09809264305177112
0 0.2681818181818182 0.5258855585831063 0.04909090909090909 0.07629427792915532
0 0.21818181818181817 0.3923705722070845 0.025454545454545455 0.03814713896457766
0 0.08454545454545455 0.44141689373297005 0.03090909090909091 0.03814713896457766
0 0.25545454545454543 0.4100817438692098 0.023636363636363636 0.035422343324250684
0 0.31 0.40735694822888285 0.02727272727272727 0.04632152588555858
0 0.32545454545454544 0.39373297002724794 0.025454545454545455 0.04632152588555858
0 0.33181818181818185 0.3801089918256131 0.016363636363636365 0.035422343324250684
0 0.38545454545454544 0.44550408719346046 0.02909090909090909 0.06267029972752043
0 0.38272727272727275 0.4100817438692098 0.02727272727272727 0.035422343324250684
0 0.36727272727272725 0.4100817438692098 0.02181818181818182 0.04087193460490463
0 0.4172727272727273 0.42370572207084467 0.023636363636363636 0.035422343324250684
0 0.4527272727272727 0.44959128065395093 0.025454545454545455 0.03814713896457766
0 0.4718181818181818 0.4877384196185286 0.034545454545454546 0.05449591280653951
0 0.5418181818181819 0.47547683923705725 0.02909090909090909 0.05722070844686648
0 0.3336363636363636 0.5435967302452316 0.05272727272727273 0.08991825613079019
0 0.5709090909090909 0.5367847411444142 0.04 0.0653950953678474
0 0.5636363636363636 0.4223433242506812 0.03272727272727273 0.05449591280653951
0 0.53 0.4223433242506812 0.02 0.027247956403269755
0 0.5109090909090909 0.444141689373297 0.025454545454545455 0.0326975476839237
0 0.48454545454545456 0.4196185286103542 0.023636363636363636 0.03814713896457766
0 0.4581818181818182 0.4019073569482289 0.02181818181818182 0.035422343324250684
0 0.42454545454545456 0.3896457765667575 0.016363636363636365 0.0326975476839237
0 0.4863636363636364 0.3678474114441417 0.016363636363636365 0.027247956403269755
0 0.53 0.39645776566757496 0.016363636363636365 0.02452316076294278
0 0.6063636363636363 0.4196185286103542 0.02727272727272727 0.043596730245231606
0 0.6172727272727273 0.4645776566757493 0.02727272727272727 0.04087193460490463
0 0.6454545454545455 0.4250681198910082 0.02181818181818182 0.0326975476839237
0 0.6718181818181819 0.40463215258855584 0.02 0.04087193460490463
0 0.7018181818181818 0.4550408719346049 0.02909090909090909 0.05449591280653951
0 0.6827272727272727 0.5040871934604905 0.038181818181818185 0.0653950953678474
0 0.7381818181818182 0.4768392370572207 0.04 0.0653950953678474
0 0.7090909090909091 0.41553133514986373 0.02909090909090909 0.04632152588555858
0 0.7909090909090909 0.4264305177111717 0.025454545454545455 0.04087193460490463
0 0.7972727272727272 0.47547683923705725 0.03090909090909091 0.05722070844686648
0 0.8190909090909091 0.4550408719346049 0.034545454545454546 0.05449591280653951