0 0.1892744479495268 0.22281449893390193 0.0946372239747634 0.1513859275053305
0 0.3312302839116719 0.2878464818763326 0.04416403785488959 0.08528784648187633
0 0.4582018927444795 0.26119402985074625 0.04574132492113565 0.07462686567164178
0 0.499211356466877 0.26439232409381663 0.04574132492113565 0.07249466950959488
0 0.5749211356466877 0.27398720682302774 0.04574132492113565 0.08315565031982942
0 0.6159305993690851 0.2921108742004264 0.061514195583596214 0.1023454157782516
0 0.6443217665615142 0.2537313432835821 0.04889589905362776 0.0767590618336887
0 0.7334384858044164 0.24093816631130063 0.03785488958990536 0.07249466950959488
0 0.7444794952681388 0.21002132196162046 0.031545741324921134 0.04477611940298507
0 0.7720820189274448 0.26865671641791045 0.04574132492113565 0.08955223880597014
0 0.7957413249211357 0.21215351812366737 0.03627760252365931 0.057569296375266525
0 0.8359621451104101 0.22174840085287847 0.031545741324921134 0.05970149253731343
0 0.8675078864353313 0.2281449893390192 0.031545741324921134 0.05543710021321962
0 0.9132492113564669 0.20149253731343283 0.031545741324921134 0.06183368869936034
0 0.9384858044164038 0.26119402985074625 0.05362776025236593 0.09168443496801706
0 0.9574132492113565 0.2345415778251599 0.0473186119873817 0.09808102345415778
0 0.9873817034700315 0.20362473347547974 0.022082018927444796 0.06183368869936034