0 0.100830078125 0.59375 0.04052734375 0.053385416666666664
0 0.188232421875 0.5950520833333334 0.04052734375 0.057291666666666664
0 0.28955078125 0.5875651041666666 0.046875 0.057942708333333336
0 0.369873046875 0.6025390625 0.04541015625 0.064453125
0 0.441162109375 0.59765625 0.04638671875 0.06901041666666667
0 0.5302734375 0.6484375 0.056640625 0.0703125
0 0.599609375 0.6282552083333334 0.0478515625 0.0703125
0 0.652099609375 0.6184895833333334 0.03759765625 0.052083333333333336
0 0.708984375 0.6243489583333334 0.0576171875 0.0859375
0 0.78173828125 0.6259765625 0.0517578125 0.07747395833333333
0 0.855224609375 0.6149088541666666 0.04931640625 0.07356770833333333
0 0.913818359375 0.615234375 0.04345703125 0.055989583333333336
0 0.63720703125 0.5559895833333334 0.0361328125 0.061197916666666664