0 0.01607142857142857 0.4181937172774869 0.030357142857142857 0.05366492146596859
0 0.049107142857142856 0.5039267015706806 0.060714285714285714 0.12041884816753927
0 0.084375 0.443717277486911 0.04375 0.08376963350785341
0 0.11607142857142858 0.4109947643979058 0.026785714285714284 0.04712041884816754
0 0.19776785714285713 0.40772251308900526 0.020535714285714286 0.04057591623036649
0 0.2330357142857143 0.4698952879581152 0.039285714285714285 0.07068062827225131
0 0.21919642857142857 0.43848167539267013 0.03660714285714286 0.05759162303664921
0 0.2830357142857143 0.4260471204188482 0.02142857142857143 0.03795811518324607
0 0.309375 0.39528795811518325 0.022321428571428572 0.034031413612565446
0 0.2825892857142857 0.3586387434554974 0.020535714285714286 0.031413612565445025
0 0.20625 0.5674083769633508 0.08214285714285714 0.1531413612565445
0 0.3522321428571429 0.4718586387434555 0.059821428571428574 0.09816753926701571
0 0.37142857142857144 0.43913612565445026 0.02857142857142857 0.056282722513089
0 0.4602678571428571 0.4790575916230366 0.04732142857142857 0.07853403141361257
0 0.46919642857142857 0.4325916230366492 0.03660714285714286 0.061518324607329845
0 0.4450892857142857 0.4339005235602094 0.027678571428571427 0.04581151832460733
0 0.5401785714285714 0.5268324607329843 0.05892857142857143 0.09816753926701571
0 0.5254464285714285 0.4319371727748691 0.025892857142857145 0.049738219895287955
0 0.5669642857142857 0.4397905759162304 0.03571428571428571 0.06544502617801047
0 0.609375 0.4712041884816754 0.03660714285714286 0.06282722513089005
0 0.5857142857142857 0.44175392670157065 0.023214285714285715 0.04319371727748691
0 0.6446428571428572 0.44044502617801046 0.026785714285714284 0.051047120418848166
0 0.6602678571428572 0.5294502617801047 0.054464285714285715 0.0824607329842932
0 0.6982142857142857 0.4731675392670157 0.030357142857142857 0.05366492146596859
0 0.7316964285714286 0.4463350785340314 0.03125 0.049738219895287955
0 0.7 0.450261780104712 0.03214285714285714 0.04712041884816754
0 0.8263392857142857 0.5013089005235603 0.045535714285714284 0.09424083769633508
0 0.915625 0.48887434554973824 0.03660714285714286 0.07984293193717278
0 0.8888392857142857 0.46138743455497383 0.029464285714285714 0.061518324607329845
0 0.9875 0.46007853403141363 0.023214285714285715 0.0693717277486911