0 0.085 0.7357357357357357 0.118 0.14414414414414414
0 0.076 0.4099099099099099 0.04 0.06906906906906907
0 0.146 0.4084084084084084 0.04 0.07207207207207207
0 0.105 0.3738738738738739 0.034 0.05105105105105105
0 0.145 0.3633633633633634 0.03 0.05405405405405406
0 0.189 0.34684684684684686 0.026 0.05105105105105105
0 0.201 0.35585585585585583 0.03 0.05105105105105105
0 0.253 0.32882882882882886 0.026 0.05105105105105105
0 0.259 0.5 0.054 0.0990990990990991
0 0.261 0.6621621621621622 0.102 0.17117117117117117
0 0.401 0.5015015015015015 0.054 0.09009009009009009
0 0.352 0.4174174174174174 0.036 0.06606606606606606
0 0.393 0.36936936936936937 0.03 0.06006006006006006
0 0.379 0.3303303303303303 0.026 0.04804804804804805
0 0.438 0.34534534534534533 0.024 0.05405405405405406
0 0.463 0.35735735735735735 0.03 0.05405405405405406
0 0.45 0.4099099099099099 0.036 0.06906906906906907
0 0.526 0.5 0.056 0.0990990990990991
0 0.459 0.6501501501501501 0.082 0.17117117117117117
0 0.667 0.4774774774774775 0.062 0.11411411411411411
0 0.633 0.3933933933933934 0.038 0.07207207207207207
0 0.539 0.41291291291291293 0.038 0.06306306306306306
0 0.497 0.3303303303303303 0.026 0.04804804804804805
0 0.55 0.3153153153153153 0.028 0.04804804804804805
0 0.593 0.35285285285285284 0.03 0.06306306306306306
0 0.619 0.3138138138138138 0.026 0.057057057057057055
0 0.674 0.36186186186186187 0.032 0.06906906906906907
0 0.736 0.3738738738738739 0.044 0.08108108108108109
0 0.775 0.481981981981982 0.054 0.1111111111111111
0 0.737 0.6981981981981982 0.094 0.1891891891891892
0 0.921 0.6681681681681682 0.102 0.19519519519519518
0 0.935 0.4039039039039039 0.042 0.08108108108108109
0 0.984 0.34384384384384387 0.028 0.057057057057057055
0 0.902 0.33933933933933935 0.032 0.06006006006006006
0 0.834 0.3123123123123123 0.028 0.05405405405405406
0 0.912 0.3228228228228228 0.024 0.04504504504504504