0 0.1203125 0.3682385575589459 0.0375 0.08183079056865465
0 0.069921875 0.37933425797503467 0.02265625 0.05409153952843273
0 0.041015625 0.3723994452149792 0.02578125 0.04854368932038835
0 0.10390625 0.3377253814147018 0.025 0.04022191400832178
0 0.13125 0.3141470180305132 0.01875 0.03744798890429958
0 0.154296875 0.3377253814147018 0.02578125 0.04022191400832178
0 0.1625 0.4001386962552011 0.0296875 0.06796116504854369
0 0.18515625 0.4750346740638003 0.0453125 0.09847434119278779
0 0.21953125 0.5991678224687933 0.0984375 0.18862690707350901
0 0.348046875 0.6081830790568654 0.09140625 0.1678224687933426
0 0.31171875 0.48890429958391124 0.0421875 0.09015256588072122
0 0.238671875 0.47434119278779474 0.03984375 0.06934812760055478
0 0.228125 0.38349514563106796 0.03125 0.0651872399445215
0 0.20625 0.35714285714285715 0.025 0.04022191400832178
0 0.19609375 0.3342579750346741 0.0234375 0.049930651872399444
0 0.36171875 0.39181692094313453 0.0375 0.06796116504854369
0 0.43359375 0.5104022191400832 0.059375 0.12482662968099861
0 0.440625 0.441747572815534 0.03125 0.06241331484049931
0 0.458984375 0.4056865464632455 0.02734375 0.05409153952843273
0 0.476953125 0.37725381414701803 0.02109375 0.044382801664355064
0 0.4984375 0.4160887656033287 0.025 0.06102635228848821
0 0.5296875 0.3710124826629681 0.0203125 0.056865464632454926
0 0.5046875 0.2988904299583911 0.025 0.04576976421636616
0 0.558984375 0.30097087378640774 0.02109375 0.052704576976421634
0 0.590625 0.36615811373092927 0.0265625 0.049930651872399444
0 0.608984375 0.43134535367545074 0.03203125 0.06934812760055478
0 0.585546875 0.4882108183079057 0.03828125 0.07766990291262135
0 0.57265625 0.5575589459084604 0.0703125 0.11373092926490985
0 0.685546875 0.47572815533980584 0.05234375 0.10263522884882108
0 0.6453125 0.3668515950069348 0.0265625 0.05131761442441054
0 0.709765625 0.39389736477115117 0.02734375 0.052704576976421634
0 0.72890625 0.44660194174757284 0.034375 0.07766990291262135
0 0.705078125 0.3633841886269071 0.02109375 0.04160887656033287
0 0.7203125 0.3779472954230236 0.0296875 0.04854368932038835
0 0.77109375 0.3932038834951456 0.03125 0.0651872399445215
0 0.79375 0.3723994452149792 0.028125 0.05131761442441054
0 0.853125 0.3945908460471567 0.0421875 0.08460471567267684
0 0.894140625 0.43134535367545074 0.02265625 0.049930651872399444
0 0.933203125 0.4091539528432732 0.04296875 0.07766990291262135