0 0.0851602023608769 0.5773809523809523 0.10286677908937605 0.16071428571428573
0 0.17537942664418213 0.5833333333333334 0.06408094435075885 0.1130952380952381
0 0.2782462057335582 0.6041666666666666 0.08768971332209106 0.21428571428571427
0 0.3684654300168634 0.6681547619047619 0.1433389544688027 0.23511904761904762
0 0.4620573355817875 0.6056547619047619 0.07419898819561552 0.13988095238095238
0 0.5556492411467117 0.6398809523809523 0.10961214165261383 0.22023809523809523
0 0.31534569983136596 0.44047619047619047 0.026981450252951095 0.05357142857142857
0 0.4139966273187184 0.5416666666666666 0.0387858347386172 0.07738095238095238
0 0.5952782462057336 0.5639880952380952 0.06070826306913996 0.11011904761904762
0 0.6475548060708263 0.5654761904761905 0.04047217537942664 0.09523809523809523
0 0.7048903878583473 0.3705357142857143 0.05396290050590219 0.11607142857142858
0 0.8001686340640809 0.6517857142857143 0.18381112984822934 0.3392857142857143
0 0.8802698145025295 0.6041666666666666 0.07419898819561552 0.21428571428571427
0 0.9468802698145026 0.6934523809523809 0.10286677908937605 0.26785714285714285
0 0.9519392917369308 0.5550595238095238 0.05227655986509275 0.11011904761904762
0 0.22344013490725126 0.53125 0.02866779089376054 0.0625