0 0.032 0.5991379310344828 0.06 0.13505747126436782
0 0.032 0.5359195402298851 0.044 0.06609195402298851
0 0.107 0.5445402298850575 0.062 0.08908045977011494
0 0.093 0.4813218390804598 0.042 0.05459770114942529
0 0.137 0.4540229885057471 0.042 0.06896551724137931
0 0.197 0.5028735632183908 0.05 0.08620689655172414
0 0.232 0.4885057471264368 0.044 0.06321839080459771
0 0.243 0.46264367816091956 0.038 0.05747126436781609
0 0.471 0.46551724137931033 0.038 0.06321839080459771
0 0.529 0.33045977011494254 0.03 0.05172413793103448
0 0.513 0.7471264367816092 0.118 0.16666666666666666
0 0.509 0.6149425287356322 0.086 0.13218390804597702
0 0.527 0.5416666666666666 0.058 0.09482758620689655
0 0.539 0.4827586206896552 0.054 0.08620689655172414
0 0.614 0.47844827586206895 0.04 0.07758620689655173
0 0.649 0.49137931034482757 0.046 0.08045977011494253
0 0.693 0.5330459770114943 0.062 0.10057471264367816
0 0.742 0.6192528735632183 0.084 0.1235632183908046
0 0.895 0.7270114942528736 0.118 0.1839080459770115
0 0.907 0.514367816091954 0.046 0.08045977011494253
0 0.854 0.4956896551724138 0.044 0.07183908045977011
0 0.809 0.46264367816091956 0.042 0.06896551724137931
0 0.902 0.47413793103448276 0.044 0.06321839080459771
0 0.96 0.5 0.052 0.06321839080459771
0 0.984 0.5560344827586207 0.028 0.07758620689655173