0 0.7013888888888888 0.16305254378648873 0.012777777777777779 0.020850708924103418
0 0.5147222222222222 0.6688907422852377 0.08388888888888889 0.15679733110925773
0 0.13833333333333334 0.9153461217681401 0.13777777777777778 0.16763969974979148
0 0.21027777777777779 0.5404503753127606 0.07388888888888889 0.1267723102585488
0 0.03833333333333333 0.4603836530442035 0.06222222222222222 0.08673894912427023
0 0.017222222222222222 0.4049207673060884 0.03333333333333333 0.0658882402001668
0 0.021944444444444444 0.33611342785654713 0.035 0.04670558798999166
0 0.07333333333333333 0.3419516263552961 0.03777777777777778 0.04837364470391994
0 0.04638888888888889 0.3002502085070892 0.021666666666666667 0.0316930775646372
0 0.13444444444444445 0.3786488740617181 0.043333333333333335 0.058381984987489574
0 0.12611111111111112 0.34528773978315264 0.04111111111111111 0.05504587155963303
0 0.08888888888888889 0.30900750625521267 0.028888888888888888 0.03586321934945788
0 0.1213888888888889 0.2939949958298582 0.029444444444444443 0.0408673894912427
0 0.18388888888888888 0.45829858215179314 0.07444444444444444 0.08924103419516263
0 0.17805555555555555 0.40033361134278567 0.04388888888888889 0.06505421184320268
0 0.17444444444444446 0.3486238532110092 0.03222222222222222 0.043369474562135114
0 0.175 0.3219349457881568 0.02666666666666667 0.0316930775646372
0 0.15333333333333332 0.3202668890742285 0.025555555555555557 0.03836530442035029
0 0.1675 0.28982485404503755 0.026111111111111113 0.029190992493744787
0 0.2111111111111111 0.28982485404503755 0.028888888888888888 0.0408673894912427
0 0.2313888888888889 0.3211009174311927 0.02722222222222222 0.04670558798999166
0 0.24194444444444443 0.2889908256880734 0.019444444444444445 0.03419516263552961
0 0.2602777777777778 0.359466221851543 0.03277777777777778 0.0567139282735613
0 0.28694444444444445 0.36071726438698914 0.03277777777777778 0.05087572977481234
0 0.2838888888888889 0.41659716430358634 0.044444444444444446 0.0658882402001668
0 0.3383333333333333 0.44787322768974147 0.052222222222222225 0.07673060884070058
0 0.42 0.4774812343619683 0.058888888888888886 0.08590492076730609
0 0.3388888888888889 0.5809007506255213 0.0811111111111111 0.1359466221851543
0 0.5258333333333334 0.5462885738115096 0.06277777777777778 0.11009174311926606
0 0.6677777777777778 0.5825688073394495 0.057777777777777775 0.10758965804837364
0 0.6383333333333333 0.48623853211009177 0.051111111111111114 0.08340283569641367
0 0.5447222222222222 0.45204336947456214 0.03944444444444444 0.07339449541284404
0 0.7511111111111111 0.530442035029191 0.056666666666666664 0.0884070058381985
0 0.7608333333333334 0.42201834862385323 0.03277777777777778 0.0633861551292744
0 0.8261111111111111 0.47664720600500415 0.04 0.06422018348623854
0 0.8030555555555555 0.4153461217681401 0.028333333333333332 0.05504587155963303
0 0.8577777777777778 0.4549624687239366 0.03111111111111111 0.05587989991659716
0 0.8897222222222222 0.43119266055045874 0.03388888888888889 0.05504587155963303
0 0.9222222222222223 0.41201000834028356 0.027777777777777776 0.04837364470391994
0 0.8902777777777777 0.38198498748957466 0.02388888888888889 0.041701417848206836
0 0.9405555555555556 0.39115929941618016 0.027777777777777776 0.041701417848206836
0 0.9577777777777777 0.3824020016680567 0.022222222222222223 0.03753127606338615
0 0.9908333333333333 0.3432026688907423 0.013888888888888888 0.03753127606338615
0 0.9766666666666667 0.37447873227689743 0.01888888888888889 0.030025020850708923
0 0.9225 0.30275229357798167 0.019444444444444445 0.0316930775646372
0 0.8838888888888888 0.3386155129274395 0.022222222222222223 0.040033361134278564
0 0.8669444444444444 0.30442035029190995 0.019444444444444445 0.0316930775646372
0 0.8536111111111111 0.31526271893244373 0.01611111111111111 0.030025020850708923
0 0.835 0.28940783986655544 0.016666666666666666 0.02335279399499583
0 0.8366666666666667 0.3311092577147623 0.017777777777777778 0.03502919099249374
0 0.8202777777777778 0.3377814845704754 0.017222222222222222 0.0316930775646372
0 0.8547222222222223 0.3623853211009174 0.020555555555555556 0.03586321934945788
0 0.8397222222222223 0.3894912427022519 0.029444444444444443 0.041701417848206836
0 0.7927777777777778 0.34528773978315264 0.02 0.03836530442035029
0 0.7763888888888889 0.3519599666388657 0.02277777777777778 0.030025020850708923
0 0.7702777777777777 0.329441201000834 0.018333333333333333 0.030025020850708923
0 0.7869444444444444 0.2856547122602168 0.015 0.02418682235195997
0 0.755 0.37823185988323604 0.028888888888888888 0.045871559633027525
0 0.7394444444444445 0.35446205170975814 0.02 0.041701417848206836
0 0.7344444444444445 0.323185988323603 0.014444444444444444 0.03419516263552961
0 0.7327777777777778 0.30525437864887406 0.02 0.026688907422852376
0 0.7166666666666667 0.2764804003336113 0.017777777777777778 0.02418682235195997
0 0.6961111111111111 0.34612176814011675 0.025555555555555557 0.03669724770642202
0 0.7136111111111111 0.4007506255212677 0.03166666666666667 0.04920767306088407
0 0.6705555555555556 0.41201000834028356 0.035555555555555556 0.0567139282735613
0 0.6522222222222223 0.37364470391993326 0.021111111111111112 0.041701417848206836
0 0.6397222222222222 0.3540450375312761 0.019444444444444445 0.027522935779816515
0 0.6605555555555556 0.3386155129274395 0.021111111111111112 0.03336113427856547
0 0.6802777777777778 0.2944120100083403 0.015 0.0316930775646372
0 0.6855555555555556 0.27105921601334443 0.013333333333333334 0.020016680567139282
0 0.7008333333333333 0.2798165137614679 0.015 0.02585487906588824
0 0.6619444444444444 0.25938281901584653 0.017222222222222222 0.02335279399499583
0 0.6427777777777778 0.29357798165137616 0.015555555555555555 0.025020850708924104
0 0.6338888888888888 0.27773144286905754 0.014444444444444444 0.021684737281067557
0 0.6138888888888889 0.32068390325271057 0.015555555555555555 0.030859049207673062
0 0.6108333333333333 0.2902418682235196 0.015 0.025020850708924104
0 0.6027777777777777 0.2610508757297748 0.015555555555555555 0.025020850708924104
0 0.5869444444444445 0.34445371142618847 0.020555555555555556 0.03669724770642202
0 0.5894444444444444 0.32652210175145957 0.01888888888888889 0.02585487906588824
0 0.5775 0.2969140950792327 0.017222222222222222 0.02335279399499583
0 0.5694444444444444 0.26980817347789826 0.013333333333333334 0.02585487906588824
0 0.5480555555555555 0.26605504587155965 0.013888888888888888 0.026688907422852376
0 0.5263888888888889 0.29232693911592994 0.01611111111111111 0.02418682235195997
0 0.5438888888888889 0.30525437864887406 0.013333333333333334 0.025020850708924104
0 0.5158333333333334 0.30984153461217684 0.02277777777777778 0.02585487906588824
0 0.5275 0.3648874061718098 0.029444444444444443 0.0408673894912427
0 0.5241666666666667 0.3949124270225188 0.029444444444444443 0.05254378648874062
0 0.4513888888888889 0.3878231859883236 0.04055555555555555 0.061718098415346125
0 0.6302777777777778 0.42577147623019185 0.03944444444444444 0.05921601334445371
0 0.37777777777777777 0.38573811509591327 0.03777777777777778 0.06922435362802336
0 0.4177777777777778 0.35446205170975814 0.03111111111111111 0.05170975813177648
0 0.4330555555555556 0.34737281067556297 0.019444444444444445 0.0475396163469558
0 0.4519444444444444 0.3202668890742285 0.017222222222222222 0.030025020850708923
0 0.4638888888888889 0.3119266055045872 0.023333333333333334 0.03669724770642202
0 0.4866666666666667 0.292743953294412 0.015555555555555555 0.02335279399499583
0 0.47833333333333333 0.2785654712260217 0.016666666666666666 0.025020850708924104
0 0.46194444444444444 0.2756463719766472 0.01611111111111111 0.02585487906588824
0 0.4475 0.28440366972477066 0.013888888888888888 0.025020850708924104
0 0.43722222222222223 0.3073394495412844 0.017777777777777778 0.03252710592160134
0 0.42444444444444446 0.28940783986655544 0.015555555555555555 0.030025020850708923
0 0.4072222222222222 0.2910758965804837 0.017777777777777778 0.026688907422852376
0 0.3927777777777778 0.3031693077564637 0.01888888888888889 0.029190992493744787
0 0.39111111111111113 0.2793994995829858 0.014444444444444444 0.025020850708924104
0 0.33361111111111114 0.3244370308590492 0.02722222222222222 0.04670558798999166
0 0.36833333333333335 0.3177648040033361 0.022222222222222223 0.03836530442035029
0 0.3680555555555556 0.28440366972477066 0.026111111111111113 0.03669724770642202
0 0.2991666666666667 0.3031693077564637 0.029444444444444443 0.0408673894912427
0 0.285 0.2902418682235196 0.022222222222222223 0.030025020850708923
0 0.2727777777777778 0.3073394495412844 0.027777777777777776 0.03753127606338615
0 0.3408333333333333 0.2956630525437865 0.02277777777777778 0.03586321934945788