0 0.17421875 0.5375 0.0984375 0.15833333333333333
0 0.1171875 0.43125 0.046875 0.0625
0 0.16484375 0.42916666666666664 0.0453125 0.06666666666666667
0 0.19296875 0.42083333333333334 0.0390625 0.06666666666666667
0 0.39453125 0.41458333333333336 0.0421875 0.0625
0 0.5359375 0.4322916666666667 0.03125 0.05625
0 0.59921875 0.5020833333333333 0.0828125 0.12916666666666668
0 0.65625 0.42604166666666665 0.05 0.07708333333333334
0 0.565625 0.31979166666666664 0.03125 0.04375
0 0.7375 0.4041666666666667 0.040625 0.058333333333333334
0 0.7984375 0.44583333333333336 0.053125 0.075
0 0.8546875 0.3958333333333333 0.034375 0.04583333333333333
0 0.909375 0.446875 0.05 0.07708333333333334
0 0.915625 0.40625 0.028125 0.041666666666666664
0 0.98359375 0.4166666666666667 0.0296875 0.041666666666666664
0 0.96796875 0.4125 0.0234375 0.04583333333333333
0 0.7375 0.5302083333333333 0.103125 0.14791666666666667
0 0.65546875 0.85625 0.1828125 0.275