0 0.15640038498556305 0.27461139896373055 0.1915303176130895 0.538860103626943
0 0.5283926852743022 0.25129533678756477 0.061597690086621755 0.17098445595854922
0 0.5731472569778633 0.6994818652849741 0.12993262752646775 0.32642487046632124
0 0.7059672762271415 0.7603626943005182 0.12800769971126083 0.4015544041450777
0 0.6304138594802695 0.44430051813471505 0.0519730510105871 0.14248704663212436
0 0.6154956689124158 0.3380829015544041 0.03946102021174206 0.12176165803108809
0 0.6958614051973051 0.21632124352331605 0.04427333974975938 0.11658031088082901
0 0.7170356111645814 0.3873056994818653 0.03849855630413859 0.09585492227979274
0 0.7329162656400385 0.45984455958549225 0.04138594802694899 0.12176165803108809
0 0.7709335899903753 0.4481865284974093 0.04619826756496631 0.15544041450777202
0 0.8498556304138595 0.21243523316062177 0.059672762271414825 0.18134715025906736
0 0.9263715110683349 0.21761658031088082 0.07795957651588066 0.2538860103626943