0 0.1871936274509804 0.5757761437908496 0.09926470588235294 0.1343954248366013
0 0.23958333333333334 0.6196895424836601 0.10232843137254902 0.12663398692810457
0 0.3463541666666667 0.49550653594771243 0.06219362745098039 0.09395424836601307
0 0.4397977941176471 0.40441176470588236 0.07077205882352941 0.10049019607843138
0 0.24662990196078433 0.4242238562091503 0.037377450980392156 0.05106209150326797
0 0.23023897058823528 0.375 0.02542892156862745 0.03758169934640523
0 0.18612132352941177 0.3555964052287582 0.03462009803921569 0.05106209150326797
0 0.16038602941176472 0.35661764705882354 0.02297794117647059 0.04084967320261438
0 0.14139093137254902 0.3590686274509804 0.02849264705882353 0.031862745098039214
0 0.05698529411764706 0.3611111111111111 0.04779411764705882 0.05555555555555555
0 0.610140931372549 0.6450163398692811 0.09650735294117647 0.1576797385620915
0 0.8105085784313726 0.6090686274509803 0.11121323529411764 0.18137254901960784
0 0.7446384803921569 0.528390522875817 0.06341911764705882 0.09191176470588236
0 0.5856311274509803 0.49203431372549017 0.05606617647058824 0.09272875816993464
0 0.5209865196078431 0.366625816993464 0.0389093137254902 0.06658496732026144
0 0.49034926470588236 0.3590686274509804 0.02542892156862745 0.04411764705882353
0 0.5399816176470589 0.36703431372549017 0.024816176470588234 0.04779411764705882
0 0.6060049019607843 0.37540849673202614 0.03431372549019608 0.058823529411764705
0 0.6433823529411765 0.3799019607843137 0.02389705882352941 0.0457516339869281
0 0.6737132352941176 0.35110294117647056 0.030637254901960783 0.06004901960784314
0 0.7245710784313726 0.3590686274509804 0.04105392156862745 0.06209150326797386