0 0.155 0.6428571428571429 0.07666666666666666 0.13283208020050125
0 0.12083333333333333 0.600250626566416 0.055 0.09273182957393483
0 0.11083333333333334 0.543859649122807 0.051666666666666666 0.07017543859649122
0 0.285 0.6491228070175439 0.06666666666666667 0.11528822055137844
0 0.26166666666666666 0.5889724310776943 0.056666666666666664 0.09523809523809523
0 0.4 0.6127819548872181 0.06333333333333334 0.09273182957393483
0 0.42833333333333334 0.8370927318295739 0.12 0.16040100250626566
0 0.5533333333333333 0.8771929824561403 0.12333333333333334 0.21553884711779447
0 0.685 0.8872180451127819 0.13 0.19548872180451127
0 0.5733333333333334 0.6867167919799498 0.08666666666666667 0.17543859649122806
0 0.64 0.6679197994987469 0.07 0.13784461152882205
0 0.6666666666666666 0.3358395989974937 0.06 0.10025062656641603
0 0.8358333333333333 0.6215538847117794 0.075 0.12030075187969924
0 0.9541666666666667 0.6716791979949874 0.085 0.17042606516290726