0 0.109 0.2546916890080429 0.05 0.08579088471849866
0 0.207 0.21983914209115282 0.05 0.07506702412868632
0 0.288 0.2225201072386059 0.056 0.08042895442359249
0 0.388 0.21715817694369974 0.052 0.09115281501340483
0 0.447 0.20107238605898123 0.046 0.06970509383378017
0 0.294 0.4008042895442359 0.148 0.18498659517426275
0 0.558 0.18230563002680966 0.044 0.08042895442359249
0 0.618 0.20241286863270777 0.052 0.0777479892761394
0 0.685 0.24396782841823056 0.058 0.09651474530831099
0 0.661 0.22117962466487937 0.042 0.07238605898123325
0 0.788 0.2613941018766756 0.06 0.0938337801608579
0 0.887 0.2707774798927614 0.082 0.11796246648793565