0 0.29555555555555557 0.6053412462908012 0.08444444444444445 0.10682492581602374
0 0.4577777777777778 0.612759643916914 0.06666666666666667 0.11572700296735905
0 0.5133333333333333 0.6468842729970327 0.04888888888888889 0.0771513353115727
0 0.6533333333333333 0.4465875370919881 0.07111111111111111 0.10385756676557864
0 0.7022222222222222 0.6023738872403561 0.04 0.06528189910979229
0 0.7477777777777778 0.5890207715133531 0.028888888888888888 0.050445103857566766
0 0.7355555555555555 0.6899109792284867 0.10666666666666667 0.1513353115727003
0 0.7911111111111111 0.6409495548961425 0.06666666666666667 0.10089020771513353
0 0.8444444444444444 0.6038575667655787 0.05333333333333334 0.09198813056379822
0 0.8755555555555555 0.6023738872403561 0.035555555555555556 0.0712166172106825
0 0.9111111111111111 0.6172106824925816 0.044444444444444446 0.06528189910979229
0 0.9611111111111111 0.6023738872403561 0.03777777777777778 0.05934718100890208