0 0.11764705882352941 0.735702614379085 0.09497549019607843 0.13970588235294118
0 0.17340686274509803 0.6415441176470589 0.06740196078431372 0.09272875816993464
0 0.23330269607843138 0.5972222222222222 0.04932598039215686 0.06781045751633986
0 0.2746629901960784 0.6111111111111112 0.057291666666666664 0.0718954248366013
0 0.27420343137254904 0.5535130718954249 0.03431372549019608 0.049836601307189546
0 0.31464460784313725 0.5310457516339869 0.02696078431372549 0.04493464052287582
0 0.32613357843137253 0.5120506535947712 0.021752450980392156 0.03308823529411765
0 0.28262867647058826 0.4622140522875817 0.022365196078431373 0.03880718954248366
0 0.3449754901960784 0.4616013071895425 0.02022058823529412 0.03594771241830065
0 0.4330575980392157 0.5563725490196079 0.03216911764705882 0.0457516339869281
0 0.4574142156862745 0.5629084967320261 0.037377450980392156 0.05065359477124183
0 0.508578431372549 0.5962009803921569 0.06372549019607843 0.08782679738562091
0 0.44286151960784315 0.5328839869281046 0.024816176470588234 0.024918300653594773
0 0.4296875 0.5234885620915033 0.02849264705882353 0.03799019607843137
0 0.9013480392156863 0.47406045751633985 0.03431372549019608 0.05269607843137255