0 0.04666666666666667 0.8177777777777778 0.058333333333333334 0.08296296296296296
0 0.11708333333333333 0.5703703703703704 0.030833333333333334 0.047407407407407405
0 0.225 0.642962962962963 0.03833333333333333 0.05925925925925926
0 0.23708333333333334 0.5888888888888889 0.034166666666666665 0.06074074074074074
0 0.38666666666666666 0.6859259259259259 0.041666666666666664 0.06814814814814815
0 0.28 0.49037037037037035 0.021666666666666667 0.035555555555555556
0 0.2975 0.49925925925925924 0.02 0.035555555555555556
0 0.33916666666666667 0.5214814814814814 0.021666666666666667 0.044444444444444446
0 0.3304166666666667 0.502962962962963 0.015833333333333335 0.025185185185185185
0 0.35541666666666666 0.4822222222222222 0.014166666666666666 0.028148148148148148
0 0.37625 0.47333333333333333 0.015833333333333335 0.034074074074074076
0 0.3883333333333333 0.48592592592592593 0.02 0.02962962962962963
0 0.3908333333333333 0.5266666666666666 0.025 0.04296296296296296
0 0.42541666666666667 0.4651851851851852 0.019166666666666665 0.03851851851851852
0 0.39166666666666666 0.3962962962962963 0.015 0.028148148148148148
0 0.44333333333333336 0.4577777777777778 0.02 0.03851851851851852
0 0.4625 0.48592592592592593 0.016666666666666666 0.03259259259259259
0 0.475 0.5140740740740741 0.021666666666666667 0.044444444444444446
0 0.485 0.49703703703703705 0.021666666666666667 0.034074074074074076
0 0.475 0.4540740740740741 0.015 0.03111111111111111
0 0.4895833333333333 0.46444444444444444 0.019166666666666665 0.025185185185185185
0 0.51 0.44592592592592595 0.013333333333333334 0.03259259259259259
0 0.525 0.4777777777777778 0.016666666666666666 0.04296296296296296
0 0.5054166666666666 0.5503703703703704 0.0225 0.037037037037037035
0 0.5491666666666667 0.5592592592592592 0.028333333333333332 0.054814814814814816
0 0.615 0.5585185185185185 0.03333333333333333 0.05925925925925926
0 0.5920833333333333 0.5311111111111111 0.019166666666666665 0.045925925925925926
0 0.5595833333333333 0.4740740740740741 0.020833333333333332 0.035555555555555556
0 0.5345833333333333 0.4288888888888889 0.0125 0.028148148148148148
0 0.5804166666666667 0.44222222222222224 0.014166666666666666 0.028148148148148148
0 0.5891666666666666 0.4222222222222222 0.016666666666666666 0.02666666666666667
0 0.5995833333333334 0.4540740740740741 0.019166666666666665 0.034074074074074076
0 0.6070833333333333 0.4822222222222222 0.019166666666666665 0.034074074074074076
0 0.6170833333333333 0.46370370370370373 0.015833333333333335 0.03259259259259259
0 0.6170833333333333 0.42592592592592593 0.015833333333333335 0.03111111111111111
0 0.6408333333333334 0.4222222222222222 0.018333333333333333 0.02962962962962963
0 0.6454166666666666 0.4674074074074074 0.015833333333333335 0.034074074074074076
0 0.6675 0.48962962962962964 0.02666666666666667 0.037037037037037035
0 0.64 0.5214814814814814 0.021666666666666667 0.056296296296296296
0 0.6658333333333334 0.5481481481481482 0.03 0.044444444444444446
0 0.7145833333333333 0.4866666666666667 0.020833333333333332 0.04
0 0.6895833333333333 0.44592592592592595 0.0175 0.035555555555555556
0 0.67125 0.44 0.014166666666666666 0.03259259259259259
0 0.7216666666666667 0.4288888888888889 0.02 0.04
0 0.7541666666666667 0.42518518518518517 0.018333333333333333 0.03851851851851852
0 0.76375 0.45037037037037037 0.015833333333333335 0.02962962962962963
0 0.7908333333333334 0.49333333333333335 0.025 0.03851851851851852
0 0.8241666666666667 0.49407407407407405 0.023333333333333334 0.045925925925925926
0 0.7916666666666666 0.47333333333333333 0.016666666666666666 0.037037037037037035
0 0.7391666666666666 0.4748148148148148 0.02 0.04
0 0.6804166666666667 0.617037037037037 0.03916666666666667 0.0725925925925926
0 0.6508333333333334 0.7903703703703704 0.06333333333333334 0.10814814814814815
0 0.845 0.84 0.07 0.1362962962962963
0 0.855 0.6659259259259259 0.05 0.09037037037037036
0 0.9466666666666667 0.5733333333333334 0.03833333333333333 0.06222222222222222
0 0.9845833333333334 0.6918518518518518 0.029166666666666667 0.08592592592592592