0 0.04809052333804809 0.41596638655462187 0.08203677510608204 0.15406162464985995
0 0.013437057991513438 0.3235294117647059 0.024045261669024046 0.1092436974789916
0 0.1958981612446959 0.37254901960784315 0.06082036775106082 0.12324929971988796
0 0.26308345120226306 0.2969187675070028 0.05091937765205092 0.11204481792717087
0 0.24893917963224893 0.5 0.07920792079207921 0.18207282913165265
0 0.34016973125884015 0.1722689075630252 0.026874115983026876 0.06442577030812324
0 0.3727015558698727 0.30952380952380953 0.03818953323903819 0.1092436974789916
0 0.41654879773691655 0.4369747899159664 0.07496463932107496 0.15126050420168066
0 0.4724186704384724 0.33613445378151263 0.04526166902404526 0.11764705882352941
0 0.4908062234794908 0.25630252100840334 0.036775106082036775 0.09243697478991597
0 0.4391796322489392 0.18627450980392157 0.0297029702970297 0.0700280112044818
0 0.5502121640735502 0.3319327731092437 0.04526166902404526 0.1092436974789916
0 0.5586987270155587 0.23109243697478993 0.036775106082036775 0.07563025210084033
0 0.6173974540311173 0.3851540616246499 0.06082036775106082 0.13725490196078433
0 0.6633663366336634 0.34173669467787116 0.04526166902404526 0.10644257703081232
0 0.6414427157001414 0.29551820728291317 0.04101838755304102 0.07563025210084033
0 0.6711456859971712 0.2507002801120448 0.03818953323903819 0.08683473389355742
0 0.6584158415841584 0.6638655462184874 0.10608203677510608 0.24089635854341737
0 0.7340876944837341 0.4649859943977591 0.08486562942008487 0.20168067226890757
0 0.8203677510608204 0.3025210084033613 0.042432814710042434 0.10084033613445378
0 0.8712871287128713 0.27450980392156865 0.039603960396039604 0.09523809523809523
0 0.9087694483734088 0.40896358543417366 0.06082036775106082 0.1400560224089636
0 0.9646393210749646 0.31092436974789917 0.04809052333804809 0.12324929971988796