0 0.06785714285714285 0.4356223175965665 0.09 0.20600858369098712
0 0.11285714285714285 0.20815450643776823 0.1 0.19313304721030042
0 0.24357142857142858 0.17060085836909872 0.06714285714285714 0.11373390557939914
0 0.31285714285714283 0.2843347639484979 0.08 0.19527896995708155
0 0.3507142857142857 0.11909871244635194 0.07 0.09656652360515021
0 0.48214285714285715 0.2145922746781116 0.10714285714285714 0.18025751072961374
0 0.48928571428571427 0.0611587982832618 0.07857142857142857 0.11802575107296137
0 0.5964285714285714 0.13197424892703863 0.04428571428571428 0.08798283261802575
0 0.6342857142857142 0.15236051502145923 0.06285714285714286 0.11587982832618025
0 0.7342857142857143 0.15665236051502146 0.13714285714285715 0.22317596566523606
0 0.7607142857142857 0.6555793991416309 0.21 0.30257510729613735