0 0.721875 0.39906103286384975 0.034375 0.07042253521126761
0 0.6046875 0.4107981220657277 0.028125 0.051643192488262914
0 0.56953125 0.38967136150234744 0.0328125 0.046948356807511735
0 0.52109375 0.4131455399061033 0.0328125 0.046948356807511735
0 0.4859375 0.41431924882629106 0.028125 0.04929577464788732
0 0.45078125 0.4507042253521127 0.0453125 0.07042253521126761
0 0.4359375 0.3884976525821596 0.025 0.04929577464788732
0 0.32890625 0.44835680751173707 0.0578125 0.08450704225352113
0 0.34609375 0.39436619718309857 0.0390625 0.07042253521126761
0 0.29296875 0.3591549295774648 0.0265625 0.051643192488262914
0 0.2640625 0.36384976525821594 0.028125 0.046948356807511735
0 0.21953125 0.4460093896713615 0.0515625 0.07981220657276995
0 0.175 0.4096244131455399 0.046875 0.06807511737089202
0 0.06875 0.397887323943662 0.046875 0.07276995305164319
0 0.23125 0.3720657276995305 0.021875 0.03051643192488263
0 0.21796875 0.3568075117370892 0.0171875 0.03286384976525822