0 0.2509025270758123 0.609375 0.08664259927797834 0.1466346153846154
0 0.34657039711191334 0.4963942307692308 0.05054151624548736 0.06490384615384616
0 0.22202166064981949 0.4266826923076923 0.036101083032490974 0.06009615384615385
0 0.18682310469314078 0.43509615384615385 0.030685920577617327 0.03365384615384615
0 0.15974729241877256 0.421875 0.023465703971119134 0.03125
0 0.13267148014440433 0.41346153846153844 0.019855595667870037 0.028846153846153848
0 0.09476534296028881 0.4483173076923077 0.03790613718411552 0.06009615384615385
0 0.06227436823104693 0.421875 0.023465703971119134 0.03125
0 0.48826714801444043 0.5709134615384616 0.0776173285198556 0.12740384615384615
0 0.48646209386281586 0.45552884615384615 0.030685920577617327 0.040865384615384616
0 0.4675090252707581 0.44711538461538464 0.02527075812274368 0.038461538461538464
0 0.4620938628158845 0.43028846153846156 0.018050541516245487 0.02403846153846154
0 0.45306859205776173 0.4206730769230769 0.018050541516245487 0.02403846153846154
0 0.4007220216606498 0.41947115384615385 0.018050541516245487 0.026442307692307692
0 0.41606498194945846 0.41466346153846156 0.023465703971119134 0.026442307692307692
0 0.388086642599278 0.4423076923076923 0.02888086642599278 0.028846153846153848
0 0.34115523465703973 0.42908653846153844 0.021660649819494584 0.03125
0 0.351985559566787 0.41586538461538464 0.018050541516245487 0.028846153846153848
0 0.3267148014440433 0.3798076923076923 0.018050541516245487 0.028846153846153848
0 0.286101083032491 0.41947115384615385 0.016245487364620937 0.026442307692307692
0 0.26353790613718414 0.40625 0.018050541516245487 0.02403846153846154
0 0.5306859205776173 0.44350961538461536 0.021660649819494584 0.036057692307692304
0 0.618231046931408 0.4855769230769231 0.03429602888086643 0.0625
0 0.6462093862815884 0.46153846153846156 0.02527075812274368 0.04326923076923077
0 0.6597472924187726 0.44350961538461536 0.019855595667870037 0.036057692307692304
0 0.6759927797833934 0.4326923076923077 0.019855595667870037 0.03365384615384615
0 0.7148014440433214 0.42908653846153844 0.021660649819494584 0.036057692307692304
0 0.7283393501805054 0.4699519230769231 0.03790613718411552 0.06490384615384616
0 0.7815884476534296 0.4543269230769231 0.021660649819494584 0.038461538461538464
0 0.8140794223826715 0.4831730769230769 0.04332129963898917 0.0673076923076923
0 0.8212996389891697 0.4423076923076923 0.018050541516245487 0.028846153846153848
0 0.6380866425992779 0.4230769230769231 0.016245487364620937 0.02403846153846154
0 0.6083032490974729 0.4230769230769231 0.010830324909747292 0.02403846153846154
0 0.8790613718411552 0.5480769230769231 0.06498194945848375 0.09615384615384616
0 0.8971119133574007 0.49038461538461536 0.04332129963898917 0.0625
0 0.9259927797833934 0.4735576923076923 0.032490974729241874 0.057692307692307696
0 0.9711191335740073 0.45552884615384615 0.032490974729241874 0.04567307692307692
0 0.9783393501805054 0.5180288461538461 0.039711191335740074 0.09375