0 0.1375 0.16166666666666665 0.135 0.2633333333333333
0 0.3516666666666667 0.35 0.11333333333333333 0.2
0 0.5275 0.525 0.135 0.29
0 0.7483333333333333 0.5083333333333333 0.07 0.18333333333333332
0 0.7016666666666667 0.385 0.05 0.14333333333333334
0 0.6541666666666667 0.3 0.058333333333333334 0.12666666666666668
0 0.6566666666666666 0.185 0.03666666666666667 0.09
0 0.6025 0.11333333333333333 0.055 0.08666666666666667
0 0.5016666666666667 0.15166666666666667 0.06 0.11666666666666667
0 0.4583333333333333 0.27166666666666667 0.06 0.17
0 0.8408333333333333 0.30333333333333334 0.041666666666666664 0.09333333333333334