0 0.07590361445783132 0.4708029197080292 0.06506024096385542 0.11678832116788321
0 0.13253012048192772 0.47992700729927007 0.05301204819277108 0.10583941605839416
0 0.18795180722891566 0.6076642335766423 0.05783132530120482 0.10583941605839416
0 0.21325301204819277 0.5255474452554745 0.05542168674698795 0.08759124087591241
0 0.24096385542168675 0.45985401459854014 0.05301204819277108 0.08759124087591241
0 0.29036144578313255 0.5164233576642335 0.05060240963855422 0.09124087591240876
0 0.3265060240963855 0.5802919708029197 0.05060240963855422 0.10218978102189781
0 0.39036144578313253 0.6021897810218978 0.05301204819277108 0.0948905109489051
0 0.39879518072289155 0.5164233576642335 0.05542168674698795 0.09124087591240876
0 0.4831325301204819 0.5164233576642335 0.05060240963855422 0.09124087591240876
0 0.5783132530120482 0.5766423357664233 0.05301204819277108 0.10218978102189781
0 0.6180722891566265 0.5456204379562044 0.04578313253012048 0.09124087591240876
0 0.653012048192771 0.5 0.03855421686746988 0.08029197080291971
0 0.6975903614457831 0.5383211678832117 0.04578313253012048 0.09124087591240876
0 0.7289156626506024 0.6277372262773723 0.06506024096385542 0.12408759124087591
0 0.7120481927710843 0.5 0.04578313253012048 0.08029197080291971
0 0.7421686746987952 0.5200729927007299 0.04819277108433735 0.08394160583941605
0 0.7867469879518072 0.49635036496350365 0.04578313253012048 0.08029197080291971
0 0.7927710843373494 0.5857664233576643 0.05301204819277108 0.09124087591240876
0 0.8481927710843373 0.541970802919708 0.04819277108433735 0.09124087591240876
0 0.9012048192771084 0.5383211678832117 0.03855421686746988 0.07664233576642336
0 0.9493975903614458 0.5328467153284672 0.04819277108433735 0.08759124087591241