0 0.072 0.908 0.112 0.164
0 0.182 0.916 0.084 0.12
0 0.2613333333333333 0.889 0.048 0.066
0 0.2786666666666667 0.954 0.050666666666666665 0.072
0 0.374 0.874 0.11066666666666666 0.152
0 0.43733333333333335 0.873 0.034666666666666665 0.066
0 0.5686666666666667 0.91 0.06533333333333333 0.112
0 0.652 0.928 0.06666666666666667 0.116
0 0.7486666666666667 0.862 0.036 0.06
0 0.7973333333333333 0.861 0.042666666666666665 0.07
0 0.8293333333333334 0.884 0.032 0.056
0 0.8626666666666667 0.841 0.05333333333333334 0.07
0 0.9546666666666667 0.851 0.072 0.13