0 0.1109375 0.30941176470588233 0.046875 0.08235294117647059
0 0.190625 0.43176470588235294 0.10625 0.18588235294117647
0 0.25625 0.32588235294117646 0.04375 0.08705882352941176
0 0.32734375 0.36941176470588233 0.0546875 0.10352941176470588
0 0.4140625 0.3341176470588235 0.040625 0.07058823529411765
0 0.47578125 0.36470588235294116 0.0453125 0.07058823529411765
0 0.52109375 0.4682352941176471 0.1015625 0.16941176470588235
0 0.50625 0.3388235294117647 0.03125 0.0611764705882353
0 0.62578125 0.3635294117647059 0.0421875 0.08235294117647059
0 0.70234375 0.37058823529411766 0.0359375 0.058823529411764705
0 0.734375 0.44 0.065625 0.11294117647058824
0 0.8171875 0.38 0.034375 0.07294117647058823
0 0.9171875 0.38823529411764707 0.03125 0.07058823529411765
0 0.98359375 0.40941176470588236 0.0296875 0.09411764705882353