0 0.1918181818181818 0.5303571428571429 0.045454545454545456 0.11785714285714285
0 0.2972727272727273 0.5464285714285714 0.06 0.12857142857142856
0 0.2609090909090909 0.49464285714285716 0.045454545454545456 0.10357142857142858
0 0.3381818181818182 0.48392857142857143 0.03636363636363636 0.08214285714285714
0 0.3881818181818182 0.5267857142857143 0.045454545454545456 0.11071428571428571
0 0.4172727272727273 0.2892857142857143 0.04909090909090909 0.09285714285714286
0 0.47909090909090907 0.43214285714285716 0.038181818181818185 0.07142857142857142
0 0.6845454545454546 0.30714285714285716 0.034545454545454546 0.06428571428571428
0 0.6227272727272727 0.6803571428571429 0.0890909090909091 0.18928571428571428
0 0.7227272727272728 0.6375 0.07454545454545454 0.175
0 0.8572727272727273 0.7571428571428571 0.13636363636363635 0.3
0 0.8572727272727273 0.5553571428571429 0.056363636363636366 0.11785714285714285
0 0.8472727272727273 0.4625 0.05090909090909091 0.11071428571428571
0 0.8063636363636364 0.4714285714285714 0.04181818181818182 0.09285714285714286
0 0.7627272727272727 0.43392857142857144 0.038181818181818185 0.075
0 0.7545454545454545 0.5303571428571429 0.04363636363636364 0.11071428571428571
0 0.7145454545454546 0.44642857142857145 0.03636363636363636 0.07142857142857142
0 0.9118181818181819 0.42678571428571427 0.056363636363636366 0.08214285714285714
0 0.8981818181818182 0.48392857142857143 0.03272727272727273 0.08214285714285714
0 0.9618181818181818 0.48928571428571427 0.05454545454545454 0.12142857142857143