0 0.503 0.4774774774774775 0.03 0.042042042042042045
0 0.656 0.6456456456456456 0.048 0.08408408408408409
0 0.811 0.7042042042042042 0.07 0.1111111111111111
0 0.865 0.6321321321321322 0.066 0.1111111111111111
0 0.555 0.6636636636636637 0.05 0.07207207207207207
0 0.496 0.7372372372372372 0.072 0.14714714714714713
0 0.368 0.8903903903903904 0.156 0.19519519519519518
0 0.366 0.7387387387387387 0.064 0.10810810810810811
0 0.443 0.6606606606606606 0.042 0.07207207207207207
0 0.358 0.6531531531531531 0.04 0.06906906906906907
0 0.24 0.6456456456456456 0.04 0.07207207207207207
0 0.2 0.7252252252252253 0.056 0.08708708708708708
0 0.126 0.6876876876876877 0.052 0.07807807807807808
0 0.158 0.6456456456456456 0.028 0.04804804804804805
0 0.098 0.6426426426426426 0.032 0.04804804804804805
0 0.063 0.6321321321321322 0.03 0.04504504504504504
0 0.059 0.6951951951951952 0.054 0.07507507507507508