0 0.15384615384615385 0.7105263157894737 0.026755852842809364 0.05263157894736842
0 0.08779264214046822 0.8114035087719298 0.0451505016722408 0.07309941520467836
0 0.2583612040133779 0.8216374269005848 0.0451505016722408 0.08187134502923976
0 0.3085284280936455 0.7149122807017544 0.038461538461538464 0.06725146198830409
0 0.4816053511705686 0.5365497076023392 0.026755852842809364 0.06140350877192982
0 0.4406354515050167 0.7777777777777778 0.0451505016722408 0.07602339181286549
0 0.451505016722408 0.9035087719298246 0.04013377926421405 0.07602339181286549
0 0.6212374581939799 0.793859649122807 0.03511705685618729 0.06140350877192982
0 0.6588628762541806 0.9122807017543859 0.043478260869565216 0.08771929824561403
0 0.7892976588628763 0.847953216374269 0.04013377926421405 0.07017543859649122
0 0.8979933110367893 0.7631578947368421 0.03678929765886288 0.07017543859649122
0 0.967391304347826 0.8464912280701754 0.048494983277591976 0.07894736842105263