0 0.0825 0.445 0.058333333333333334 0.09
0 0.12083333333333333 0.3575 0.03833333333333333 0.055
0 0.175 0.385 0.04 0.09
0 0.17083333333333334 0.31625 0.03166666666666667 0.0525
0 0.16666666666666666 0.2725 0.03333333333333333 0.045
0 0.20833333333333334 0.28125 0.02666666666666667 0.0425
0 0.23166666666666666 0.40625 0.056666666666666664 0.1075
0 0.27666666666666667 0.3775 0.04 0.075
0 0.24583333333333332 0.33375 0.028333333333333332 0.0475
0 0.28833333333333333 0.32125 0.03333333333333333 0.0475
0 0.2833333333333333 0.2725 0.03 0.05
0 0.3333333333333333 0.31625 0.03 0.0575
0 0.3541666666666667 0.3275 0.03166666666666667 0.06
0 0.38 0.3275 0.03333333333333333 0.055
0 0.36583333333333334 0.27 0.025 0.045
0 0.39916666666666667 0.21 0.028333333333333332 0.045
0 0.365 0.4125 0.043333333333333335 0.085
0 0.3925 0.38875 0.035 0.0675
0 0.4508333333333333 0.38875 0.041666666666666664 0.0725
0 0.4866666666666667 0.4125 0.05 0.09
0 0.49333333333333335 0.33375 0.03 0.0575
0 0.46166666666666667 0.31125 0.03 0.0575
0 0.43416666666666665 0.3125 0.03166666666666667 0.06
0 0.4508333333333333 0.22625 0.028333333333333332 0.0525
0 0.485 0.2225 0.023333333333333334 0.045
0 0.5125 0.23375 0.021666666666666667 0.0475
0 0.5316666666666666 0.3175 0.03 0.055
0 0.52 0.28625 0.03 0.0525
0 0.5666666666666667 0.2325 0.023333333333333334 0.04
0 0.5883333333333334 0.30625 0.03 0.0525
0 0.5541666666666667 0.3525 0.028333333333333332 0.065
0 0.5825 0.3875 0.035 0.075
0 0.6341666666666667 0.42 0.051666666666666666 0.09
0 0.6075 0.2475 0.028333333333333332 0.045
0 0.5891666666666666 0.2075 0.021666666666666667 0.04
0 0.6375 0.19 0.028333333333333332 0.05
0 0.6575 0.24375 0.028333333333333332 0.0525
0 0.6283333333333333 0.31625 0.02666666666666667 0.0625
0 0.6541666666666667 0.3325 0.028333333333333332 0.06
0 0.6991666666666667 0.37375 0.03833333333333333 0.0775
0 0.7466666666666667 0.44 0.05 0.09
0 0.7816666666666666 0.38125 0.03666666666666667 0.0625
0 0.7558333333333334 0.3225 0.03833333333333333 0.07
0 0.86 0.44125 0.06 0.0975