0 0.0409330985915493 0.7758215962441315 0.0801056338028169 0.22535211267605634
0 0.24647887323943662 0.8984741784037559 0.14084507042253522 0.2007042253521127
0 0.2108274647887324 0.659037558685446 0.08714788732394366 0.13028169014084506
0 0.09330985915492958 0.5029342723004695 0.04929577464788732 0.08333333333333333
0 0.07130281690140845 0.45715962441314556 0.03697183098591549 0.05046948356807512
0 0.022007042253521125 0.45011737089201875 0.02992957746478873 0.05516431924882629
0 0.15845070422535212 0.4818075117370892 0.040492957746478875 0.05985915492957746
0 0.13776408450704225 0.4325117370892019 0.03433098591549296 0.05046948356807512
0 0.21434859154929578 0.448943661971831 0.032570422535211266 0.04812206572769953
0 0.29577464788732394 0.465962441314554 0.03169014084507042 0.0539906103286385
0 0.2381161971830986 0.465962441314554 0.037852112676056336 0.06103286384976526
0 0.3789612676056338 0.5586854460093896 0.06778169014084508 0.107981220657277
0 0.4163732394366197 0.539906103286385 0.05457746478873239 0.09154929577464789
0 0.45202464788732394 0.6748826291079812 0.08890845070422536 0.15023474178403756
0 0.5484154929577465 0.6120892018779343 0.058098591549295774 0.09976525821596244
0 0.5660211267605634 0.5639671361502347 0.05457746478873239 0.07394366197183098
0 0.5158450704225352 0.47124413145539906 0.04401408450704225 0.062206572769953054
0 0.5845070422535211 0.4524647887323944 0.035211267605633804 0.062206572769953054
0 0.6139964788732394 0.49119718309859156 0.03961267605633803 0.05516431924882629
0 0.6910211267605634 0.4935446009389671 0.03345070422535211 0.05516431924882629
0 0.7544014084507042 0.7083333333333334 0.11267605633802817 0.17018779342723006
0 0.7552816901408451 0.6226525821596244 0.0721830985915493 0.12089201877934272
0 0.7605633802816901 0.5293427230046949 0.061619718309859156 0.08685446009389672
0 0.8516725352112676 0.5052816901408451 0.03961267605633803 0.062206572769953054
0 0.8851232394366197 0.5252347417840375 0.04841549295774648 0.07629107981220658
0 0.9168133802816901 0.5645539906103286 0.06426056338028169 0.09859154929577464
0 0.9661091549295775 0.6343896713615024 0.05897887323943662 0.13028169014084506
0 0.7904929577464789 0.9049295774647887 0.15845070422535212 0.18779342723004694