0 0.4375 0.46125 0.060393258426966294 0.1325
0 0.5632022471910112 0.48875 0.03651685393258427 0.1075
0 0.6165730337078652 0.56125 0.06460674157303371 0.1375
0 0.6264044943820225 0.47375 0.047752808988764044 0.0925
0 0.6804775280898876 0.365 0.0351123595505618 0.065
0 0.7289325842696629 0.52125 0.05056179775280899 0.1025
0 0.711376404494382 0.6675 0.10533707865168539 0.15
0 0.827247191011236 0.43 0.042134831460674156 0.085
0 0.8785112359550562 0.505 0.054775280898876406 0.12
0 0.9297752808988764 0.7275 0.11235955056179775 0.17
0 0.9740168539325843 0.55375 0.04353932584269663 0.1125