0 0.1650294695481336 0.379746835443038 0.07072691552062868 0.11139240506329114
0 0.06581532416502947 0.8607594936708861 0.12770137524557956 0.2430379746835443
0 0.4302554027504912 0.5810126582278481 0.10216110019646366 0.15949367088607594
0 0.34086444007858546 0.3949367088607595 0.05697445972495088 0.0810126582278481
0 0.4056974459724951 0.3759493670886076 0.05304518664047151 0.08354430379746836
0 0.5461689587426326 0.38354430379746834 0.047151277013752456 0.07848101265822785
0 0.5717092337917485 0.36455696202531646 0.05108055009823183 0.0759493670886076
0 0.6817288801571709 0.3620253164556962 0.047151277013752456 0.060759493670886074
0 0.8153241650294696 0.3493670886075949 0.047151277013752456 0.06582278481012659
0 0.8595284872298625 0.4379746835443038 0.04911591355599214 0.0759493670886076
0 0.9096267190569745 0.4316455696202532 0.05108055009823183 0.07341772151898734
0 0.6905697445972495 0.44050632911392407 0.05697445972495088 0.08607594936708861
0 0.7170923379174853 0.4620253164556962 0.0550098231827112 0.08860759493670886
0 0.555992141453831 0.5645569620253165 0.0825147347740668 0.13164556962025317
0 0.9587426326129665 0.6455696202531646 0.07858546168958742 0.12658227848101267