0 0.10125 0.8033333333333333 0.0825 0.11333333333333333
0 0.125 0.7333333333333333 0.065 0.08
0 0.154375 0.6641666666666667 0.05375 0.085
0 0.27125 0.6141666666666666 0.0375 0.04833333333333333
0 0.313125 0.6825 0.05875 0.06833333333333333
0 0.2725 0.7466666666666667 0.08 0.11666666666666667
0 0.361875 0.7675 0.07625 0.115
0 0.4 0.7966666666666666 0.105 0.13666666666666666
0 0.37375 0.6241666666666666 0.04 0.04833333333333333
0 0.44875 0.6775 0.055 0.075
0 0.46 0.7491666666666666 0.0525 0.08833333333333333
0 0.52625 0.7375 0.0725 0.105
0 0.5125 0.6725 0.045 0.065
0 0.561875 0.6833333333333333 0.05125 0.06666666666666667
0 0.601875 0.855 0.10875 0.17333333333333334
0 0.663125 0.7075 0.06625 0.105
0 0.761875 0.9116666666666666 0.13625 0.17333333333333334
0 0.74625 0.6383333333333333 0.0475 0.08
0 0.79375 0.67 0.045 0.06333333333333334
0 0.86375 0.6775 0.05 0.06833333333333333
0 0.909375 0.6741666666666667 0.03875 0.07166666666666667
0 0.931875 0.6366666666666667 0.04125 0.06333333333333334
0 0.955625 0.7041666666666667 0.06375 0.095
0 0.87375 0.5041666666666667 0.03 0.041666666666666664