0 0.0457089552238806 0.4229828850855746 0.07649253731343283 0.097799511002445
0 0.05317164179104478 0.36674816625916873 0.04291044776119403 0.06845965770171149
0 0.1501865671641791 0.363080684596577 0.061567164179104475 0.08557457212713937
0 0.14738805970149255 0.31784841075794623 0.041044776119402986 0.05378973105134474
0 0.25093283582089554 0.3545232273838631 0.061567164179104475 0.08801955990220049
0 0.29011194029850745 0.38508557457212717 0.07649253731343283 0.1100244498777506
0 0.27611940298507465 0.4621026894865526 0.11940298507462686 0.15158924205378974
0 0.3218283582089552 0.5990220048899756 0.15485074626865672 0.19070904645476772
0 0.36473880597014924 0.293398533007335 0.04664179104477612 0.06356968215158924
0 0.44776119402985076 0.30684596577017115 0.055970149253731345 0.07090464547677261
0 0.4962686567164179 0.3202933985330073 0.06716417910447761 0.08801955990220049
0 0.5652985074626866 0.3105134474327628 0.05223880597014925 0.07823960880195599
0 0.6184701492537313 0.38386308068459657 0.08395522388059702 0.10757946210268948
0 0.6697761194029851 0.2982885085574572 0.06343283582089553 0.097799511002445
0 0.7779850746268657 0.41075794621026895 0.1044776119402985 0.13691931540342298
0 0.7798507462686567 0.30073349633251834 0.048507462686567165 0.07334963325183375
0 0.7472014925373134 0.2921760391198044 0.04291044776119403 0.07090464547677261
0 0.8796641791044776 0.3105134474327628 0.061567164179104475 0.07823960880195599
0 0.9375 0.28484107579462103 0.04664179104477612 0.07090464547677261
0 0.9617537313432836 0.402200488997555 0.07276119402985075 0.16381418092909536