0 0.1000299043062201 0.7488758992805755 0.05771531100478469 0.08857913669064749
0 0.145933014354067 0.6998651079136691 0.05083732057416268 0.09307553956834533
0 0.1508672248803828 0.8053057553956835 0.06190191387559808 0.09712230215827339
0 0.1320275119617225 0.885341726618705 0.08702153110047847 0.12949640287769784
0 0.18181818181818182 0.9575089928057554 0.13337320574162678 0.08138489208633093
0 0.26001794258373206 0.7106564748201439 0.06728468899521531 0.1110611510791367
0 0.28648325358851673 0.6827787769784173 0.04665071770334928 0.08678057553956835
0 0.34061004784689 0.802158273381295 0.06339712918660287 0.09082733812949641
0 0.392494019138756 0.44154676258992803 0.04455741626794258 0.09082733812949641
0 0.4784688995215311 0.5173111510791367 0.05083732057416268 0.0795863309352518
0 0.5148026315789473 0.5119154676258992 0.04874401913875598 0.07508992805755396
0 0.56563995215311 0.49797661870503596 0.041566985645933016 0.08048561151079137
0 0.6505681818181818 0.49505395683453235 0.049940191387559806 0.08363309352517985
0 0.6674641148325359 0.48943345323741005 0.03409090909090909 0.07419064748201439
0 0.71561004784689 0.4973021582733813 0.04665071770334928 0.07733812949640288
0 0.7384868421052632 0.493705035971223 0.046351674641148324 0.08093525179856115
0 0.7621112440191388 0.4550359712230216 0.0409688995215311 0.07823741007194245
0 0.5642942583732058 0.7446043165467626 0.056818181818181816 0.09712230215827339
0 0.5417165071770335 0.6875 0.05472488038277512 0.08992805755395683
0 0.632177033492823 0.7113309352517986 0.06339712918660287 0.10341726618705036
0 0.6498205741626795 0.6609712230215827 0.05143540669856459 0.08273381294964029
0 0.7169557416267942 0.8017086330935251 0.07446172248803828 0.11690647482014388
0 0.9194078947368421 0.7879946043165468 0.07864832535885168 0.1110611510791367
0 0.8741028708133971 0.7180755395683454 0.05921052631578947 0.08363309352517985
0 0.8462918660287081 0.6605215827338129 0.05502392344497608 0.07733812949640288