0 0.03671875 0.6601423487544484 0.0265625 0.08185053380782918
0 0.08671875 0.6814946619217082 0.0359375 0.09608540925266904
0 0.1203125 0.798932384341637 0.059375 0.1601423487544484
0 0.17734375 0.7384341637010676 0.0421875 0.09608540925266904
0 0.3625 0.8985765124555161 0.075 0.16725978647686832
0 0.7640625 0.9341637010676157 0.053125 0.10320284697508897
0 0.10859375 0.5071174377224199 0.0203125 0.03914590747330961
0 0.08203125 0.501779359430605 0.0140625 0.03558718861209965
0 0.20390625 0.5231316725978647 0.0140625 0.042704626334519574
0 0.2296875 0.505338078291815 0.0125 0.028469750889679714
0 0.27109375 0.5604982206405694 0.0171875 0.046263345195729534
0 0.23359375 0.5622775800711743 0.0140625 0.03558718861209965
0 0.25078125 0.5177935943060499 0.0109375 0.02491103202846975
0 0.33125 0.5409252669039146 0.01875 0.03558718861209965
0 0.3984375 0.6245551601423488 0.034375 0.06761565836298933
0 0.440625 0.6548042704626335 0.021875 0.06405693950177936
0 0.503125 0.6743772241992882 0.025 0.06761565836298933
0 0.5484375 0.6334519572953736 0.01875 0.042704626334519574
0 0.56875 0.5836298932384342 0.01875 0.042704626334519574
0 0.5875 0.6903914590747331 0.021875 0.0498220640569395
0 0.6234375 0.6476868327402135 0.025 0.07829181494661921
0 0.6671875 0.6797153024911032 0.034375 0.09252669039145907
0 0.7125 0.7046263345195729 0.028125 0.07829181494661921
0 0.69609375 0.6387900355871886 0.0234375 0.05338078291814947
0 0.67265625 0.5782918149466192 0.0203125 0.05338078291814947
0 0.63046875 0.5622775800711743 0.0140625 0.0498220640569395
0 0.5890625 0.5462633451957295 0.01875 0.03914590747330961
0 0.77734375 0.6138790035587188 0.0234375 0.060498220640569395
0 0.73671875 0.6637010676156584 0.0265625 0.07473309608540925
0 0.8015625 0.7188612099644128 0.034375 0.08540925266903915
0 0.76171875 0.5782918149466192 0.0203125 0.046263345195729534
0 0.790625 0.5427046263345195 0.015625 0.03914590747330961
0 0.8078125 0.6014234875444839 0.015625 0.03558718861209965
0 0.12578125 0.42170818505338076 0.0171875 0.03202846975088968
0 0.1546875 0.4128113879003559 0.009375 0.03558718861209965