0 0.09 0.5345345345345346 0.084 0.13213213213213212
0 0.184 0.5330330330330331 0.044 0.08708708708708708
0 0.27 0.539039039039039 0.116 0.17117117117117117
0 0.42 0.5225225225225225 0.04 0.06606606606606606
0 0.395 0.506006006006006 0.026 0.05105105105105105
0 0.448 0.527027027027027 0.032 0.04504504504504504
0 0.588 0.53003003003003 0.12 0.17117117117117117
0 0.676 0.5330330330330331 0.056 0.08708708708708708
0 0.747 0.5165165165165165 0.038 0.06006006006006006
0 0.822 0.521021021021021 0.052 0.08108108108108109
0 0.908 0.5585585585585585 0.1 0.18618618618618618