0 0.146 0.3142857142857143 0.088 0.17857142857142858
0 0.352 0.3196428571428571 0.092 0.18214285714285713
0 0.388 0.19285714285714287 0.032 0.06428571428571428
0 0.422 0.24285714285714285 0.032 0.05714285714285714
0 0.461 0.21607142857142858 0.038 0.06785714285714285
0 0.48 0.2571428571428571 0.036 0.06428571428571428
0 0.573 0.24107142857142858 0.082 0.18214285714285713
0 0.591 0.1392857142857143 0.042 0.08571428571428572
0 0.677 0.12142857142857143 0.034 0.06428571428571428
0 0.706 0.18928571428571428 0.028 0.07142857142857142
0 0.814 0.23214285714285715 0.088 0.19285714285714287
0 0.919 0.29642857142857143 0.05 0.08571428571428572
0 0.97 0.15357142857142858 0.036 0.08571428571428572