0 0.4041666666666667 0.8611111111111112 0.23333333333333334 0.26666666666666666
0 0.28229166666666666 0.8361111111111111 0.18541666666666667 0.29444444444444445
0 0.2125 0.6944444444444444 0.15 0.2
0 0.21041666666666667 0.5944444444444444 0.1125 0.12777777777777777
0 0.24166666666666667 0.5555555555555556 0.07083333333333333 0.1111111111111111
0 0.21875 0.48055555555555557 0.075 0.09444444444444444
0 0.5364583333333334 0.5111111111111111 0.06458333333333334 0.13333333333333333
0 0.5927083333333333 0.5166666666666667 0.06458333333333334 0.1
0 0.6489583333333333 0.5388888888888889 0.09375 0.13333333333333333
0 0.5229166666666667 0.4583333333333333 0.0625 0.07777777777777778
0 0.5729166666666666 0.25972222222222224 0.04583333333333333 0.08055555555555556
0 0.7791666666666667 0.4583333333333333 0.05416666666666667 0.09444444444444444
0 0.740625 0.4597222222222222 0.04791666666666667 0.09722222222222222
0 0.8302083333333333 0.6805555555555556 0.11458333333333333 0.23333333333333334
0 0.8135416666666667 0.5986111111111111 0.10208333333333333 0.14722222222222223
0 0.93125 0.46805555555555556 0.06666666666666667 0.11944444444444445
0 0.8864583333333333 0.45 0.06041666666666667 0.11666666666666667
0 0.8333333333333334 0.4027777777777778 0.05416666666666667 0.1