0 0.2517241379310345 0.48132780082987553 0.031724137931034485 0.04979253112033195
0 0.34344827586206894 0.504149377593361 0.03586206896551724 0.04979253112033195
0 0.3303448275862069 0.483402489626556 0.028965517241379312 0.04979253112033195
0 0.4013793103448276 0.5020746887966805 0.04689655172413793 0.06639004149377593
0 0.3972413793103448 0.38589211618257263 0.022068965517241378 0.04149377593360996
0 0.27448275862068966 0.6099585062240664 0.05517241379310345 0.07883817427385892
0 0.263448275862069 0.5612033195020747 0.03586206896551724 0.05186721991701245
0 0.39448275862068966 0.6379668049792531 0.09379310344827586 0.13485477178423236
0 0.46206896551724136 0.5964730290456431 0.05517241379310345 0.07676348547717843
0 0.48413793103448277 0.4636929460580913 0.030344827586206897 0.043568464730290454
0 0.5427586206896552 0.4605809128630705 0.034482758620689655 0.05394190871369295
0 0.5751724137931035 0.504149377593361 0.041379310344827586 0.06639004149377593
0 0.58 0.6296680497925311 0.09517241379310344 0.13485477178423236
0 0.6827586206896552 0.8827800829875518 0.21241379310344827 0.23029045643153526
0 0.9455172413793104 0.8381742738589212 0.10620689655172413 0.2821576763485477
0 0.8255172413793104 0.5155601659751037 0.05379310344827586 0.0975103734439834
0 0.8862068965517241 0.516597510373444 0.05931034482758621 0.08298755186721991
0 0.9503448275862069 0.48858921161825725 0.041379310344827586 0.07261410788381743
0 0.7655172413793103 0.5051867219917012 0.044137931034482755 0.06431535269709543
0 0.7296551724137931 0.4678423236514523 0.03310344827586207 0.04771784232365145
0 0.7158620689655173 0.4460580912863071 0.03310344827586207 0.04564315352697095
0 0.6662068965517242 0.46265560165975106 0.027586206896551724 0.04564315352697095
0 0.6551724137931034 0.5072614107883817 0.0496551724137931 0.06431535269709543