0 0.0609375 0.8136020151133502 0.071875 0.11586901763224182
0 0.1375 0.739294710327456 0.059375 0.10831234256926953
0 0.17890625 0.7481108312342569 0.0734375 0.1309823677581864
0 0.25078125 0.8677581863979849 0.1109375 0.19899244332493704
0 0.16953125 0.924433249370277 0.1515625 0.14609571788413098
0 0.26796875 0.7468513853904282 0.0671875 0.11335012594458438
0 0.35703125 0.7405541561712846 0.0578125 0.10579345088161209
0 0.39609375 0.8060453400503779 0.0859375 0.1561712846347607
0 0.4921875 0.906801007556675 0.146875 0.181360201511335
0 0.4921875 0.7657430730478589 0.078125 0.11083123425692695
0 0.5484375 0.7405541561712846 0.059375 0.10579345088161209
0 0.609375 0.7934508816120907 0.08125 0.15113350125944586
0 0.6765625 0.7934508816120907 0.075 0.1309823677581864
0 0.6921875 0.6977329974811083 0.059375 0.10579345088161209
0 0.9609375 0.6826196473551638 0.071875 0.12594458438287154