0 0.8983333333333333 0.5492307692307692 0.02666666666666667 0.052307692307692305
0 0.8391666666666666 0.5984615384615385 0.021666666666666667 0.046153846153846156
0 0.8141666666666667 0.5784615384615385 0.021666666666666667 0.043076923076923075
0 0.7608333333333334 0.56 0.028333333333333332 0.055384615384615386
0 0.8583333333333333 0.5430769230769231 0.02 0.046153846153846156
0 0.93 0.5938461538461538 0.016666666666666666 0.043076923076923075
0 0.6475 0.5523076923076923 0.015 0.027692307692307693
0 0.5558333333333333 0.5538461538461539 0.018333333333333333 0.036923076923076927
0 0.5475 0.5692307692307692 0.015 0.024615384615384615
0 0.49 0.563076923076923 0.013333333333333334 0.024615384615384615
0 0.4683333333333333 0.58 0.01 0.021538461538461538
0 0.455 0.5753846153846154 0.01 0.018461538461538463
0 0.4 0.563076923076923 0.01 0.018461538461538463
0 0.27416666666666667 0.5738461538461539 0.021666666666666667 0.04
0 0.43666666666666665 0.563076923076923 0.01 0.024615384615384615
0 0.4116666666666667 0.56 0.01 0.018461538461538463
0 0.0275 0.5707692307692308 0.015 0.027692307692307693
0 0.07583333333333334 0.5938461538461538 0.015 0.024615384615384615
0 0.09833333333333333 0.5861538461538461 0.013333333333333334 0.027692307692307693
0 0.11416666666666667 0.5738461538461539 0.011666666666666667 0.033846153846153845
0 0.12666666666666668 0.5707692307692308 0.013333333333333334 0.027692307692307693
0 0.16666666666666666 0.5769230769230769 0.013333333333333334 0.027692307692307693