0 0.6659574468085107 0.24041533546325877 0.02127659574468085 0.04313099041533546
0 0.5 0.3210862619808307 0.027659574468085105 0.051118210862619806
0 0.5377659574468086 0.32028753993610226 0.026595744680851064 0.0463258785942492
0 0.5180851063829788 0.28913738019169327 0.023404255319148935 0.03514376996805112
0 0.5404255319148936 0.2803514376996805 0.01702127659574468 0.036741214057507986
0 0.31382978723404253 0.3498402555910543 0.04893617021276596 0.08626198083067092
0 0.2271276595744681 0.365814696485623 0.06702127659574468 0.11182108626198083
0 0.07819148936170213 0.4145367412140575 0.11382978723404255 0.17092651757188498
0 0.1 0.3226837060702875 0.06170212765957447 0.08945686900958466
0 0.022872340425531913 0.24920127795527156 0.03723404255319149 0.06070287539936102
0 0.06223404255319149 0.24281150159744408 0.02872340425531915 0.04792332268370607
0 0.03829787234042553 0.23242811501597443 0.023404255319148935 0.04952076677316294
0 0.06861702127659575 0.21725239616613418 0.02021276595744681 0.03514376996805112
0 0.10212765957446808 0.26996805111821087 0.03404255319148936 0.05750798722044728
0 0.14042553191489363 0.2715654952076677 0.027659574468085105 0.054313099041533544
0 0.15212765957446808 0.24121405750798722 0.019148936170212766 0.04153354632587859
0 0.12925531914893618 0.24600638977635783 0.02021276595744681 0.04153354632587859
0 0.10957446808510639 0.24041533546325877 0.023404255319148935 0.03354632587859425
0 0.17287234042553193 0.24281150159744408 0.018085106382978722 0.038338658146964855
0 0.19414893617021275 0.2476038338658147 0.02446808510638298 0.04472843450479233
0 0.22606382978723405 0.26437699680511184 0.026595744680851064 0.04313099041533546
0 0.26063829787234044 0.3027156549520767 0.029787234042553193 0.052715654952076675
0 0.28191489361702127 0.2763578274760383 0.02127659574468085 0.03514376996805112
0 0.3069148936170213 0.2723642172523962 0.02021276595744681 0.036741214057507986
0 0.32074468085106383 0.2955271565495208 0.02446808510638298 0.038338658146964855
0 0.33882978723404256 0.3083067092651757 0.018085106382978722 0.054313099041533544
0 0.35319148936170214 0.28434504792332266 0.02127659574468085 0.04472843450479233
0 0.36648936170212765 0.25878594249201275 0.013829787234042552 0.02875399361022364
0 0.38085106382978723 0.26118210862619806 0.01276595744680851 0.027156549520766772
0 0.3946808510638298 0.26757188498402557 0.01702127659574468 0.03354632587859425
0 0.3803191489361702 0.29472843450479236 0.018085106382978722 0.03035143769968051
0 0.4106382978723404 0.29313099041533547 0.023404255319148935 0.04313099041533546
0 0.42340425531914894 0.3250798722044728 0.01702127659574468 0.036741214057507986
0 0.4271276595744681 0.2731629392971246 0.011702127659574468 0.03194888178913738
0 0.44148936170212766 0.2771565495207668 0.01276595744680851 0.03354632587859425
0 0.4531914893617021 0.28354632587859424 0.01702127659574468 0.036741214057507986
0 0.46382978723404256 0.2779552715654952 0.014893617021276596 0.03194888178913738
0 0.4787234042553192 0.26916932907348246 0.01276595744680851 0.027156549520766772
0 0.4888297872340426 0.28674121405750796 0.011702127659574468 0.023961661341853034
0 0.500531914893617 0.28354632587859424 0.015957446808510637 0.039936102236421724
0 0.33404255319148934 0.2547923322683706 0.01702127659574468 0.03354632587859425
0 0.31648936170212766 0.24440894568690097 0.015957446808510637 0.03514376996805112
0 0.28404255319148936 0.23961661341853036 0.01702127659574468 0.01597444089456869
0 0.2712765957446808 0.24041533546325877 0.01702127659574468 0.023961661341853034
0 0.2553191489361702 0.24201277955271566 0.023404255319148935 0.03035143769968051
0 0.2377659574468085 0.2388178913738019 0.015957446808510637 0.023961661341853034