0 0.952 0.17848605577689244 0.076 0.12749003984063745
0 0.5315 0.7115537848605578 0.113 0.17051792828685258
0 0.26575 0.9398406374501992 0.1715 0.11872509960159362
0 0.06725 0.6796812749003984 0.1145 0.17370517928286852
0 0.2695 0.6163346613545817 0.074 0.14262948207171314
0 0.612 0.6139442231075697 0.079 0.1298804780876494
0 0.711 0.48366533864541833 0.071 0.08764940239043825
0 0.755 0.46772908366533866 0.046 0.09880478087649402
0 0.77925 0.4454183266932271 0.0505 0.07808764940239044
0 0.798 0.41792828685258965 0.032 0.06772908366533864
0 0.8055 0.3912350597609562 0.029 0.055776892430278883
0 0.7795 0.37928286852589643 0.032 0.062151394422310755
0 0.67975 0.38207171314741034 0.0345 0.06135458167330677
0 0.651 0.4047808764940239 0.041 0.07649402390438247
0 0.593 0.45219123505976094 0.046 0.07091633466135458
0 0.549 0.4864541832669323 0.051 0.09322709163346614
0 0.47775 0.49760956175298804 0.0615 0.10438247011952191
0 0.54925 0.40239043824701193 0.0325 0.05099601593625498
0 0.5655 0.3713147410358566 0.034 0.05258964143426295
0 0.43775 0.3852589641434263 0.0265 0.0549800796812749
0 0.40875 0.38286852589641435 0.0355 0.05338645418326693
0 0.3905 0.4346613545816733 0.043 0.07410358565737052
0 0.344 0.450597609561753 0.046 0.0804780876494024
0 0.357 0.38645418326693226 0.035 0.05258964143426295
0 0.332 0.3776892430278884 0.029 0.054183266932270914
0 0.29075 0.39282868525896414 0.0355 0.054183266932270914
0 0.2485 0.47808764940239046 0.061 0.09561752988047809
0 0.2315 0.42868525896414345 0.039 0.055776892430278883
0 0.24775 0.40318725099601593 0.0355 0.06693227091633466
0 0.1665 0.3804780876494024 0.036 0.05816733067729084
0 0.15 0.45617529880478086 0.046 0.08685258964143426
0 0.12975 0.4091633466135458 0.0315 0.0549800796812749
0 0.076 0.4338645418326693 0.036 0.06613545816733067
0 0.04975 0.4693227091633466 0.0605 0.07808764940239044
0 0.04975 0.5490039840637451 0.0835 0.1051792828685259