0 0.044430538172715896 0.46622889305816134 0.04630788485607009 0.06566604127579738
0 0.13516896120150187 0.47560975609756095 0.04005006257822278 0.058161350844277676
0 0.1520650813516896 0.39118198874296434 0.03128911138923655 0.039399624765478425
0 0.21151439299123906 0.4324577861163227 0.030037546933667083 0.04690431519699812
0 0.2428035043804756 0.4624765478424015 0.04005006257822278 0.058161350844277676
0 0.30350438047559447 0.43808630393996245 0.02127659574468085 0.039399624765478425
0 0.3285356695869837 0.4455909943714822 0.026282853566958697 0.039399624765478425
0 0.35168961201501875 0.45872420262664165 0.02753441802252816 0.039399624765478425
0 0.3886107634543179 0.46622889305816134 0.03379224030037547 0.043151969981238276
0 0.3760951188986233 0.4399624765478424 0.02127659574468085 0.03564727954971857
0 0.3541927409261577 0.4277673545966229 0.02252816020025031 0.0300187617260788
0 0.399874843554443 0.4352720450281426 0.02127659574468085 0.03377110694183865
0 0.4655819774718398 0.4427767354596623 0.025031289111389236 0.04127579737335835
0 0.4974968710888611 0.4324577861163227 0.02127659574468085 0.028142589118198873
0 0.5262828535669587 0.4821763602251407 0.03879849812265332 0.0825515947467167
0 0.5519399249061326 0.4399624765478424 0.017521902377972465 0.028142589118198873
0 0.6157697121401752 0.4437148217636023 0.025031289111389236 0.043151969981238276
0 0.6339173967459324 0.4052532833020638 0.01877346683354193 0.03377110694183865
0 0.6239048811013768 0.5140712945590994 0.04380475594493116 0.08630393996247655
0 0.6551939924906133 0.46904315196998125 0.023779724655819776 0.0375234521575985
0 0.6752190237797246 0.4521575984990619 0.01877346683354193 0.03377110694183865
0 0.714017521902378 0.46153846153846156 0.023779724655819776 0.0375234521575985
0 0.785982478097622 0.5065666041275797 0.04505632040050062 0.07129455909943715
0 0.7916145181476846 0.46622889305816134 0.023779724655819776 0.039399624765478425
0 0.8961201501877347 0.5037523452157598 0.0425531914893617 0.06191369606003752
0 0.951188986232791 0.49530956848030017 0.052565707133917394 0.0975609756097561
0 0.8548185231539425 0.47373358348968103 0.025031289111389236 0.039399624765478425
0 0.8235294117647058 0.4446529080675422 0.02002503128911139 0.03377110694183865