0 0.20792880258899676 0.24005305039787797 0.09870550161812297 0.19363395225464192
0 0.3333333333333333 0.33421750663129973 0.11003236245954692 0.22811671087533156
0 0.30663430420711973 0.5570291777188329 0.16990291262135923 0.26525198938992045
0 0.27993527508090615 0.042440318302387266 0.061488673139158574 0.07957559681697612
0 0.5121359223300971 0.17639257294429708 0.10194174757281553 0.17771883289124668
0 0.6521035598705501 0.35543766578249336 0.10679611650485436 0.259946949602122
0 0.7831715210355987 0.48408488063660476 0.1488673139158576 0.3156498673740053
0 0.7936893203883495 0.23342175066312998 0.11165048543689321 0.21220159151193635
0 0.8252427184466019 0.08355437665782493 0.08414239482200647 0.16180371352785147
0 0.7888349514563107 0.07824933687002653 0.06310679611650485 0.14058355437665782
0 0.9385113268608414 0.29310344827586204 0.11974110032362459 0.2413793103448276
0 0.9700647249190939 0.06631299734748011 0.05663430420711974 0.1273209549071618