0 0.8388888888888889 0.6267123287671232 0.2288888888888889 0.3082191780821918
0 0.6077777777777778 0.4554794520547945 0.14 0.2328767123287671
0 0.4288888888888889 0.3647260273972603 0.1288888888888889 0.18835616438356165
0 0.3244444444444444 0.2773972602739726 0.09333333333333334 0.15753424657534246
0 0.2611111111111111 0.2585616438356164 0.06444444444444444 0.14726027397260275
0 0.13111111111111112 0.1695205479452055 0.06222222222222222 0.08561643835616438
0 0.07888888888888888 0.17636986301369864 0.04666666666666667 0.08561643835616438
0 0.04 0.17294520547945205 0.044444444444444446 0.08561643835616438
0 0.06111111111111111 0.10273972602739725 0.04666666666666667 0.07534246575342465
0 0.23555555555555555 0.125 0.05333333333333334 0.08561643835616438
0 0.35777777777777775 0.1113013698630137 0.05333333333333334 0.09246575342465753
0 0.32666666666666666 0.10445205479452055 0.03111111111111111 0.06506849315068493
0 0.31444444444444447 0.08732876712328767 0.024444444444444446 0.05136986301369863
0 0.3988888888888889 0.13013698630136986 0.03777777777777778 0.07534246575342465
0 0.41888888888888887 0.09246575342465753 0.03333333333333333 0.06164383561643835
0 0.4533333333333333 0.1095890410958904 0.044444444444444446 0.0821917808219178
0 0.5 0.17294520547945205 0.04 0.07876712328767123
0 0.5333333333333333 0.1815068493150685 0.07555555555555556 0.11643835616438356
0 0.5055555555555555 0.11301369863013698 0.03333333333333333 0.0547945205479452
0 0.47555555555555556 0.10273972602739725 0.03111111111111111 0.0684931506849315
0 0.5533333333333333 0.11643835616438356 0.04 0.0684931506849315
0 0.5944444444444444 0.13527397260273974 0.03333333333333333 0.06506849315068493
0 0.6166666666666667 0.11301369863013698 0.028888888888888888 0.0547945205479452
0 0.6344444444444445 0.2208904109589041 0.1 0.14726027397260275
0 0.78 0.2602739726027397 0.08888888888888889 0.15753424657534246
0 0.7511111111111111 0.1506849315068493 0.06222222222222222 0.0958904109589041
0 0.7011111111111111 0.125 0.028888888888888888 0.06506849315068493
0 0.6522222222222223 0.1386986301369863 0.042222222222222223 0.07191780821917808
0 0.6655555555555556 0.1113013698630137 0.03333333333333333 0.05136986301369863
0 0.9566666666666667 0.3202054794520548 0.08222222222222222 0.17465753424657535
0 0.8766666666666667 0.1695205479452055 0.08222222222222222 0.11301369863013698
0 0.9288888888888889 0.1695205479452055 0.044444444444444446 0.09246575342465753
0 0.8811111111111111 0.10616438356164383 0.042222222222222223 0.0547945205479452
0 0.9777777777777777 0.07191780821917808 0.03111111111111111 0.0547945205479452
0 0.8322222222222222 0.0976027397260274 0.028888888888888888 0.05136986301369863
0 0.8055555555555556 0.09075342465753425 0.024444444444444446 0.05136986301369863
0 0.79 0.09417808219178082 0.028888888888888888 0.05136986301369863
0 0.7577777777777778 0.09246575342465753 0.03111111111111111 0.0410958904109589
0 0.7433333333333333 0.0821917808219178 0.02 0.0410958904109589
0 0.7088888888888889 0.09246575342465753 0.022222222222222223 0.0410958904109589