0 0.14833333333333334 0.27150192554557123 0.07833333333333334 0.10654685494223363
0 0.2783333333333333 0.21245186136071886 0.03833333333333333 0.07060333761232349
0 0.29791666666666666 0.27086007702182285 0.050833333333333335 0.08985879332477535
0 0.38916666666666666 0.30359435173299104 0.075 0.10911424903722722
0 0.5025 0.07894736842105263 0.041666666666666664 0.07830551989730423
0 0.48625 0.40821566110397944 0.1125 0.2079589216944801
0 0.6425 0.3138639281129653 0.08 0.13222079589216945
0 0.8429166666666666 0.24197689345314505 0.0475 0.09114249037227215
0 0.9341666666666667 0.2862644415917843 0.075 0.13093709884467267
0 0.8966666666666666 0.42362002567394097 0.11166666666666666 0.18998716302952504
0 0.66 0.8414634146341463 0.22333333333333333 0.31450577663671375