0 0.05859375 0.8008658008658008 0.1046875 0.1471861471861472
0 0.13515625 0.7662337662337663 0.0890625 0.14285714285714285
0 0.4078125 0.7597402597402597 0.096875 0.12554112554112554
0 0.17421875 0.9372294372294372 0.2203125 0.12121212121212122
0 0.66484375 0.8138528138528138 0.0953125 0.1341991341991342
0 0.78046875 0.9296536796536796 0.1453125 0.13636363636363635
0 0.77578125 0.841991341991342 0.1265625 0.1645021645021645
0 0.821875 0.4523809523809524 0.078125 0.12554112554112554
0 0.7375 0.5238095238095238 0.06875 0.09956709956709957
0 0.6703125 0.45995670995670995 0.075 0.13203463203463203
0 0.58203125 0.5043290043290043 0.0703125 0.10822510822510822
0 0.49140625 0.4145021645021645 0.0671875 0.11471861471861472
0 0.4078125 0.48268398268398266 0.071875 0.1038961038961039
0 0.3140625 0.4588744588744589 0.06875 0.12121212121212122
0 0.209375 0.5043290043290043 0.075 0.09956709956709957