0 0.022641509433962263 0.7087542087542088 0.04150943396226415 0.0707070707070707
0 0.08018867924528301 0.7424242424242424 0.04716981132075472 0.07744107744107744
0 0.08584905660377358 0.6986531986531986 0.035849056603773584 0.06397306397306397
0 0.14622641509433962 0.7592592592592593 0.0660377358490566 0.12457912457912458
0 0.1641509433962264 0.6868686868686869 0.052830188679245285 0.10101010101010101
0 0.21320754716981133 0.7323232323232324 0.06792452830188679 0.13804713804713806
0 0.27358490566037735 0.7239057239057239 0.04150943396226415 0.09427609427609428
0 0.36981132075471695 0.6919191919191919 0.052830188679245285 0.09764309764309764
0 0.45943396226415095 0.6430976430976431 0.03962264150943396 0.08080808080808081
0 0.44339622641509435 0.48484848484848486 0.04150943396226415 0.08080808080808081
0 0.4386792452830189 0.8265993265993266 0.08490566037735849 0.2053872053872054
0 0.569811320754717 0.7693602693602694 0.07547169811320754 0.13804713804713806
0 0.6547169811320754 0.8383838383838383 0.1169811320754717 0.20202020202020202
0 0.6433962264150943 0.7138047138047138 0.07169811320754717 0.15488215488215487
0 0.7613207547169811 0.7693602693602694 0.07735849056603773 0.15151515151515152
0 0.7716981132075472 0.7154882154882155 0.07547169811320754 0.13804713804713806