0 0.1345744680851064 0.23231511254019294 0.07340425531914893 0.11093247588424437
0 0.09148936170212765 0.22186495176848875 0.0425531914893617 0.10289389067524116
0 0.17872340425531916 0.23713826366559485 0.04468085106382979 0.08842443729903537
0 0.26276595744680853 0.2202572347266881 0.031914893617021274 0.06430868167202572
0 0.30159574468085104 0.21302250803858522 0.05638297872340425 0.10771704180064309
0 0.36223404255319147 0.19935691318327975 0.03297872340425532 0.05144694533762058
0 0.3962765957446808 0.2202572347266881 0.05 0.09967845659163987
0 0.43563829787234043 0.21945337620578778 0.043617021276595745 0.09163987138263666
0 0.5329787234042553 0.21784565916398713 0.0425531914893617 0.06913183279742766
0 0.6127659574468085 0.18890675241157556 0.03829787234042553 0.06913183279742766
0 0.7265957446808511 0.1937299035369775 0.06808510638297872 0.1045016077170418
0 0.7968085106382978 0.227491961414791 0.06595744680851064 0.11736334405144695
0 0.8351063829787234 0.19212218649517684 0.0425531914893617 0.08520900321543408
0 0.8962765957446809 0.21382636655948553 0.0627659574468085 0.10289389067524116
0 0.9781914893617021 0.19292604501607716 0.04148936170212766 0.10289389067524116