0 0.3667778114580176 0.4298502604166667 0.046074568050924525 0.12141927083333333
0 0.34199757502273415 0.34765625 0.036526220066686876 0.08138020833333333
0 0.36958169142164293 0.35302734375 0.021370112155198545 0.053059895833333336
0 0.3891330706274629 0.33740234375 0.01652015762352228 0.0400390625
0 0.469460442558351 0.3271484375 0.01985450136404971 0.04296875
0 0.5283419217944831 0.341796875 0.023340406183692028 0.048828125
0 0.5593361624734768 0.3470052083333333 0.02197635647165808 0.059244791666666664
0 0.5735071233707184 0.3513997395833333 0.020006062443164597 0.056315104166666664
0 0.6154895422855411 0.3611653645833333 0.025462261291300393 0.0576171875
0 0.6289026977872082 0.3885091145833333 0.02349196726280691 0.062174479166666664
0 0.6471658078205517 0.37060546875 0.025462261291300393 0.06803385416666667
0 0.7281752046074568 0.45068359375 0.06744468020612307 0.15397135416666666
0 0.751894513488936 0.40185546875 0.046074568050924525 0.1005859375