0 0.08588957055214724 0.5907407407407408 0.14478527607361963 0.25555555555555554
0 0.0852760736196319 0.3453703703703704 0.08957055214723926 0.14629629629629629
0 0.16809815950920245 0.31203703703703706 0.07116564417177915 0.1388888888888889
0 0.28957055214723926 0.32222222222222224 0.0638036809815951 0.12222222222222222
0 0.3325153374233129 0.3509259259259259 0.07607361963190185 0.13518518518518519
0 0.5134969325153375 0.07777777777777778 0.06748466257668712 0.13333333333333333
0 0.5411042944785276 0.46111111111111114 0.12269938650306748 0.24074074074074073
0 0.6429447852760736 0.23981481481481481 0.06625766871165645 0.11666666666666667
0 0.698159509202454 0.2601851851851852 0.08834355828220859 0.1388888888888889
0 0.8134969325153374 0.25925925925925924 0.0638036809815951 0.11851851851851852
0 0.8987730061349694 0.25925925925925924 0.07484662576687116 0.12222222222222222