0 0.4118181818181818 0.20765027322404372 0.09272727272727273 0.15300546448087432
0 0.5281818181818182 0.39617486338797814 0.07090909090909091 0.13114754098360656
0 0.6090909090909091 0.47404371584699456 0.04363636363636364 0.07923497267759563
0 0.6681818181818182 0.4672131147540984 0.045454545454545456 0.10382513661202186
0 0.7209090909090909 0.44672131147540983 0.04909090909090909 0.09562841530054644
0 0.6745454545454546 0.5942622950819673 0.05818181818181818 0.09562841530054644
0 0.5981818181818181 0.6038251366120219 0.08363636363636363 0.14207650273224043
0 0.850909090909091 0.5887978142076503 0.05818181818181818 0.12295081967213115
0 0.8927272727272727 0.5136612021857924 0.05454545454545454 0.12568306010928962
0 0.899090909090909 0.430327868852459 0.03090909090909091 0.07377049180327869
0 0.9445454545454546 0.4972677595628415 0.05272727272727273 0.10382513661202186
0 0.9454545454545454 0.4426229508196721 0.03636363636363636 0.07103825136612021
0 0.98 0.4371584699453552 0.03272727272727273 0.08196721311475409
0 0.96 0.6366120218579235 0.06181818181818182 0.13114754098360656
0 0.91 0.6912568306010929 0.06363636363636363 0.09289617486338798
0 0.8709090909090909 0.8060109289617486 0.08727272727272728 0.15300546448087432
0 0.7827272727272727 0.7540983606557377 0.1 0.15300546448087432
0 0.7918181818181819 0.6666666666666666 0.07090909090909091 0.1092896174863388
0 0.7536363636363637 0.5819672131147541 0.056363636363636366 0.1092896174863388
0 0.6954545454545454 0.7691256830601093 0.06727272727272728 0.11202185792349727
0 0.7863636363636364 0.9016393442622951 0.09636363636363636 0.1366120218579235
0 0.5572727272727273 0.8838797814207651 0.11090909090909092 0.1448087431693989
0 0.46090909090909093 0.7663934426229508 0.07454545454545454 0.13934426229508196
0 0.22090909090909092 0.7527322404371585 0.06727272727272728 0.1284153005464481
0 0.3090909090909091 0.73224043715847 0.06909090909090909 0.10382513661202186
0 0.32727272727272727 0.8155737704918032 0.07272727272727272 0.11748633879781421
0 0.2636363636363636 0.8989071038251366 0.10545454545454545 0.17486338797814208
0 0.06 0.8114754098360656 0.10909090909090909 0.17486338797814208
0 0.1509090909090909 0.7650273224043715 0.05454545454545454 0.1092896174863388
0 0.26181818181818184 0.6475409836065574 0.05454545454545454 0.09836065573770492
0 0.1809090909090909 0.5437158469945356 0.04181818181818182 0.06557377049180328
0 0.20545454545454545 0.6188524590163934 0.05454545454545454 0.08469945355191257
0 0.2 0.49453551912568305 0.03272727272727273 0.07103825136612021
0 0.2390909090909091 0.5 0.04909090909090909 0.07103825136612021
0 0.12272727272727273 0.5327868852459017 0.056363636363636366 0.08743169398907104
0 0.11545454545454545 0.5792349726775956 0.06 0.06557377049180328
0 0.05909090909090909 0.5983606557377049 0.04909090909090909 0.08743169398907104