0 0.06561461794019934 0.36032863849765256 0.11461794019933555 0.1619718309859155
0 0.11295681063122924 0.27699530516431925 0.053156146179401995 0.07981220657276995
0 0.08637873754152824 0.25234741784037557 0.05647840531561462 0.07276995305164319
0 0.23006644518272426 0.2605633802816901 0.05149501661129568 0.06103286384976526
0 0.25083056478405313 0.2335680751173709 0.036544850498338874 0.05868544600938967
0 0.31727574750830567 0.15610328638497653 0.07308970099667775 0.10093896713615023
0 0.3521594684385382 0.22300469483568075 0.029900332225913623 0.056338028169014086
0 0.37790697674418605 0.2535211267605634 0.03820598006644518 0.06103286384976526
0 0.3911960132890365 0.31572769953051644 0.061461794019933555 0.1056338028169014
0 0.3488372093023256 0.5082159624413145 0.14950166112956811 0.23708920187793428
0 0.5332225913621262 0.8192488262910798 0.24916943521594684 0.25821596244131456
0 0.6677740863787376 0.3931924882629108 0.07641196013289037 0.12910798122065728
0 0.574750830564784 0.323943661971831 0.06312292358803986 0.07511737089201878
0 0.5946843853820598 0.27230046948356806 0.03986710963455149 0.06572769953051644
0 0.5622923588039868 0.25 0.04152823920265781 0.07276995305164319
0 0.4941860465116279 0.2934272300469484 0.054817275747508304 0.08450704225352113
0 0.4850498338870432 0.24295774647887325 0.036544850498338874 0.07276995305164319
0 0.44601328903654486 0.25938967136150237 0.044850498338870434 0.07276995305164319
0 0.7026578073089701 0.09859154929577464 0.036544850498338874 0.06572769953051644
0 0.7367109634551495 0.2746478873239437 0.05149501661129568 0.08450704225352113
0 0.8588039867109635 0.3427230046948357 0.07641196013289037 0.14084507042253522