0 0.19148936170212766 0.3840909090909091 0.04964539007092199 0.07727272727272727
0 0.25886524822695034 0.40454545454545454 0.06382978723404255 0.08181818181818182
0 0.38652482269503546 0.375 0.05673758865248227 0.07727272727272727
0 0.450354609929078 0.45 0.0851063829787234 0.10909090909090909
0 0.5868794326241135 0.475 0.08156028368794327 0.12272727272727273
0 0.5691489361702128 0.3659090909090909 0.03900709219858156 0.05909090909090909
0 0.648936170212766 0.3659090909090909 0.04964539007092199 0.06818181818181818
0 0.7588652482269503 0.35454545454545455 0.04964539007092199 0.06363636363636363
0 0.7978723404255319 0.42954545454545456 0.06382978723404255 0.10454545454545454
0 0.8226950354609929 0.3568181818181818 0.0425531914893617 0.06818181818181818
0 0.8599290780141844 0.3477272727272727 0.031914893617021274 0.05909090909090909
0 0.9556737588652482 0.44772727272727275 0.0673758865248227 0.11363636363636363
0 0.9521276595744681 0.3522727272727273 0.04609929078014184 0.05909090909090909