0 0.09322033898305085 0.36989795918367346 0.06779661016949153 0.12244897959183673
0 0.11440677966101695 0.3125 0.0423728813559322 0.07397959183673469
0 0.13813559322033897 0.29336734693877553 0.03559322033898305 0.061224489795918366
0 0.2440677966101695 0.19642857142857142 0.023728813559322035 0.04591836734693878
0 0.23813559322033898 0.29464285714285715 0.06949152542372881 0.13520408163265307
0 0.22966101694915253 0.4094387755102041 0.1135593220338983 0.2066326530612245
0 0.3610169491525424 0.3022959183673469 0.06440677966101695 0.11989795918367346
0 0.511864406779661 0.39158163265306123 0.08813559322033898 0.17091836734693877
0 0.5203389830508475 0.3163265306122449 0.061016949152542375 0.10714285714285714
0 0.5033898305084745 0.2729591836734694 0.05423728813559322 0.09183673469387756
0 0.43559322033898307 0.25255102040816324 0.03728813559322034 0.061224489795918366
0 0.411864406779661 0.30739795918367346 0.03728813559322034 0.07397959183673469
0 0.29322033898305083 0.28188775510204084 0.02711864406779661 0.04846938775510204
0 0.2864406779661017 0.2423469387755102 0.02711864406779661 0.04081632653061224
0 0.30254237288135594 0.22448979591836735 0.025423728813559324 0.04591836734693878
0 0.32457627118644067 0.2614795918367347 0.0288135593220339 0.05357142857142857
0 0.5703389830508474 0.2614795918367347 0.0288135593220339 0.06377551020408163
0 0.6237288135593221 0.24744897959183673 0.04406779661016949 0.08673469387755102
0 0.6661016949152543 0.24872448979591838 0.03389830508474576 0.07397959183673469
0 0.6627118644067796 0.31505102040816324 0.06779661016949153 0.11989795918367346
0 0.7728813559322034 0.4017857142857143 0.09830508474576272 0.18112244897959184
0 0.7 0.22321428571428573 0.013559322033898305 0.02806122448979592
0 0.7313559322033898 0.20918367346938777 0.015254237288135594 0.030612244897959183
0 0.8254237288135593 0.27040816326530615 0.0711864406779661 0.1326530612244898
0 0.9601694915254237 0.3354591836734694 0.07627118644067797 0.21683673469387754