0 0.07307692307692308 0.48036951501154734 0.05384615384615385 0.08314087759815242
0 0.016923076923076923 0.325635103926097 0.027692307692307693 0.046189376443418015
0 0.04153846153846154 0.3210161662817552 0.03076923076923077 0.046189376443418015
0 0.13 0.4445727482678984 0.047692307692307694 0.06235565819861432
0 0.11615384615384615 0.39838337182448036 0.038461538461538464 0.053117782909930716
0 0.15384615384615385 0.2979214780600462 0.021538461538461538 0.03695150115473441
0 0.20923076923076922 0.28752886836027713 0.024615384615384615 0.03464203233256351
0 0.25846153846153846 0.2748267898383372 0.021538461538461538 0.03695150115473441
0 0.28923076923076924 0.312933025404157 0.018461538461538463 0.025404157043879907
0 0.32 0.312933025404157 0.018461538461538463 0.03464203233256351
0 0.30615384615384617 0.2702078521939954 0.015384615384615385 0.02771362586605081
0 0.3476923076923077 0.2517321016166282 0.015384615384615385 0.02771362586605081
0 0.3546153846153846 0.28868360277136257 0.023076923076923078 0.02771362586605081
0 0.36 0.34295612009237875 0.021538461538461538 0.03926096997690531
0 0.38384615384615384 0.33140877598152424 0.023076923076923078 0.03926096997690531
0 0.40615384615384614 0.3002309468822171 0.015384615384615385 0.03695150115473441
0 0.43538461538461537 0.2909930715935335 0.015384615384615385 0.02771362586605081
0 0.46615384615384614 0.2806004618937644 0.015384615384615385 0.03002309468822171
0 0.32 0.45842956120092376 0.033846153846153845 0.053117782909930716
0 0.22615384615384615 0.48614318706697457 0.06153846153846154 0.08545034642032333
0 0.24153846153846154 0.6270207852193995 0.08 0.13163972286374134
0 0.3646153846153846 0.6420323325635104 0.08 0.12933025404157045
0 0.35846153846153844 0.5161662817551963 0.043076923076923075 0.07621247113163972
0 0.37 0.44341801385681295 0.02923076923076923 0.046189376443418015
0 0.41384615384615386 0.45265588914549654 0.036923076923076927 0.046189376443418015
0 0.4123076923076923 0.40415704387990764 0.024615384615384615 0.03695150115473441
0 0.4584615384615385 0.45842956120092376 0.024615384615384615 0.03926096997690531
0 0.47692307692307695 0.5 0.036923076923076927 0.057736720554272515
0 0.5161538461538462 0.4792147806004619 0.03538461538461538 0.057736720554272515
0 0.5007692307692307 0.36374133949191684 0.02 0.03464203233256351
0 0.4623076923076923 0.3244803695150115 0.02 0.03464203233256351
0 0.5046153846153846 0.3094688221709007 0.015384615384615385 0.03233256351039261
0 0.5138461538461538 0.34872979214780603 0.018461538461538463 0.023094688221709007
0 0.5407692307692308 0.4006928406466513 0.023076923076923078 0.03926096997690531
0 0.5607692307692308 0.5115473441108545 0.04461538461538461 0.09930715935334873
0 0.6053846153846154 0.42032332563510394 0.03230769230769231 0.03695150115473441
0 0.5661538461538461 0.28752886836027713 0.015384615384615385 0.025404157043879907
0 0.5338461538461539 0.3002309468822171 0.018461538461538463 0.02771362586605081
0 0.5869230769230769 0.28868360277136257 0.016923076923076923 0.02771362586605081
0 0.6007692307692307 0.29330254041570436 0.013846153846153847 0.023094688221709007
0 0.6076923076923076 0.32678983833718245 0.018461538461538463 0.03002309468822171
0 0.6384615384615384 0.3418013856812933 0.018461538461538463 0.02771362586605081
0 0.6715384615384615 0.4330254041570439 0.026153846153846153 0.03464203233256351
0 0.6538461538461539 0.523094688221709 0.04 0.07621247113163972
0 0.6953846153846154 0.3406466512702079 0.018461538461538463 0.03002309468822171
0 0.693076923076923 0.302540415704388 0.02 0.03233256351039261
0 0.6615384615384615 0.3187066974595843 0.012307692307692308 0.018475750577367205
0 0.7246153846153847 0.32217090069284066 0.015384615384615385 0.025404157043879907
0 0.7484615384615385 0.3244803695150115 0.013846153846153847 0.025404157043879907
0 0.7938461538461539 0.3071593533487298 0.024615384615384615 0.03695150115473441
0 0.8907692307692308 0.44803695150115475 0.04 0.05542725173210162
0 0.8976923076923077 0.40993071593533487 0.03230769230769231 0.04849884526558892
0 0.9653846153846154 0.384526558891455 0.03230769230769231 0.057736720554272515
0 0.9584615384615385 0.49884526558891457 0.052307692307692305 0.06466512702078522