0 0.013310185185185185 0.5620659722222222 0.02141203703703704 0.059027777777777776
0 0.09129050925925926 0.5835503472222222 0.04195601851851852 0.06293402777777778
0 0.10778356481481481 0.5622829861111112 0.02980324074074074 0.05164930555555555
0 0.15813078703703703 0.5835503472222222 0.037905092592592594 0.06293402777777778
0 0.1529224537037037 0.6612413194444444 0.051215277777777776 0.07769097222222222
0 0.24522569444444445 0.677734375 0.060474537037037035 0.0881076388888889
0 0.26490162037037035 0.6163194444444444 0.04774305555555555 0.0703125
0 0.2238136574074074 0.5625 0.03443287037037037 0.043402777777777776
0 0.2803819444444444 0.5659722222222222 0.03993055555555555 0.06076388888888889
0 0.3055555555555556 0.5551215277777778 0.029513888888888888 0.05381944444444445
0 0.30005787037037035 0.814453125 0.1261574074074074 0.1818576388888889
0 0.36400462962962965 0.5594618055555556 0.028356481481481483 0.049479166666666664
0 0.3771701388888889 0.5479600694444444 0.024016203703703703 0.03342013888888889
0 0.41478587962962965 0.6082899305555556 0.05642361111111111 0.07942708333333333
0 0.42086226851851855 0.5407986111111112 0.026331018518518517 0.043402777777777776
0 0.4075520833333333 0.5633680555555556 0.03501157407407408 0.04774305555555555
0 0.5002893518518519 0.5933159722222222 0.046875 0.0703125
0 0.5298032407407407 0.5501302083333334 0.02488425925925926 0.03515625
0 0.5717592592592593 0.5603298611111112 0.03298611111111111 0.049479166666666664
0 0.62109375 0.5672743055555556 0.02806712962962963 0.04861111111111111
0 0.6937210648148148 0.4016927083333333 0.0234375 0.046440972222222224
0 0.5620659722222222 0.7369791666666666 0.08130787037037036 0.1345486111111111
0 0.6579861111111112 0.6482204861111112 0.06481481481481481 0.09678819444444445
0 0.7229456018518519 0.6043836805555556 0.04079861111111111 0.07335069444444445
0 0.7685185185185185 0.724609375 0.09143518518518519 0.1384548611111111
0 0.6934317129629629 0.92578125 0.15364583333333334 0.14583333333333334
0 0.8246527777777778 0.6558159722222222 0.05381944444444445 0.09809027777777778
0 0.7892071759259259 0.5783420138888888 0.04195601851851852 0.06727430555555555
0 0.8208912037037037 0.5633680555555556 0.032407407407407406 0.05381944444444445
0 0.8721064814814815 0.5987413194444444 0.046875 0.07855902777777778
0 0.9007523148148148 0.6041666666666666 0.03761574074074074 0.059027777777777776
0 0.9065393518518519 0.5731336805555556 0.028935185185185185 0.046440972222222224