0 0.044140625 0.6264637002341921 0.06171875 0.09133489461358314
0 0.0609375 0.5661592505854801 0.04375 0.06908665105386416
0 0.03125 0.509367681498829 0.034375 0.06088992974238876
0 0.051171875 0.49765807962529274 0.02265625 0.0468384074941452
0 0.0875 0.49765807962529274 0.025 0.0468384074941452
0 0.128125 0.5392271662763466 0.03125 0.04566744730679157
0 0.156640625 0.531615925058548 0.02734375 0.05152224824355972
0 0.110546875 0.6364168618266979 0.07109375 0.11358313817330211
0 0.2125 0.5731850117096019 0.040625 0.06206088992974239
0 0.221875 0.5368852459016393 0.028125 0.04800936768149883
0 0.262890625 0.5685011709601874 0.03828125 0.06206088992974239
0 0.330859375 0.6165105386416861 0.04921875 0.08079625292740047
0 0.3125 0.5802107728337237 0.0296875 0.04566744730679157
0 0.330078125 0.5591334894613583 0.02421875 0.04800936768149883
0 0.365625 0.5743559718969555 0.021875 0.040983606557377046
0 0.402734375 0.6258782201405152 0.04140625 0.07142857142857142
0 0.428515625 0.6141686182669789 0.02734375 0.05737704918032787
0 0.423828125 0.5790398126463701 0.02734375 0.05035128805620609
0 0.39609375 0.5837236533957846 0.0296875 0.04332552693208431
0 0.592578125 0.4648711943793911 0.02890625 0.04215456674473068
0 0.5328125 0.6165105386416861 0.046875 0.08313817330210772
0 0.504296875 0.6147540983606558 0.03046875 0.06791569086651054
0 0.55234375 0.8553864168618267 0.1078125 0.20960187353629978
0 0.596484375 0.6598360655737705 0.04140625 0.08313817330210772
0 0.652734375 0.6293911007025761 0.03984375 0.06674473067915691
0 0.8453125 0.7663934426229508 0.0859375 0.13934426229508196
0 0.903515625 0.9250585480093677 0.11484375 0.1451990632318501
0 0.940234375 0.8079625292740047 0.06953125 0.11007025761124122