0 0.2991666666666667 0.63 0.07833333333333334 0.11333333333333333
0 0.40166666666666667 0.35555555555555557 0.09 0.13333333333333333
0 0.4175 0.6577777777777778 0.08833333333333333 0.13777777777777778
0 0.4875 0.5622222222222222 0.06833333333333333 0.1111111111111111
0 0.6225 0.5055555555555555 0.065 0.12222222222222222
0 0.6091666666666666 0.44666666666666666 0.051666666666666666 0.06222222222222222
0 0.6566666666666666 0.5066666666666667 0.04 0.08
0 0.6933333333333334 0.48444444444444446 0.04 0.07111111111111111
0 0.7208333333333333 0.5244444444444445 0.045 0.07111111111111111
0 0.7441666666666666 0.45555555555555555 0.035 0.04888888888888889
0 0.7791666666666667 0.5033333333333333 0.03833333333333333 0.06888888888888889
0 0.82 0.43333333333333335 0.06666666666666667 0.08888888888888889
0 0.785 0.45555555555555555 0.03666666666666667 0.057777777777777775