0 0.14125 0.7952830188679245 0.115 0.17547169811320754
0 0.1175 0.710377358490566 0.08 0.13018867924528302
0 0.153125 0.6358490566037736 0.08125 0.1320754716981132
0 0.263125 0.6122641509433963 0.06375 0.09622641509433963
0 0.285625 0.6952830188679245 0.06625 0.10377358490566038
0 0.330625 0.7235849056603774 0.09125 0.15660377358490565
0 0.38625 0.5990566037735849 0.065 0.10754716981132076
0 0.4425 0.6122641509433963 0.075 0.1339622641509434
0 0.576875 0.6141509433962264 0.07375 0.11509433962264151
0 0.64375 0.3433962264150943 0.055 0.09811320754716982
0 0.87 0.7933962264150943 0.12 0.19433962264150945
0 0.90625 0.6575471698113208 0.1 0.1792452830188679
0 0.966875 0.6150943396226415 0.06375 0.12830188679245283