0 0.0927734375 0.5182291666666666 0.056640625 0.078125
0 0.02880859375 0.6393229166666666 0.0517578125 0.13020833333333334
0 0.2080078125 0.6009114583333334 0.072265625 0.09765625
0 0.21630859375 0.5345052083333334 0.0439453125 0.08203125
0 0.31640625 0.5416666666666666 0.048828125 0.08072916666666667
0 0.37841796875 0.6471354166666666 0.0986328125 0.13802083333333334
0 0.5693359375 0.7161458333333334 0.10546875 0.15625
0 0.58203125 0.5638020833333334 0.068359375 0.109375
0 0.79345703125 0.6673177083333334 0.1064453125 0.11848958333333333
0 0.76708984375 0.529296875 0.0556640625 0.09765625
0 0.95068359375 0.6087239583333334 0.0888671875 0.12109375