0 0.028181818181818183 0.6963414634146341 0.05272727272727273 0.11951219512195121
0 0.056363636363636366 0.6085365853658536 0.08727272727272728 0.11951219512195121
0 0.4172727272727273 0.9097560975609756 0.18727272727272729 0.17560975609756097
0 0.16636363636363635 0.5756097560975609 0.06363636363636363 0.09268292682926829
0 0.21636363636363637 0.5658536585365853 0.05454545454545454 0.09268292682926829
0 0.18454545454545454 0.5170731707317073 0.05272727272727273 0.05853658536585366
0 0.20636363636363636 0.49390243902439024 0.045454545454545456 0.05609756097560976
0 0.09636363636363636 0.46463414634146344 0.025454545454545455 0.041463414634146344
0 0.11090909090909092 0.45975609756097563 0.02181818181818182 0.041463414634146344
0 0.12363636363636364 0.4475609756097561 0.01818181818181818 0.026829268292682926
0 0.14636363636363636 0.37682926829268293 0.016363636363636365 0.03170731707317073
0 0.17272727272727273 0.37073170731707317 0.02181818181818182 0.03414634146341464
0 0.5563636363636364 0.3670731707317073 0.03272727272727273 0.05609756097560976
0 0.8836363636363637 0.2621951219512195 0.04363636363636364 0.06097560975609756