0 0.09800664451827243 0.3403755868544601 0.09966777408637874 0.1643192488262911
0 0.16943521594684385 0.28169014084507044 0.04983388704318937 0.09389671361502347
0 0.21179401993355482 0.2640845070422535 0.03820598006644518 0.07746478873239436
0 0.2857142857142857 0.323943661971831 0.059800664451827246 0.10328638497652583
0 0.28322259136212624 0.27582159624413144 0.04152823920265781 0.06338028169014084
0 0.3131229235880399 0.2687793427230047 0.03820598006644518 0.07276995305164319
0 0.41029900332225916 0.3028169014084507 0.059800664451827246 0.0892018779342723
0 0.4277408637873754 0.25938967136150237 0.044850498338870434 0.06338028169014084
0 0.5041528239202658 0.3227699530516432 0.07475083056478406 0.12441314553990611
0 0.5182724252491694 0.2546948356807512 0.03986710963455149 0.06807511737089202
0 0.5481727574750831 0.2711267605633803 0.04318936877076412 0.07746478873239436
0 0.3911960132890365 0.4636150234741784 0.14451827242524917 0.21830985915492956
0 0.659468438538206 0.318075117370892 0.07308970099667775 0.11032863849765258
0 0.6951827242524917 0.2863849765258216 0.03820598006644518 0.09389671361502347
0 0.6627906976744186 0.25821596244131456 0.03986710963455149 0.06572769953051644
0 0.7275747508305648 0.26173708920187794 0.03986710963455149 0.06807511737089202
0 0.7865448504983389 0.27699530516431925 0.05149501661129568 0.0892018779342723
0 0.7873754152823921 0.22535211267605634 0.03986710963455149 0.056338028169014086
0 0.8421926910299004 0.25 0.04318936877076412 0.07746478873239436
0 0.925249169435216 0.3626760563380282 0.08637873754152824 0.12441314553990611
0 0.8870431893687708 0.29225352112676056 0.053156146179401995 0.08685446009389672
0 0.9011627906976745 0.2535211267605634 0.044850498338870434 0.07511737089201878