0 0.191875 0.3716517857142857 0.09875 0.19419642857142858
0 0.38875 0.3638392857142857 0.0825 0.14732142857142858
0 0.54625 0.32924107142857145 0.0825 0.15848214285714285
0 0.63375 0.37276785714285715 0.085 0.17410714285714285
0 0.741875 0.4296875 0.10375 0.203125
0 0.5375 0.18415178571428573 0.03 0.05133928571428571
0 0.575625 0.1640625 0.02875 0.06919642857142858
0 0.470625 0.18526785714285715 0.01125 0.03125
0 0.45625 0.18861607142857142 0.015 0.033482142857142856
0 0.431875 0.17857142857142858 0.01875 0.04017857142857143
0 0.395 0.16183035714285715 0.0275 0.05133928571428571
0 0.345 0.26785714285714285 0.0325 0.05357142857142857
0 0.321875 0.18303571428571427 0.02375 0.044642857142857144
0 0.2875 0.19642857142857142 0.025 0.05357142857142857
0 0.221875 0.16964285714285715 0.05125 0.07589285714285714
0 0.15375 0.15066964285714285 0.0375 0.07366071428571429
0 0.09625 0.171875 0.0525 0.07142857142857142
0 0.028125 0.20424107142857142 0.03125 0.05133928571428571