0 0.04622641509433962 0.3573446327683616 0.08490566037735849 0.12146892655367232
0 0.18679245283018867 0.481638418079096 0.12830188679245283 0.16666666666666666
0 0.24716981132075472 0.3714689265536723 0.07547169811320754 0.10451977401129943
0 0.3330188679245283 0.3516949152542373 0.0660377358490566 0.10451977401129943
0 0.2952830188679245 0.7415254237288136 0.2509433962264151 0.4152542372881356
0 0.55 0.3728813559322034 0.08490566037735849 0.1638418079096045
0 0.5990566037735849 0.3686440677966102 0.05849056603773585 0.10451977401129943
0 0.6915094339622642 0.4081920903954802 0.10754716981132076 0.19491525423728814
0 0.809433962264151 0.3954802259887006 0.0830188679245283 0.13559322033898305
0 0.7811320754716982 0.3121468926553672 0.04905660377358491 0.09887005649717515
0 0.8877358490566037 0.3361581920903955 0.05471698113207547 0.10734463276836158
0 0.9367924528301886 0.3290960451977401 0.03962264150943396 0.08757062146892655
0 0.969811320754717 0.3375706214689266 0.05660377358490566 0.17231638418079095