0 0.18046875 0.6291079812206573 0.0515625 0.0892018779342723
0 0.11953125 0.5363849765258216 0.0484375 0.07276995305164319
0 0.16875 0.4753521126760563 0.03125 0.0539906103286385
0 0.2 0.5375586854460094 0.0375 0.06103286384976526
0 0.2234375 0.49295774647887325 0.034375 0.046948356807511735
0 0.21171875 0.41901408450704225 0.0296875 0.03990610328638498
0 0.2375 0.4014084507042254 0.03125 0.046948356807511735
0 0.20625 0.37089201877934275 0.021875 0.03286384976525822
0 0.22109375 0.36032863849765256 0.0203125 0.025821596244131457
0 0.2203125 0.3380281690140845 0.015625 0.023474178403755867
0 0.20546875 0.3380281690140845 0.0140625 0.03286384976525822
0 0.203125 0.318075117370892 0.0125 0.025821596244131457
0 0.2109375 0.29577464788732394 0.015625 0.018779342723004695
0 0.22890625 0.3051643192488263 0.0109375 0.028169014084507043
0 0.25234375 0.3028169014084507 0.0171875 0.023474178403755867
0 0.26640625 0.30985915492957744 0.0140625 0.023474178403755867
0 0.29296875 0.4096244131455399 0.0265625 0.04460093896713615
0 0.26015625 0.43661971830985913 0.0265625 0.04225352112676056
0 0.15859375 0.4354460093896714 0.0265625 0.03990610328638498
0 0.16796875 0.40375586854460094 0.0265625 0.028169014084507043
0 0.16171875 0.38967136150234744 0.0296875 0.03286384976525822
0 0.34296875 0.47417840375586856 0.0328125 0.051643192488262914
0 0.33203125 0.6150234741784038 0.0515625 0.09859154929577464
0 0.43203125 0.5974178403755869 0.0484375 0.07276995305164319
0 0.40546875 0.5305164319248826 0.0390625 0.051643192488262914
0 0.38203125 0.4835680751173709 0.0328125 0.046948356807511735
0 0.459375 0.5446009389671361 0.040625 0.051643192488262914
0 0.565625 0.5352112676056338 0.0375 0.056338028169014086
0 0.63515625 0.6044600938967136 0.0453125 0.06338028169014084
0 0.60625 0.4706572769953052 0.028125 0.04929577464788732
0 0.7359375 0.5880281690140845 0.040625 0.06338028169014084
0 0.73984375 0.5258215962441315 0.0328125 0.056338028169014086
0 0.7234375 0.4671361502347418 0.03125 0.03755868544600939
0 0.6984375 0.43661971830985913 0.025 0.046948356807511735
0 0.728125 0.42018779342723006 0.021875 0.04225352112676056
0 0.78359375 0.4295774647887324 0.0265625 0.046948356807511735
0 0.834375 0.46830985915492956 0.028125 0.04929577464788732
0 0.8890625 0.5129107981220657 0.028125 0.06338028169014084
0 0.9015625 0.5469483568075117 0.028125 0.046948356807511735
0 0.7 0.3755868544600939 0.025 0.04225352112676056
0 0.66640625 0.36502347417840375 0.0265625 0.035211267605633804
0 0.63203125 0.3908450704225352 0.0203125 0.035211267605633804
0 0.615625 0.4154929577464789 0.021875 0.028169014084507043
0 0.6 0.40023474178403756 0.015625 0.03051643192488263
0 0.53515625 0.4154929577464789 0.0203125 0.03755868544600939
0 0.5671875 0.3814553990610329 0.01875 0.035211267605633804
0 0.559375 0.36502347417840375 0.0125 0.02112676056338028
0 0.5640625 0.3427230046948357 0.0125 0.023474178403755867
0 0.5390625 0.3438967136150235 0.01875 0.025821596244131457
0 0.5828125 0.3532863849765258 0.015625 0.03051643192488263
0 0.60078125 0.36384976525821594 0.0171875 0.018779342723004695
0 0.6234375 0.34976525821596244 0.015625 0.028169014084507043
0 0.596875 0.323943661971831 0.015625 0.03755868544600939
0 0.5421875 0.30633802816901406 0.015625 0.025821596244131457
0 0.5265625 0.2981220657276995 0.0125 0.023474178403755867
0 0.51484375 0.31220657276995306 0.0203125 0.028169014084507043
0 0.509375 0.29577464788732394 0.0125 0.023474178403755867
0 0.48515625 0.2981220657276995 0.0171875 0.028169014084507043
0 0.4546875 0.2934272300469484 0.015625 0.023474178403755867
0 0.43125 0.29107981220657275 0.0125 0.023474178403755867
0 0.43671875 0.33568075117370894 0.0203125 0.03755868544600939
0 0.41015625 0.29694835680751175 0.0203125 0.035211267605633804
0 0.38671875 0.29107981220657275 0.0140625 0.03755868544600939
0 0.39296875 0.31572769953051644 0.0140625 0.025821596244131457
0 0.37578125 0.318075117370892 0.0140625 0.025821596244131457
0 0.38125 0.34507042253521125 0.021875 0.03755868544600939
0 0.3953125 0.3779342723004695 0.021875 0.04225352112676056
0 0.34375 0.38028169014084506 0.01875 0.03755868544600939
0 0.32421875 0.38615023474178406 0.0234375 0.03051643192488263
0 0.34375 0.3544600938967136 0.021875 0.04225352112676056
0 0.3203125 0.31690140845070425 0.015625 0.023474178403755867
0 0.30859375 0.323943661971831 0.0140625 0.028169014084507043
0 0.31328125 0.29107981220657275 0.0140625 0.023474178403755867
0 0.3296875 0.3039906103286385 0.015625 0.03051643192488263
0 0.0359375 0.29460093896713613 0.021875 0.03990610328638498