0 0.18275 0.5483870967741935 0.1205 0.1935483870967742
0 0.2105 0.4703675918979745 0.078 0.12153038259564891
0 0.2555 0.5142535633908477 0.065 0.1072768192048012
0 0.309 0.4197299324831208 0.053 0.1177794448612153
0 0.342 0.40847711927981994 0.026 0.04576144036009002
0 0.372 0.42685671417854465 0.043 0.08402100525131283
0 0.394 0.4242310577644411 0.028 0.07126781695423856
0 0.43425 0.42873218304576144 0.0365 0.05026256564141035
0 0.4595 0.3987246811702926 0.026 0.051762940735183796
0 0.69325 0.4242310577644411 0.0305 0.056264066016504126
0 0.7195 0.40922730682670666 0.03 0.072768192048012
0 0.735 0.4291072768192048 0.036 0.07201800450112528
0 0.7665 0.41822955738934736 0.042 0.07876969242310577
0 0.85 0.46324081020255065 0.077 0.1282820705176294