0 0.22623697916666666 0.5952690972222222 0.158203125 0.22786458333333334
0 0.07373046875 0.8088107638888888 0.13639322916666666 0.2591145833333333
0 0.051595052083333336 0.3665364583333333 0.0673828125 0.08984375
0 0.18017578125 0.2795138888888889 0.06412760416666667 0.11284722222222222
0 0.20751953125 0.3546006944444444 0.044596354166666664 0.07378472222222222
0 0.24788411458333334 0.3368055555555556 0.033528645833333336 0.050347222222222224
0 0.2766927083333333 0.3233506944444444 0.036458333333333336 0.06336805555555555
0 0.3777669270833333 0.4535590277777778 0.0732421875 0.12586805555555555
0 0.4208984375 0.4765625 0.09635416666666667 0.1362847222222222
0 0.4065755208333333 0.3849826388888889 0.052083333333333336 0.07378472222222222
0 0.4417317708333333 0.3385416666666667 0.048177083333333336 0.06770833333333333
0 0.4029947916666667 0.3346354166666667 0.037760416666666664 0.049479166666666664
0 0.4060872395833333 0.310546875 0.0361328125 0.05859375
0 0.5908203125 0.3116319444444444 0.031901041666666664 0.0625
0 0.6570638020833334 0.3122829861111111 0.049153645833333336 0.0881076388888889
0 0.6749674479166666 0.3200954861111111 0.0439453125 0.08984375
0 0.6878255208333334 0.2497829861111111 0.045572916666666664 0.07161458333333333
0 0.744140625 0.3450520833333333 0.059895833333333336 0.07291666666666667
0 0.81982421875 0.3070746527777778 0.06608072916666667 0.11414930555555555
0 0.7840169270833334 0.24913194444444445 0.034830729166666664 0.06076388888888889
0 0.87548828125 0.3020833333333333 0.0361328125 0.06163194444444445
0 0.76318359375 0.3196614583333333 0.049153645833333336 0.07074652777777778