0 0.07852077001013172 0.4818913480885312 0.06990881458966565 0.13480885311871227
0 0.25227963525835867 0.4014084507042254 0.030395136778115502 0.05835010060362173
0 0.2887537993920973 0.41146881287726356 0.040526849037487336 0.09054325955734406
0 0.4159067882472138 0.4476861167002012 0.04559270516717325 0.11066398390342053
0 0.4675785207700101 0.40543259557344064 0.03343465045592705 0.06639839034205232
0 0.5511651469098278 0.39738430583501005 0.0364741641337386 0.08249496981891348
0 0.5314083080040527 0.3903420523138833 0.019250253292806486 0.056338028169014086
0 0.6149949341438703 0.2987927565392354 0.02634245187436677 0.06639839034205232
0 0.5131712259371833 0.5855130784708249 0.09422492401215805 0.21730382293762576
0 0.7446808510638298 0.45271629778672035 0.05673758865248227 0.12474849094567404
0 0.6843971631205674 0.4164989939637827 0.03343465045592705 0.07243460764587525
0 0.7325227963525835 0.3702213279678068 0.02634245187436677 0.060362173038229376
0 0.9660587639311043 0.3953722334004024 0.04559270516717325 0.09859154929577464