0 0.8085585585585585 0.497 0.02252252252252252 0.038
0 0.7552552552552553 0.562 0.021021021021021023 0.028
0 0.7087087087087087 0.54 0.018018018018018018 0.028
0 0.674924924924925 0.585 0.028528528528528527 0.038
0 0.6141141141141141 0.615 0.03903903903903904 0.05
0 0.6186186186186187 0.587 0.024024024024024024 0.03
0 0.6313813813813813 0.544 0.02252252252252252 0.024
0 0.5998498498498499 0.556 0.02252252252252252 0.024
0 0.581081081081081 0.582 0.02702702702702703 0.036
0 0.5668168168168168 0.574 0.028528528528528527 0.032
0 0.5307807807807807 0.579 0.028528528528528527 0.03
0 0.5435435435435435 0.56 0.02702702702702703 0.028
0 0.5315315315315315 0.621 0.04504504504504504 0.054
0 0.47897897897897895 0.59 0.036036036036036036 0.04
0 0.484984984984985 0.563 0.03003003003003003 0.038
0 0.42492492492492495 0.592 0.036036036036036036 0.044
0 0.45795795795795796 0.688 0.07207207207207207 0.068
0 0.4016516516516517 0.554 0.01951951951951952 0.036
0 0.31756756756756754 0.694 0.06156156156156156 0.092
0 0.26876876876876876 0.727 0.07807807807807808 0.102
0 0.2545045045045045 0.601 0.03453453453453453 0.05
0 0.2822822822822823 0.581 0.02702702702702703 0.038
0 0.30930930930930933 0.636 0.04504504504504504 0.06
0 0.3333333333333333 0.605 0.042042042042042045 0.054
0 0.12912912912912913 0.743 0.08108108108108109 0.114
0 0.17117117117117117 0.686 0.05405405405405406 0.08
0 0.2072072072072072 0.654 0.04804804804804805 0.068
0 0.16516516516516516 0.595 0.03903903903903904 0.05
0 0.23423423423423423 0.563 0.03003003003003003 0.038
0 0.09834834834834835 0.589 0.03153153153153153 0.046
0 0.0533033033033033 0.601 0.03753753753753754 0.05
0 0.054804804804804805 0.692 0.07657657657657657 0.112
0 0.060810810810810814 0.866 0.11261261261261261 0.14