0 0.023 0.4547069271758437 0.042 0.1669626998223801
0 0.045 0.36678507992895204 0.048666666666666664 0.1261101243339254
0 0.04933333333333333 0.27886323268206037 0.036 0.08880994671403197
0 0.10033333333333333 0.27797513321492007 0.03933333333333333 0.10124333925399645
0 0.10633333333333334 0.4724689165186501 0.058 0.14564831261101244
0 0.21366666666666667 0.5319715808170515 0.07 0.16873889875666073
0 0.269 0.36678507992895204 0.042 0.12966252220248667
0 0.223 0.2468916518650089 0.03133333333333333 0.08170515097690942
0 0.2833333333333333 0.2531083481349911 0.024 0.08348134991119005
0 0.30566666666666664 0.2921847246891652 0.03266666666666666 0.10124333925399645
0 0.30833333333333335 0.22291296625222023 0.028666666666666667 0.0763765541740675
0 0.335 0.283303730017762 0.03133333333333333 0.10124333925399645
0 0.3486666666666667 0.22646536412078153 0.017333333333333333 0.06571936056838366
0 0.36833333333333335 0.2353463587921847 0.019333333333333334 0.0586145648312611
0 0.37566666666666665 0.28685612788632325 0.03 0.08703374777975133
0 0.43233333333333335 0.21492007104795738 0.019333333333333334 0.06039076376554174
0 0.31666666666666665 0.5266429840142096 0.05466666666666667 0.16163410301953818
0 0.418 0.36678507992895204 0.042666666666666665 0.11190053285968028
0 0.485 0.3641207815275311 0.035333333333333335 0.09236234458259325
0 0.5066666666666667 0.24156305506216696 0.018666666666666668 0.05328596802841918
0 0.49533333333333335 0.23801065719360567 0.013333333333333334 0.046181172291296625
0 0.48233333333333334 0.19982238010657194 0.019333333333333334 0.055062166962699825
0 0.541 0.18650088809946713 0.016666666666666666 0.05328596802841918
0 0.524 0.22646536412078153 0.017333333333333333 0.055062166962699825
0 0.5626666666666666 0.3330373001776199 0.02666666666666667 0.07992895204262877
0 0.5636666666666666 0.21758436944937834 0.014 0.055062166962699825
0 0.6103333333333333 0.3206039076376554 0.027333333333333334 0.0763765541740675
0 0.5963333333333334 0.2841918294849023 0.016666666666666666 0.05328596802841918
0 0.6073333333333333 0.19449378330373002 0.014666666666666666 0.05150976909413854
0 0.628 0.21492007104795738 0.018666666666666668 0.056838365896980464
0 0.6736666666666666 0.2211367673179396 0.018 0.05150976909413854
0 0.6783333333333333 0.3383658969804618 0.03266666666666666 0.08703374777975133
0 0.6426666666666667 0.4129662522202487 0.03866666666666667 0.11900532859680284
0 0.6546666666666666 0.3561278863232682 0.028 0.07282415630550622
0 0.5596666666666666 0.5017761989342806 0.05 0.15808170515097691
0 0.744 0.34458259325044405 0.025333333333333333 0.09236234458259325
0 0.724 0.2895204262877442 0.02 0.06394316163410302
0 0.723 0.24866785079928952 0.015333333333333332 0.0497335701598579
0 0.717 0.2255772646536412 0.015333333333333332 0.046181172291296625
0 0.6976666666666667 0.23712255772646537 0.018 0.0586145648312611
0 0.8663333333333333 0.12433392539964476 0.051333333333333335 0.15630550621669628
0 0.9563333333333334 0.2522202486678508 0.018 0.05328596802841918
0 0.03966666666666667 0.7957371225577264 0.078 0.33037300177619894