0 0.8736842105263158 0.18309859154929578 0.1 0.14788732394366197
0 0.7368421052631579 0.3573943661971831 0.042105263157894736 0.06690140845070422
0 0.7 0.36971830985915494 0.042105263157894736 0.07042253521126761
0 0.6631578947368421 0.352112676056338 0.04736842105263158 0.06338028169014084
0 0.6263157894736842 0.3926056338028169 0.05263157894736842 0.07394366197183098
0 0.5671052631578948 0.42077464788732394 0.060526315789473685 0.0880281690140845
0 0.5342105263157895 0.36795774647887325 0.031578947368421054 0.0528169014084507
0 0.4776315789473684 0.3644366197183099 0.039473684210526314 0.0528169014084507
0 0.4355263157894737 0.3785211267605634 0.04473684210526316 0.06690140845070422
0 0.3026315789473684 0.42077464788732394 0.08421052631578947 0.12323943661971831
0 0.1881578947368421 0.4894366197183099 0.09736842105263158 0.14788732394366197
0 0.075 0.528169014084507 0.11315789473684211 0.18309859154929578
0 0.031578947368421054 0.40669014084507044 0.03684210526315789 0.08098591549295775
0 0.06578947368421052 0.397887323943662 0.05789473684210526 0.09154929577464789
0 0.09210526315789473 0.35563380281690143 0.05263157894736842 0.07746478873239436
0 0.04078947368421053 0.3503521126760563 0.04473684210526316 0.07394366197183098
0 0.14868421052631578 0.3890845070422535 0.039473684210526314 0.05985915492957746
0 0.19078947368421054 0.3732394366197183 0.039473684210526314 0.06338028169014084
0 0.21578947368421053 0.4084507042253521 0.05263157894736842 0.06338028169014084
0 0.2394736842105263 0.3538732394366197 0.042105263157894736 0.06690140845070422