0 0.22067901234567902 0.3125 0.026234567901234566 0.04639175257731959
0 0.13425925925925927 0.4478092783505155 0.043209876543209874 0.07731958762886598
0 0.0931712962962963 0.5557345360824743 0.07291666666666667 0.13208762886597938
0 0.08584104938271606 0.45554123711340205 0.04822530864197531 0.08634020618556701
0 0.023148148148148147 0.4478092783505155 0.038580246913580245 0.06572164948453608
0 0.30767746913580246 0.4958118556701031 0.060570987654320986 0.10502577319587629
0 0.3717206790123457 0.5219072164948454 0.0798611111111111 0.1404639175257732
0 0.34085648148148145 0.43041237113402064 0.04359567901234568 0.07216494845360824
0 0.4793595679012346 0.4697164948453608 0.05285493827160494 0.09536082474226804
0 0.5094521604938271 0.4877577319587629 0.04282407407407408 0.10695876288659793
0 0.5374228395061729 0.37274484536082475 0.032407407407407406 0.061211340206185565
0 0.44463734567901236 0.4648840206185567 0.04128086419753087 0.08440721649484537
0 0.7689043209876543 0.5273840206185567 0.06404320987654322 0.1333762886597938
0 0.8217592592592593 0.48646907216494845 0.046296296296296294 0.08634020618556701
0 0.7465277777777778 0.4797036082474227 0.05092592592592592 0.09342783505154639
0 0.9506172839506173 0.520618556701031 0.06018518518518518 0.11082474226804123
0 0.9124228395061729 0.47648195876288657 0.05092592592592592 0.12048969072164949