0 0.02125 0.5215355805243446 0.0375 0.06928838951310862
0 0.075625 0.4691011235955056 0.03625 0.06179775280898876
0 0.1375 0.5561797752808989 0.0675 0.10112359550561797
0 0.28125 0.4934456928838951 0.0475 0.07677902621722846
0 0.251875 0.48782771535580527 0.02875 0.05056179775280899
0 0.350625 0.45880149812734083 0.03625 0.06741573033707865
0 0.330625 0.4794007490636704 0.02875 0.052434456928838954
0 0.385 0.4597378277153558 0.0325 0.05805243445692884
0 0.40125 0.5355805243445693 0.065 0.10486891385767791
0 0.45125 0.45318352059925093 0.035 0.0449438202247191
0 0.75875 0.31741573033707865 0.04 0.06928838951310862