0 0.11833333333333333 0.41555555555555557 0.04666666666666667 0.06666666666666667
0 0.21 0.4477777777777778 0.05333333333333334 0.08222222222222222
0 0.265 0.39666666666666667 0.043333333333333335 0.06888888888888889
0 0.33416666666666667 0.43 0.04833333333333333 0.07777777777777778
0 0.4175 0.4033333333333333 0.035 0.06
0 0.4708333333333333 0.4111111111111111 0.035 0.057777777777777775
0 0.43083333333333335 0.48444444444444446 0.06833333333333333 0.10222222222222223
0 0.605 0.4722222222222222 0.09 0.14
0 0.5258333333333334 0.38 0.035 0.05333333333333334
0 0.5441666666666667 0.36 0.03166666666666667 0.04888888888888889
0 0.5833333333333334 0.38555555555555554 0.03666666666666667 0.051111111111111114
0 0.7066666666666667 0.26555555555555554 0.04 0.05555555555555555
0 0.7 0.43555555555555553 0.043333333333333335 0.06222222222222222
0 0.7858333333333334 0.43222222222222223 0.06833333333333333 0.11777777777777777
0 0.8041666666666667 0.37777777777777777 0.04833333333333333 0.06666666666666667
0 0.9266666666666666 0.38555555555555554 0.056666666666666664 0.10888888888888888