0 0.057484567901234566 0.6727430555555556 0.06481481481481481 0.0931712962962963
0 0.059027777777777776 0.6044560185185185 0.03935185185185185 0.05960648148148148
0 0.13117283950617284 0.6770833333333334 0.06327160493827161 0.10648148148148148
0 0.19463734567901234 0.6536458333333334 0.04822530864197531 0.08159722222222222
0 0.17631172839506173 0.6235532407407407 0.033950617283950615 0.052662037037037035
0 0.16493055555555555 0.9265046296296297 0.11458333333333333 0.14583333333333334
0 0.32040895061728397 0.6822916666666666 0.05439814814814815 0.10416666666666667
0 0.33757716049382713 0.5957754629629629 0.043209876543209874 0.07118055555555555
0 0.39814814814814814 0.6736111111111112 0.05864197530864197 0.08912037037037036
0 0.4270833333333333 0.6096643518518519 0.047839506172839504 0.07233796296296297
0 0.43016975308641975 0.8058449074074074 0.08024691358024691 0.140625
0 0.5318287037037037 0.43952546296296297 0.04359567901234568 0.08969907407407407
0 0.5875771604938271 0.47858796296296297 0.032407407407407406 0.0775462962962963
0 0.5287422839506173 0.5954861111111112 0.03742283950617284 0.06712962962962964
0 0.5987654320987654 0.6435185185185185 0.05169753086419753 0.0787037037037037
0 0.6433256172839507 0.5784143518518519 0.048996913580246916 0.07465277777777778
0 0.6533564814814815 0.7821180555555556 0.07291666666666667 0.13483796296296297
0 0.8570601851851852 0.9146412037037037 0.1261574074074074 0.16956018518518517
0 0.748070987654321 0.6498842592592593 0.05169753086419753 0.09490740740740741
0 0.7546296296296297 0.5842013888888888 0.05478395061728395 0.07118055555555555
0 0.7959104938271605 0.6073495370370371 0.04398148148148148 0.0642361111111111
0 0.8591820987654321 0.6629050925925926 0.0779320987654321 0.10243055555555555
0 0.9178240740740741 0.6307870370370371 0.05092592592592592 0.09027777777777778
0 0.9116512345679012 0.5868055555555556 0.033179012345679014 0.05787037037037037