0 0.025088028169014086 0.4272300469483568 0.04841549295774648 0.11737089201877934
0 0.09330985915492958 0.3779342723004695 0.03169014084507042 0.051643192488262914
0 0.13380281690140844 0.3926056338028169 0.06338028169014084 0.07863849765258216
0 0.20642605633802816 0.44190140845070425 0.09419014084507042 0.10915492957746478
0 0.1932218309859155 0.37089201877934275 0.03433098591549296 0.051643192488262914
0 0.21654929577464788 0.36619718309859156 0.02992957746478873 0.04929577464788732
0 0.24471830985915494 0.3890845070422535 0.05985915492957746 0.08333333333333333
0 0.3028169014084507 0.37089201877934275 0.02992957746478873 0.04929577464788732
0 0.3274647887323944 0.3884976525821596 0.045774647887323945 0.056338028169014086
0 0.394806338028169 0.4612676056338028 0.10827464788732394 0.1431924882629108
0 0.375 0.3685446009389671 0.02992957746478873 0.04460093896713615
0 0.3987676056338028 0.3644366197183099 0.02464788732394366 0.04107981220657277
0 0.44058098591549294 0.3873239436619718 0.03961267605633803 0.06103286384976526
0 0.4766725352112676 0.4301643192488263 0.06426056338028169 0.08568075117370892
0 0.4722711267605634 0.36502347417840375 0.025528169014084508 0.04225352112676056
0 0.5127640845070423 0.4084507042253521 0.037852112676056336 0.06103286384976526
0 0.5272887323943662 0.38086854460093894 0.028169014084507043 0.045774647887323945
0 0.5677816901408451 0.38615023474178406 0.02640845070422535 0.046948356807511735
0 0.5959507042253521 0.38204225352112675 0.02992957746478873 0.04812206572769953
0 0.6214788732394366 0.43427230046948356 0.06690140845070422 0.11032863849765258
0 0.6408450704225352 0.37265258215962443 0.028169014084507043 0.045774647887323945
0 0.6778169014084507 0.4254694835680751 0.04225352112676056 0.06690140845070422
0 0.6716549295774648 0.3931924882629108 0.03169014084507042 0.03755868544600939
0 0.6932218309859155 0.3779342723004695 0.032570422535211266 0.04929577464788732
0 0.7561619718309859 0.39730046948356806 0.04753521126760563 0.062206572769953054
0 0.7847711267605634 0.3984741784037559 0.03433098591549296 0.05516431924882629
0 0.8441901408450704 0.4043427230046948 0.03697183098591549 0.05046948356807512
0 0.9709507042253521 0.3996478873239437 0.04753521126760563 0.057511737089201875