0 0.5881818181818181 0.32222222222222224 0.02727272727272727 0.05396825396825397
0 0.6609090909090909 0.5222222222222223 0.034545454545454546 0.06031746031746032
0 0.7818181818181819 0.5047619047619047 0.03636363636363636 0.06349206349206349
0 0.87 0.5111111111111111 0.04181818181818182 0.08253968253968254
0 0.9745454545454545 0.5253968253968254 0.04363636363636364 0.09206349206349207
0 0.5636363636363636 0.47619047619047616 0.03636363636363636 0.05714285714285714
0 0.4445454545454545 0.5031746031746032 0.038181818181818185 0.06666666666666667
0 0.37454545454545457 0.526984126984127 0.04 0.05714285714285714
0 0.32727272727272727 0.5253968253968254 0.03272727272727273 0.05396825396825397
0 0.2790909090909091 0.4777777777777778 0.03090909090909091 0.047619047619047616
0 0.09727272727272727 0.5031746031746032 0.034545454545454546 0.06031746031746032