0 0.043333333333333335 0.4900110987791343 0.07833333333333334 0.09211986681465038
0 0.06833333333333333 0.42896781354051056 0.043333333333333335 0.049944506104328525
0 0.16208333333333333 0.3806881243063263 0.0375 0.04661487236403995
0 0.21291666666666667 0.4100998890122087 0.05416666666666667 0.058823529411764705
0 0.24791666666666667 0.3690344062153163 0.030833333333333334 0.04550499445061043
0 0.2925 0.3668146503884573 0.035 0.04772475027746948
0 0.33166666666666667 0.3607103218645949 0.03333333333333333 0.03773584905660377
0 0.31625 0.47225305216426194 0.0775 0.09211986681465038
0 0.3883333333333333 0.41897891231964485 0.04833333333333333 0.05660377358490566
0 0.43833333333333335 0.36293007769145397 0.043333333333333335 0.048834628190899
0 0.44875 0.3362930077691454 0.0225 0.026637069922308545
0 0.5533333333333333 0.341842397336293 0.03 0.03773584905660377
0 0.6629166666666667 0.3779134295227525 0.035833333333333335 0.049944506104328525
0 0.68875 0.42896781354051056 0.05416666666666667 0.058823529411764705
0 0.7066666666666667 0.47447280799112096 0.07 0.08324084350721421
0 0.73375 0.3518312985571587 0.035833333333333335 0.042175360710321866
0 0.815 0.36570477247502775 0.03666666666666667 0.04772475027746948
0 0.84125 0.35349611542730297 0.030833333333333334 0.038845726970033294
0 0.8904166666666666 0.39012208657047726 0.050833333333333335 0.07436182019977802
0 0.94875 0.37014428412874584 0.035833333333333335 0.04550499445061043
0 0.9766666666666667 0.4223085460599334 0.045 0.09433962264150944
0 0.9558333333333333 0.6759156492785794 0.08666666666666667 0.18423973362930077