0 0.05534351145038168 0.6421404682274248 0.07251908396946564 0.13377926421404682
0 0.033396946564885496 0.5117056856187291 0.04770992366412214 0.09364548494983277
0 0.09923664122137404 0.45819397993311034 0.04580152671755725 0.0802675585284281
0 0.15744274809160305 0.4397993311036789 0.04389312977099236 0.08361204013377926
0 0.2032442748091603 0.5284280936454849 0.05534351145038168 0.10033444816053512
0 0.20610687022900764 0.43812709030100333 0.04580152671755725 0.0802675585284281
0 0.23950381679389313 0.40301003344481606 0.04007633587786259 0.07692307692307693
0 0.2967557251908397 0.4197324414715719 0.04007633587786259 0.06354515050167224
0 0.30438931297709926 0.47157190635451507 0.04389312977099236 0.07357859531772576
0 0.3139312977099237 0.5384615384615384 0.06297709923664122 0.10702341137123746
0 0.18416030534351144 0.9080267558528428 0.1736641221374046 0.17725752508361203
0 0.36259541984732824 0.6705685618729097 0.10305343511450382 0.18394648829431437
0 0.41030534351145037 0.4698996655518395 0.04961832061068702 0.08361204013377926
0 0.36450381679389315 0.4765886287625418 0.04198473282442748 0.07692307692307693
0 0.3606870229007634 0.40468227424749165 0.03435114503816794 0.06688963210702341
0 0.43416030534351147 0.3093645484949833 0.02862595419847328 0.056856187290969896
0 0.44179389312977096 0.4531772575250836 0.03244274809160305 0.07023411371237458
0 0.3988549618320611 0.4297658862876254 0.03816793893129771 0.06354515050167224
0 0.5229007633587787 0.451505016722408 0.04198473282442748 0.08695652173913043
0 0.49809160305343514 0.520066889632107 0.04961832061068702 0.09698996655518395
0 0.5438931297709924 0.7491638795986622 0.13740458015267176 0.2140468227424749
0 0.5601145038167938 0.6003344481605352 0.07442748091603053 0.14381270903010032
0 0.6097328244274809 0.5033444816053512 0.05152671755725191 0.11705685618729098
0 0.6335877862595419 0.44816053511705684 0.04198473282442748 0.0802675585284281
0 0.7309160305343512 0.4280936454849498 0.04580152671755725 0.0802675585284281
0 0.7557251908396947 0.5384615384615384 0.0648854961832061 0.13377926421404682
0 0.726145038167939 0.6789297658862876 0.10114503816793893 0.2140468227424749
0 0.8606870229007634 0.5100334448160535 0.0648854961832061 0.13043478260869565
0 0.9341603053435115 0.5250836120401338 0.07061068702290077 0.13377926421404682