0 0.14540059347181009 0.72 0.10089020771513353 0.056
0 0.23590504451038577 0.657 0.05637982195845697 0.038
0 0.04599406528189911 0.85 0.08011869436201781 0.06
0 0.40801186943620177 0.829 0.09198813056379822 0.062
0 0.4332344213649852 0.759 0.05341246290801187 0.05
0 0.4391691394658754 0.682 0.04747774480712166 0.04
0 0.7077151335311572 0.552 0.06231454005934718 0.04
0 0.7166172106824926 0.682 0.06824925816023739 0.044
0 0.7833827893175074 0.755 0.0712166172106825 0.062
0 0.8531157270029673 0.743 0.06824925816023739 0.058
0 0.9747774480712166 0.712 0.04451038575667656 0.048