0 0.7734375 0.649074074074074 0.11666666666666667 0.22037037037037038
0 0.871875 0.6222222222222222 0.10416666666666667 0.16296296296296298
0 0.965625 0.6268518518518519 0.06770833333333333 0.1537037037037037
0 0.6677083333333333 0.6041666666666666 0.030208333333333334 0.06944444444444445
0 0.6401041666666667 0.6050925925925926 0.020833333333333332 0.049074074074074076
0 0.6122395833333333 0.5861111111111111 0.016145833333333335 0.03518518518518519
0 0.5809895833333333 0.5703703703703704 0.0328125 0.06666666666666667
0 0.68125 0.5981481481481481 0.022916666666666665 0.05555555555555555
0 0.5559895833333334 0.6356481481481482 0.058854166666666666 0.11574074074074074
0 0.50859375 0.5856481481481481 0.043229166666666666 0.08981481481481482
0 0.4822916666666667 0.5736111111111111 0.030208333333333334 0.062037037037037036
0 0.44973958333333336 0.5675925925925925 0.024479166666666666 0.05185185185185185
0 0.4440104166666667 0.6453703703703704 0.0703125 0.1388888888888889
0 0.4015625 0.5773148148148148 0.0375 0.07314814814814814
0 0.34661458333333334 0.6050925925925926 0.05677083333333333 0.10462962962962963
0 0.34088541666666666 0.5486111111111112 0.04114583333333333 0.07685185185185185
0 0.2721354166666667 0.5782407407407407 0.03802083333333333 0.08796296296296297
0 0.21302083333333333 0.5560185185185185 0.028125 0.049074074074074076
0 0.17838541666666666 0.5824074074074074 0.043229166666666666 0.08148148148148149
0 0.10416666666666667 0.5574074074074075 0.03229166666666667 0.06851851851851852