0 0.25415676959619954 0.4866920152091255 0.1377672209026128 0.23574144486692014
0 0.26365795724465557 0.2813688212927757 0.04275534441805225 0.08365019011406843
0 0.19596199524940616 0.2661596958174905 0.05463182897862233 0.07604562737642585
0 0.14370546318289787 0.23954372623574144 0.040380047505938245 0.060836501901140684
0 0.11163895486935867 0.19961977186311788 0.0332541567695962 0.057034220532319393
0 0.08669833729216152 0.16730038022813687 0.030878859857482184 0.045627376425855515
0 0.2173396674584323 0.17490494296577946 0.021377672209026127 0.045627376425855515
0 0.26009501187648454 0.16730038022813687 0.026128266033254157 0.045627376425855515
0 0.3016627078384798 0.188212927756654 0.028503562945368172 0.04182509505703422
0 0.30403800475059384 0.16539923954372623 0.023752969121140142 0.034220532319391636
0 0.34679334916864607 0.16539923954372623 0.028503562945368172 0.049429657794676805
0 0.35391923990498814 0.21863117870722434 0.023752969121140142 0.04182509505703422
0 0.39311163895486934 0.18631178707224336 0.026128266033254157 0.053231939163498096
0 0.4180522565320665 0.2414448669201521 0.03800475059382423 0.057034220532319393
0 0.3681710213776722 0.3231939163498099 0.057007125890736345 0.09125475285171103
0 0.5451306413301663 0.3669201520912547 0.0831353919239905 0.1634980988593156
0 0.5308788598574822 0.2946768060836502 0.04513064133016627 0.06463878326996197
0 0.5154394299287411 0.2509505703422053 0.04275534441805225 0.06844106463878327
0 0.4513064133016627 0.20722433460076045 0.028503562945368172 0.049429657794676805
0 0.44655581947743467 0.16539923954372623 0.028503562945368172 0.034220532319391636
0 0.48693586698337293 0.16159695817490494 0.019002375296912115 0.04182509505703422
0 0.5427553444180523 0.18631178707224336 0.021377672209026127 0.03802281368821293
0 0.5415676959619953 0.15779467680608364 0.019002375296912115 0.034220532319391636
0 0.5783847980997625 0.16730038022813687 0.0166270783847981 0.030418250950570342
0 0.5973871733966746 0.17110266159695817 0.0166270783847981 0.030418250950570342
0 0.6045130641330166 0.19771863117870722 0.021377672209026127 0.045627376425855515
0 0.6460807600950119 0.19391634980988592 0.023752969121140142 0.03802281368821293
0 0.6211401425178147 0.15779467680608364 0.0166270783847981 0.034220532319391636
0 0.6520190023752969 0.15399239543726237 0.0166270783847981 0.026615969581749048
0 0.6591448931116389 0.13498098859315588 0.0166270783847981 0.026615969581749048
0 0.7197149643705463 0.21482889733840305 0.019002375296912115 0.034220532319391636
0 0.665083135391924 0.2262357414448669 0.028503562945368172 0.04182509505703422
0 0.6223277909738717 0.2908745247148289 0.04275534441805225 0.07224334600760456
0 0.6128266033254157 0.25285171102661597 0.028503562945368172 0.049429657794676805
0 0.7885985748218527 0.2661596958174905 0.057007125890736345 0.10646387832699619
0 0.7339667458432304 0.25475285171102663 0.0332541567695962 0.045627376425855515
0 0.7577197149643705 0.22053231939163498 0.028503562945368172 0.053231939163498096
0 0.7375296912114014 0.17870722433460076 0.0166270783847981 0.022813688212927757
0 0.7957244655581948 0.18631178707224336 0.019002375296912115 0.030418250950570342
0 0.8586698337292161 0.20152091254752852 0.021377672209026127 0.03802281368821293
0 0.8847980997624703 0.28517110266159695 0.05463182897862233 0.09125475285171103
0 0.9192399049881235 0.2262357414448669 0.04275534441805225 0.07224334600760456
0 0.982185273159145 0.2376425855513308 0.030878859857482184 0.06463878326996197