0 0.825 0.20059880239520958 0.038 0.0658682634730539
0 0.967 0.39221556886227543 0.062 0.11976047904191617
0 0.725 0.4161676646706587 0.074 0.11976047904191617
0 0.723 0.33682634730538924 0.062 0.08682634730538923
0 0.658 0.34281437125748504 0.048 0.09880239520958084
0 0.556 0.4221556886227545 0.068 0.11377245508982035
0 0.574 0.3218562874251497 0.048 0.08083832335329341
0 0.47 0.6841317365269461 0.188 0.3023952095808383
0 0.423 0.3847305389221557 0.066 0.11077844311377245
0 0.346 0.38622754491017963 0.06 0.08982035928143713
0 0.32 0.3248502994011976 0.044 0.0748502994011976
0 0.361 0.2934131736526946 0.034 0.05389221556886228
0 0.299 0.23802395209580837 0.034 0.05089820359281437
0 0.262 0.2155688622754491 0.036 0.04790419161676647
0 0.225 0.25149700598802394 0.034 0.04790419161676647
0 0.156 0.20059880239520958 0.044 0.059880239520958084
0 0.07 0.17065868263473055 0.024 0.03592814371257485
0 0.067 0.28892215568862273 0.054 0.09880239520958084
0 0.08 0.27095808383233533 0.044 0.08083832335329341
0 0.086 0.6107784431137725 0.148 0.25748502994011974