0 0.4174242424242424 0.5693181818181818 0.022727272727272728 0.029545454545454545
0 0.07954545454545454 0.5295454545454545 0.02878787878787879 0.05
0 0.026515151515151516 0.5647727272727273 0.03484848484848485 0.056818181818181816
0 0.08106060606060606 0.7931818181818182 0.07121212121212121 0.12727272727272726
0 0.038636363636363635 0.7079545454545455 0.05 0.075
0 0.10984848484848485 0.725 0.03787878787878788 0.05909090909090909
0 0.12272727272727273 0.6909090909090909 0.03636363636363636 0.05454545454545454
0 0.17272727272727273 0.7056818181818182 0.03939393939393939 0.0659090909090909
0 0.1946969696969697 0.9011363636363636 0.11363636363636363 0.13863636363636364
0 0.22727272727272727 0.8261363636363637 0.07272727272727272 0.13863636363636364
0 0.035606060606060606 0.85 0.06818181818181818 0.2636363636363636
0 0.27045454545454545 0.7477272727272727 0.05606060606060606 0.10454545454545454
0 0.39545454545454545 0.8079545454545455 0.07575757575757576 0.1431818181818182
0 0.5598484848484848 0.8056818181818182 0.07727272727272727 0.1159090909090909
0 0.6409090909090909 0.9238636363636363 0.11212121212121212 0.12954545454545455
0 0.6416666666666667 0.75 0.04696969696969697 0.08181818181818182
0 0.7401515151515151 0.7840909090909091 0.06818181818181818 0.12272727272727273
0 0.7992424242424242 0.7 0.03484848484848485 0.06818181818181818
0 0.8333333333333334 0.6943181818181818 0.03636363636363636 0.0659090909090909
0 0.8553030303030303 0.6602272727272728 0.02878787878787879 0.056818181818181816
0 0.8954545454545455 0.6954545454545454 0.04242424242424243 0.07272727272727272
0 0.9348484848484848 0.678409090909091 0.03636363636363636 0.056818181818181816
0 0.7659090909090909 0.7011363636363637 0.02878787878787879 0.04772727272727273
0 0.7310606060606061 0.7022727272727273 0.031818181818181815 0.045454545454545456
0 0.7265151515151516 0.6670454545454545 0.025757575757575757 0.038636363636363635
0 0.6946969696969697 0.6795454545454546 0.031818181818181815 0.031818181818181815
0 0.6772727272727272 0.7068181818181818 0.03333333333333333 0.05454545454545454
0 0.6401515151515151 0.7022727272727273 0.031818181818181815 0.045454545454545456
0 0.6189393939393939 0.6852272727272727 0.02878787878787879 0.05227272727272727
0 0.5674242424242424 0.7068181818181818 0.02878787878787879 0.06818181818181818
0 0.4909090909090909 0.7045454545454546 0.045454545454545456 0.06363636363636363
0 0.44696969696969696 0.7170454545454545 0.04242424242424243 0.06136363636363636
0 0.39545454545454545 0.7329545454545454 0.04242424242424243 0.056818181818181816
0 0.35378787878787876 0.7272727272727273 0.04090909090909091 0.06363636363636363
0 0.36287878787878786 0.6818181818181818 0.022727272727272728 0.04090909090909091
0 0.3431818181818182 0.6659090909090909 0.02878787878787879 0.045454545454545456
0 0.5340909090909091 0.6727272727272727 0.025757575757575757 0.05
0 0.27121212121212124 0.678409090909091 0.024242424242424242 0.03409090909090909
0 0.22121212121212122 0.696590909090909 0.03333333333333333 0.06136363636363636
0 0.21515151515151515 0.6352272727272728 0.021212121212121213 0.029545454545454545
0 0.3007575757575758 0.6988636363636364 0.02878787878787879 0.05227272727272727
0 0.7954545454545454 0.6511363636363636 0.024242424242424242 0.029545454545454545
0 0.8954545454545455 0.6397727272727273 0.01818181818181818 0.029545454545454545
0 0.8803030303030303 0.6284090909090909 0.015151515151515152 0.03409090909090909
0 0.871969696969697 0.5954545454545455 0.016666666666666666 0.031818181818181815
0 0.8893939393939394 0.6090909090909091 0.012121212121212121 0.031818181818181815
0 0.9143939393939394 0.6306818181818182 0.019696969696969695 0.03409090909090909
0 0.9712121212121212 0.6352272727272728 0.02727272727272727 0.04772727272727273