0 0.0869140625 0.61171875 0.068359375 0.09739583333333333
0 0.2234375 0.7598958333333333 0.16328125 0.23541666666666666
0 0.3392578125 0.7841145833333333 0.083203125 0.1390625
0 0.3046875 0.6643229166666667 0.0640625 0.09010416666666667
0 0.255859375 0.6338541666666667 0.08046875 0.096875
0 0.3369140625 0.6161458333333333 0.062109375 0.08020833333333334
0 0.5041015625 0.6598958333333333 0.070703125 0.09895833333333333
0 0.54765625 0.6424479166666667 0.04375 0.0640625
0 0.6986328125 0.6473958333333333 0.054296875 0.08020833333333334
0 0.74296875 0.6755208333333333 0.06484375 0.10416666666666667
0 0.905078125 0.6841145833333333 0.0796875 0.1171875
0 0.4439453125 0.47369791666666666 0.026953125 0.04114583333333333