0 0.25545454545454543 0.6120218579234973 0.11454545454545455 0.23497267759562843
0 0.19090909090909092 0.3620218579234973 0.03636363636363636 0.06830601092896176
0 0.16727272727272727 0.28688524590163933 0.02909090909090909 0.04918032786885246
0 0.3009090909090909 0.26366120218579236 0.038181818181818185 0.05191256830601093
0 0.32 0.32103825136612024 0.04 0.06830601092896176
0 0.3663636363636364 0.3674863387978142 0.07818181818181819 0.09562841530054644
0 0.46545454545454545 0.5013661202185792 0.13090909090909092 0.16666666666666666
0 0.5372727272727272 0.35792349726775957 0.06363636363636363 0.10382513661202186
0 0.4263636363636364 0.319672131147541 0.038181818181818185 0.06557377049180328
0 0.38636363636363635 0.27459016393442626 0.034545454545454546 0.05191256830601093
0 0.43727272727272726 0.21174863387978143 0.03090909090909091 0.04644808743169399
0 0.4481818181818182 0.2677595628415301 0.03090909090909091 0.060109289617486336
0 0.6854545454545454 0.2336065573770492 0.05090909090909091 0.09562841530054644
0 0.8190909090909091 0.12978142076502733 0.11454545454545455 0.2103825136612022