0 0.11625 0.465 0.0425 0.056666666666666664
0 0.18 0.49666666666666665 0.04 0.06
0 0.2275 0.5133333333333333 0.035 0.05333333333333334
0 0.22375 0.43333333333333335 0.0325 0.06
0 0.26375 0.495 0.0425 0.056666666666666664
0 0.29625 0.54 0.0375 0.06666666666666667
0 0.29 0.44666666666666666 0.025 0.04
0 0.3575 0.4483333333333333 0.03 0.05
0 0.35 0.5166666666666667 0.035 0.04
0 0.34 0.5816666666666667 0.04 0.06333333333333334
0 0.3925 0.5716666666666667 0.035 0.05
0 0.39 0.505 0.03 0.05
0 0.4125 0.43 0.03 0.05333333333333334
0 0.4275 0.5216666666666666 0.03 0.05
0 0.45125 0.5933333333333334 0.0375 0.06666666666666667
0 0.48 0.5516666666666666 0.04 0.056666666666666664
0 0.5075 0.4716666666666667 0.035 0.056666666666666664
0 0.4825 0.4083333333333333 0.03 0.06333333333333334
0 0.55375 0.44166666666666665 0.0275 0.05
0 0.54625 0.5416666666666666 0.0425 0.056666666666666664
0 0.555 0.655 0.04 0.05
0 0.66375 0.5583333333333333 0.0325 0.043333333333333335
0 0.64125 0.6 0.0375 0.05333333333333334
0 0.71 0.5916666666666667 0.035 0.056666666666666664
0 0.81375 0.5883333333333334 0.0425 0.056666666666666664
0 0.77375 0.475 0.0325 0.056666666666666664
0 0.8175 0.44 0.04 0.04666666666666667
0 0.69625 0.44 0.0325 0.04666666666666667
0 0.67125 0.4866666666666667 0.0325 0.06
0 0.625 0.4583333333333333 0.03 0.056666666666666664
0 0.60625 0.48833333333333334 0.0325 0.056666666666666664
0 0.585 0.435 0.025 0.043333333333333335