0 0.08333333333333333 0.4233983286908078 0.06666666666666667 0.10027855153203342
0 0.18888888888888888 0.6072423398328691 0.1 0.12256267409470752
0 0.04722222222222222 0.32172701949860727 0.05 0.08635097493036212
0 0.06944444444444445 0.23259052924791088 0.03888888888888889 0.06406685236768803
0 0.1037037037037037 0.17409470752089137 0.037037037037037035 0.052924791086350974
0 0.06759259259259259 0.14484679665738162 0.03518518518518519 0.04456824512534819
0 0.12222222222222222 0.13509749303621169 0.02962962962962963 0.04178272980501393
0 0.13796296296296295 0.28690807799442897 0.046296296296296294 0.07799442896935933
0 0.23055555555555557 0.34818941504178275 0.06111111111111111 0.08913649025069638
0 0.2462962962962963 0.2479108635097493 0.040740740740740744 0.06685236768802229
0 0.16666666666666666 0.20055710306406685 0.03333333333333333 0.055710306406685235
0 0.175 0.149025069637883 0.027777777777777776 0.04178272980501393
0 0.1925925925925926 0.12256267409470752 0.025925925925925925 0.03899721448467967
0 0.24814814814814815 0.181058495821727 0.02962962962962963 0.05013927576601671
0 0.24074074074074073 0.1309192200557103 0.025925925925925925 0.04456824512534819
0 0.2564814814814815 0.10863509749303621 0.024074074074074074 0.03899721448467967
0 0.30185185185185187 0.12674094707520892 0.02962962962962963 0.036211699164345405
0 0.31574074074074077 0.1573816155988858 0.03148148148148148 0.04735376044568245
0 0.32037037037037036 0.20891364902506965 0.040740740740740744 0.06685236768802229
0 0.3490740740740741 0.29108635097493035 0.046296296296296294 0.07520891364902507
0 0.35185185185185186 0.48885793871866295 0.07037037037037037 0.12534818941504178
0 0.4787037037037037 0.4136490250696379 0.05740740740740741 0.09749303621169916
0 0.5648148148148148 0.34401114206128136 0.05185185185185185 0.09749303621169916
0 0.9203703703703704 0.4233983286908078 0.15555555555555556 0.3231197771587744
0 0.6527777777777778 0.2924791086350975 0.03888888888888889 0.07242339832869081
0 0.7240740740740741 0.2479108635097493 0.040740740740740744 0.06685236768802229
0 0.8064814814814815 0.181058495821727 0.03518518518518519 0.055710306406685235
0 0.8435185185185186 0.16852367688022285 0.03148148148148148 0.04735376044568245
0 0.737037037037037 0.12674094707520892 0.02962962962962963 0.04735376044568245
0 0.6916666666666667 0.16016713091922005 0.03148148148148148 0.04735376044568245
0 0.5657407407407408 0.20055710306406685 0.03148148148148148 0.055710306406685235
0 0.5231481481481481 0.22562674094707522 0.03148148148148148 0.055710306406685235
0 0.43333333333333335 0.266016713091922 0.037037037037037035 0.06406685236768803
0 0.40185185185185185 0.19637883008356546 0.02962962962962963 0.0584958217270195
0 0.45925925925925926 0.1796657381615599 0.022222222222222223 0.052924791086350974
0 0.37407407407407406 0.13788300835654596 0.02962962962962963 0.04178272980501393
0 0.32592592592592595 0.08774373259052924 0.018518518518518517 0.036211699164345405
0 0.40370370370370373 0.09610027855153204 0.025925925925925925 0.04178272980501393
0 0.47314814814814815 0.11838440111420613 0.024074074074074074 0.04178272980501393
0 0.4527777777777778 0.0807799442896936 0.024074074074074074 0.033426183844011144
0 0.5638888888888889 0.1309192200557103 0.027777777777777776 0.05013927576601671
0 0.612037037037037 0.12116991643454039 0.024074074074074074 0.04178272980501393
0 0.5259259259259259 0.07938718662952646 0.025925925925925925 0.036211699164345405