0 0.06435643564356436 0.34405940594059403 0.10891089108910891 0.11386138613861387
0 0.21534653465346534 0.4183168316831683 0.10396039603960396 0.10396039603960396
0 0.43316831683168316 0.41336633663366334 0.09405940594059406 0.10396039603960396
0 0.6237623762376238 0.5222772277227723 0.09900990099009901 0.12376237623762376
0 0.8663366336633663 0.6336633663366337 0.1188118811881188 0.13861386138613863
0 0.8217821782178217 0.4282178217821782 0.09900990099009901 0.12376237623762376
0 0.7599009900990099 0.28465346534653463 0.07425742574257425 0.08415841584158416
0 0.7029702970297029 0.24257425742574257 0.0594059405940594 0.07920792079207921
0 0.6163366336633663 0.36386138613861385 0.09405940594059406 0.11386138613861387
0 0.5445544554455446 0.2871287128712871 0.06930693069306931 0.0891089108910891
0 0.41089108910891087 0.3118811881188119 0.07920792079207921 0.07920792079207921
0 0.37623762376237624 0.24257425742574257 0.0594059405940594 0.06930693069306931
0 0.2747524752475248 0.26485148514851486 0.07425742574257425 0.07425742574257425
0 0.18564356435643564 0.2896039603960396 0.07425742574257425 0.10396039603960396
0 0.15841584158415842 0.23267326732673269 0.06930693069306931 0.0891089108910891
0 0.09405940594059406 0.22277227722772278 0.06930693069306931 0.06930693069306931
0 0.1806930693069307 0.15594059405940594 0.07425742574257425 0.07425742574257425
0 0.29455445544554454 0.13613861386138615 0.06435643564356436 0.07425742574257425
0 0.45544554455445546 0.13861386138613863 0.06930693069306931 0.06930693069306931
0 0.49257425742574257 0.23267326732673269 0.07425742574257425 0.07920792079207921
0 0.6014851485148515 0.12623762376237624 0.07425742574257425 0.08415841584158416
0 0.7574257425742574 0.13861386138613863 0.06930693069306931 0.0891089108910891
0 0.8935643564356436 0.24752475247524752 0.06435643564356436 0.0891089108910891
0 0.9628712871287128 0.2871287128712871 0.054455445544554455 0.07920792079207921
0 0.9381188118811881 0.22277227722772278 0.04455445544554455 0.06930693069306931
0 0.8910891089108911 0.14603960396039603 0.0594059405940594 0.08415841584158416