0 0.13953488372093023 0.24647887323943662 0.059800664451827246 0.08450704225352113
0 0.09053156146179402 0.4518779342723005 0.07807308970099668 0.11971830985915492
0 0.19684385382059802 0.4964788732394366 0.11129568106312292 0.1431924882629108
0 0.3920265780730897 0.6889671361502347 0.1760797342192691 0.2652582159624413
0 0.05398671096345515 0.42370892018779344 0.05149501661129568 0.07276995305164319
0 0.3787375415282392 0.3744131455399061 0.04983388704318937 0.08215962441314555
0 0.4742524916943522 0.3333333333333333 0.04152823920265781 0.06103286384976526
0 0.5099667774086378 0.38967136150234744 0.05647840531561462 0.09389671361502347
0 0.5415282392026578 0.3615023474178404 0.04318936877076412 0.07042253521126761
0 0.6204318936877077 0.3204225352112676 0.03488372093023256 0.04929577464788732
0 0.6893687707641196 0.37089201877934275 0.06312292358803986 0.07511737089201878
0 0.6602990033222591 0.47417840375586856 0.08803986710963455 0.15023474178403756
0 0.7259136212624585 0.33098591549295775 0.053156146179401995 0.06103286384976526
0 0.7956810631229236 0.29107981220657275 0.03322259136212625 0.06103286384976526
0 0.8920265780730897 0.38028169014084506 0.0664451827242525 0.13615023474178403
0 0.8596345514950167 0.2992957746478873 0.02823920265780731 0.05868544600938967
0 0.8853820598006644 0.3004694835680751 0.026578073089700997 0.03755868544600939
0 0.9651162790697675 0.29460093896713613 0.046511627906976744 0.06807511737089202