0 0.36683238636363635 0.3716856060606061 0.09517045454545454 0.14583333333333334
0 0.5005326704545454 0.4296875 0.02734375 0.04214015151515151
0 0.5307173295454546 0.5293560606060606 0.02734375 0.04640151515151515
0 0.6058238636363636 0.5118371212121212 0.026278409090909092 0.043560606060606064
0 0.1846590909090909 0.4150094696969697 0.026988636363636364 0.043087121212121215
0 0.126953125 0.4322916666666667 0.06427556818181818 0.07765151515151515
0 0.018465909090909092 0.49455492424242425 0.03622159090909091 0.06770833333333333
0 0.6834161931818182 0.6119791666666666 0.05575284090909091 0.06865530303030302
0 0.6619318181818182 0.5866477272727273 0.03551136363636364 0.06060606060606061
0 0.6477272727272727 0.5565814393939394 0.03480113636363636 0.05634469696969697
0 0.7162642045454546 0.4921875 0.03125 0.050662878787878785
0 0.771484375 0.5376420454545454 0.02947443181818182 0.054450757575757576
0 0.837890625 0.517282196969697 0.03231534090909091 0.05823863636363636
0 0.8549360795454546 0.5883049242424242 0.05007102272727273 0.06581439393939394
0 0.8577769886363636 0.728219696969697 0.10120738636363637 0.15625
0 0.9612926136363636 0.6089015151515151 0.048295454545454544 0.08049242424242424