0 0.12101449275362319 0.5793036750483559 0.08260869565217391 0.11798839458413926
0 0.26956521739130435 0.5435203094777563 0.07246376811594203 0.11218568665377177
0 0.41956521739130437 0.5531914893617021 0.06811594202898551 0.1276595744680851
0 0.6173913043478261 0.5502901353965184 0.06376811594202898 0.11798839458413926
0 0.7115942028985507 0.558027079303675 0.07246376811594203 0.11798839458413926
0 0.8963768115942029 0.3829787234042553 0.07101449275362319 0.10444874274661509
0 0.763768115942029 0.3027079303675048 0.06086956521739131 0.09090909090909091
0 0.6739130434782609 0.4090909090909091 0.057971014492753624 0.1102514506769826
0 0.5376811594202898 0.3897485493230174 0.07246376811594203 0.12959381044487428
0 0.4318840579710145 0.35106382978723405 0.06956521739130435 0.11798839458413926
0 0.26521739130434785 0.3578336557059961 0.08405797101449275 0.11605415860735009
0 0.1471014492753623 0.18665377176015474 0.07391304347826087 0.12959381044487428
0 0.2210144927536232 0.18568665377176016 0.050724637681159424 0.09284332688588008
0 0.2702898550724638 0.15570599613152805 0.04782608695652174 0.09090909090909091
0 0.3333333333333333 0.11992263056092843 0.05217391304347826 0.10444874274661509
0 0.427536231884058 0.13152804642166344 0.05507246376811594 0.08897485493230174
0 0.5405797101449276 0.12475822050290135 0.05217391304347826 0.10251450676982592
0 0.5898550724637681 0.13346228239845262 0.05507246376811594 0.09284332688588008
0 0.6528985507246376 0.1450676982591876 0.05652173913043478 0.08123791102514506
0 0.7557971014492754 0.1276595744680851 0.050724637681159424 0.08897485493230174
0 0.8543478260869565 0.15473887814313347 0.0536231884057971 0.09284332688588008