0 0.183125 0.5977777777777777 0.09625 0.16444444444444445
0 0.031875 0.5022222222222222 0.04125 0.08888888888888889
0 0.35 0.4066666666666667 0.0325 0.06666666666666667
0 0.43 0.41 0.025 0.04666666666666667
0 0.481875 0.41 0.04125 0.06888888888888889
0 0.551875 0.4777777777777778 0.05375 0.09333333333333334
0 0.585625 0.43555555555555553 0.03625 0.08444444444444445
0 0.693125 0.4033333333333333 0.03875 0.07333333333333333
0 0.76625 0.5433333333333333 0.0775 0.1622222222222222
0 0.724375 0.68 0.10625 0.19555555555555557
0 0.86875 0.41555555555555557 0.0275 0.06666666666666667
0 0.921875 0.4588888888888889 0.04375 0.08666666666666667
0 0.94125 0.3977777777777778 0.0375 0.08444444444444445