0 0.24156368821292776 0.5586538461538462 0.05869771863117871 0.08012820512820513
0 0.314282319391635 0.6193910256410257 0.06915399239543726 0.09519230769230769
0 0.40375475285171103 0.5948717948717949 0.08460076045627377 0.1282051282051282
0 0.47255228136882127 0.6548076923076923 0.1195342205323194 0.17435897435897435
0 0.5384980988593155 0.5991987179487179 0.05275665399239544 0.0810897435897436
0 0.5159220532319392 0.5592948717948718 0.04895437262357415 0.05897435897435897
0 0.5994534220532319 0.42243589743589743 0.037785171102661594 0.06217948717948718
0 0.6109790874524715 0.5517628205128206 0.05180608365019011 0.08237179487179487
0 0.6413973384030418 0.6328525641025641 0.07271863117870722 0.12211538461538461
0 0.6927281368821293 0.5833333333333334 0.0594106463878327 0.08717948717948718
0 0.7145912547528517 0.5397435897435897 0.04847908745247148 0.06217948717948718
0 0.7309885931558935 0.7471153846153846 0.15826996197718632 0.21217948717948718
0 0.778041825095057 0.6397435897435897 0.10408745247148289 0.16025641025641027
0 0.8571768060836502 0.6288461538461538 0.07224334600760456 0.11025641025641025
0 0.8374524714828897 0.572275641025641 0.06844106463878327 0.08493589743589744
0 0.8538498098859315 0.5407051282051282 0.05655893536121673 0.08012820512820513
0 0.9629277566539924 0.5681089743589743 0.05655893536121673 0.07916666666666666
0 0.940351711026616 0.5376602564102564 0.051330798479087454 0.06826923076923076