0 0.11430246189917936 0.4515625 0.06213364595545135 0.084375
0 0.05744431418522861 0.35703125 0.04220398593200469 0.0609375
0 0.17526377491207504 0.39140625 0.03399765533411489 0.0578125
0 0.20691676436107856 0.42734375 0.05275498241500586 0.0734375
0 0.22157092614302462 0.3796875 0.035169988276670575 0.04375
0 0.32063305978898005 0.421875 0.04806565064478312 0.06875
0 0.3874560375146542 0.4140625 0.038686987104337635 0.059375
0 0.4249706916764361 0.37734375 0.041031652989449004 0.0515625
0 0.46365767878077374 0.5296875 0.08089097303634232 0.125
0 0.5281359906213364 0.46875 0.05744431418522861 0.084375
0 0.5961313012895663 0.471875 0.04806565064478312 0.065625
0 0.5246189917936694 0.39765625 0.03399765533411489 0.0546875
0 0.567409144196952 0.396875 0.032825322391559206 0.053125
0 0.7092614302461899 0.44609375 0.05158264947245018 0.0703125
0 0.7327080890973037 0.42109375 0.035169988276670575 0.0546875
0 0.7813599062133646 0.4203125 0.03634232121922626 0.04375
0 0.8124267291910903 0.409375 0.023446658851113716 0.04375
0 0.8645955451348183 0.41953125 0.029308323563892145 0.0421875