0 0.88037109375 0.8511730205278593 0.1181640625 0.218475073313783
0 0.61328125 0.9105571847507331 0.142578125 0.17302052785923755
0 0.515625 0.7705278592375366 0.103515625 0.1744868035190616
0 0.423828125 0.6422287390029325 0.08203125 0.1495601173020528
0 0.3623046875 0.5491202346041055 0.06640625 0.1217008797653959
0 0.4736328125 0.5117302052785924 0.052734375 0.10263929618768329
0 0.5166015625 0.5065982404692082 0.0390625 0.08357771260997067
0 0.5615234375 0.623900293255132 0.064453125 0.1158357771260997
0 0.62109375 0.4714076246334311 0.04296875 0.08357771260997067
0 0.79638671875 0.7074780058651027 0.0810546875 0.1774193548387097
0 0.828125 0.6143695014662757 0.0546875 0.10557184750733138
0 0.828125 0.5109970674486803 0.0390625 0.07771260997067449