0 0.8466666666666667 0.43777777777777777 0.03166666666666667 0.04
0 0.6929166666666666 0.45055555555555554 0.03916666666666667 0.05444444444444444
0 0.7183333333333334 0.4461111111111111 0.03 0.04777777777777778
0 0.6433333333333333 0.46444444444444444 0.03333333333333333 0.04888888888888889
0 0.6116666666666667 0.44333333333333336 0.03333333333333333 0.042222222222222223
0 0.5708333333333333 0.42388888888888887 0.02666666666666667 0.04111111111111111
0 0.52875 0.4261111111111111 0.0275 0.03666666666666667
0 0.4995833333333333 0.4461111111111111 0.030833333333333334 0.027777777777777776
0 0.43333333333333335 0.46444444444444444 0.03333333333333333 0.04
0 0.4025 0.4222222222222222 0.03333333333333333 0.03333333333333333
0 0.36541666666666667 0.4461111111111111 0.024166666666666666 0.03888888888888889
0 0.34708333333333335 0.41944444444444445 0.030833333333333334 0.03666666666666667
0 0.29083333333333333 0.42833333333333334 0.03166666666666667 0.04555555555555556
0 0.2504166666666667 0.4444444444444444 0.034166666666666665 0.051111111111111114
0 0.20958333333333334 0.48388888888888887 0.060833333333333336 0.08777777777777777
0 0.22 0.41388888888888886 0.03166666666666667 0.034444444444444444
0 0.22583333333333333 0.4311111111111111 0.025 0.03333333333333333
0 0.17083333333333334 0.43 0.03833333333333333 0.051111111111111114
0 0.13625 0.45555555555555555 0.0375 0.05555555555555555
0 0.10833333333333334 0.49333333333333335 0.051666666666666666 0.06444444444444444
0 0.09916666666666667 0.44 0.03333333333333333 0.04888888888888889