0 0.1 0.5555555555555556 0.12571428571428572 0.26666666666666666
0 0.36428571428571427 0.6138888888888889 0.11142857142857143 0.2611111111111111
0 0.2957142857142857 0.4388888888888889 0.07714285714285714 0.17777777777777778
0 0.37 0.3527777777777778 0.054285714285714284 0.12777777777777777
0 0.29 0.3194444444444444 0.04285714285714286 0.09444444444444444
0 0.31142857142857144 0.275 0.04 0.09444444444444444
0 0.23 0.3111111111111111 0.04857142857142857 0.12222222222222222
0 0.18571428571428572 0.3611111111111111 0.06285714285714286 0.16666666666666666
0 0.12571428571428572 0.4 0.09142857142857143 0.15555555555555556
0 0.45571428571428574 0.06666666666666667 0.04285714285714286 0.1
0 0.5285714285714286 0.275 0.04 0.09444444444444444
0 0.5585714285714286 0.28055555555555556 0.04285714285714286 0.11666666666666667
0 0.5885714285714285 0.2916666666666667 0.05142857142857143 0.12777777777777777
0 0.6314285714285715 0.2861111111111111 0.04 0.10555555555555556
0 0.6771428571428572 0.33055555555555555 0.06285714285714286 0.15
0 0.7114285714285714 0.2833333333333333 0.05714285714285714 0.13333333333333333
0 0.8014285714285714 0.4083333333333333 0.07714285714285714 0.17222222222222222
0 0.8157142857142857 0.3111111111111111 0.04285714285714286 0.1111111111111111
0 0.7714285714285715 0.2611111111111111 0.03428571428571429 0.1
0 0.8657142857142858 0.2722222222222222 0.04 0.1111111111111111
0 0.9257142857142857 0.2722222222222222 0.04 0.1
0 0.98 0.2972222222222222 0.03428571428571429 0.09444444444444444