0 0.17734375 0.5714285714285714 0.0546875 0.08899297423887588
0 0.09453125 0.446135831381733 0.0328125 0.06323185011709602
0 0.4203125 0.5515222482435597 0.04375 0.07259953161592506
0 0.515625 0.5573770491803278 0.046875 0.07494145199063232
0 0.60859375 0.5362997658079626 0.0421875 0.06088992974238876
0 0.70859375 0.5362997658079626 0.0359375 0.07494145199063232
0 0.95625 0.5480093676814989 0.0375 0.06088992974238876
0 0.984375 0.5199063231850117 0.021875 0.06088992974238876
0 0.8671875 0.382903981264637 0.059375 0.09601873536299765
0 0.93125 0.43208430913348944 0.028125 0.04449648711943794
0 0.94765625 0.41569086651053866 0.0234375 0.0351288056206089
0 0.96015625 0.38524590163934425 0.0234375 0.03981264637002342
0 0.79453125 0.41920374707259955 0.0328125 0.04215456674473068
0 0.684375 0.4601873536299766 0.034375 0.04918032786885246
0 0.5875 0.4672131147540984 0.034375 0.0585480093676815
0 0.5109375 0.47306791569086654 0.0375 0.06088992974238876
0 0.421875 0.4601873536299766 0.034375 0.06323185011709602
0 0.5296875 0.4180327868852459 0.034375 0.04918032786885246
0 0.59609375 0.40749414519906324 0.0296875 0.05620608899297424
0 0.63359375 0.4098360655737705 0.0234375 0.04215456674473068
0 0.74296875 0.42271662763466045 0.0265625 0.053864168618266976
0 0.759375 0.4180327868852459 0.021875 0.04918032786885246
0 0.4203125 0.3992974238875878 0.034375 0.04918032786885246
0 0.328125 0.47423887587822017 0.040625 0.06791569086651054
0 0.2375 0.4859484777517564 0.04375 0.07728337236533958
0 0.03125 0.4098360655737705 0.04375 0.07494145199063232
0 0.17109375 0.40046838407494145 0.0359375 0.05620608899297424
0 0.29921875 0.41451990632318503 0.0328125 0.05152224824355972
0 0.35390625 0.39695550351288056 0.0296875 0.04918032786885246
0 0.12109375 0.34192037470725994 0.0359375 0.05620608899297424
0 0.2265625 0.36416861826697894 0.04375 0.053864168618266976
0 0.31484375 0.36065573770491804 0.0328125 0.05152224824355972
0 0.36015625 0.351288056206089 0.0328125 0.04215456674473068
0 0.41015625 0.33021077283372363 0.0265625 0.05152224824355972
0 0.4515625 0.3477751756440281 0.028125 0.053864168618266976
0 0.5140625 0.3325526932084309 0.01875 0.03278688524590164
0 0.578125 0.3594847775175644 0.025 0.03981264637002342
0 0.61796875 0.36065573770491804 0.0203125 0.04215456674473068
0 0.66640625 0.37236533957845436 0.0234375 0.03278688524590164
0 0.665625 0.3442622950819672 0.01875 0.03278688524590164
0 0.61953125 0.33840749414519905 0.0234375 0.0351288056206089
0 0.73671875 0.36416861826697894 0.0265625 0.04918032786885246
0 0.75234375 0.34894613583138173 0.0171875 0.03747072599531616
0 0.80625 0.3583138173302108 0.021875 0.03747072599531616
0 0.840625 0.34543325526932084 0.01875 0.03044496487119438
0 0.82890625 0.32669789227166274 0.0203125 0.03044496487119438
0 0.79140625 0.3114754098360656 0.0203125 0.03747072599531616
0 0.809375 0.297423887587822 0.01875 0.03278688524590164
0 0.7609375 0.30210772833723654 0.01875 0.03278688524590164
0 0.7578125 0.26697892271662765 0.01875 0.02810304449648712
0 0.73828125 0.29508196721311475 0.0140625 0.02810304449648712
0 0.73046875 0.32084309133489464 0.0171875 0.03278688524590164
0 0.68984375 0.319672131147541 0.0203125 0.0351288056206089
0 0.6875 0.28805620608899296 0.01875 0.02810304449648712
0 0.72734375 0.275175644028103 0.0203125 0.02576112412177986
0 0.6859375 0.2646370023419204 0.015625 0.03278688524590164
0 0.69453125 0.25175644028103045 0.0171875 0.02576112412177986
0 0.64921875 0.29156908665105385 0.0171875 0.03044496487119438
0 0.65234375 0.25878220140515223 0.0171875 0.03044496487119438
0 0.63125 0.26697892271662765 0.0125 0.0234192037470726
0 0.603125 0.2775175644028103 0.01875 0.03044496487119438
0 0.6046875 0.3079625292740047 0.01875 0.03981264637002342
0 0.625 0.24824355971896955 0.0125 0.01873536299765808
0 0.63125 0.23302107728337237 0.015625 0.02576112412177986
0 0.621875 0.2224824355971897 0.015625 0.0234192037470726
0 0.60234375 0.24707259953161592 0.0171875 0.02107728337236534
0 0.5921875 0.2306791569086651 0.015625 0.02107728337236534
0 0.5890625 0.2154566744730679 0.0125 0.01873536299765808
0 0.5515625 0.1955503512880562 0.015625 0.02107728337236534
0 0.55703125 0.2154566744730679 0.0140625 0.02810304449648712
0 0.559375 0.2423887587822014 0.015625 0.02576112412177986
0 0.55859375 0.2962529274004684 0.0203125 0.03044496487119438
0 0.55 0.3325526932084309 0.025 0.04215456674473068
0 0.51484375 0.2892271662763466 0.0203125 0.0351288056206089
0 0.5296875 0.2775175644028103 0.015625 0.03044496487119438
0 0.50546875 0.2716627634660422 0.0171875 0.02810304449648712
0 0.50859375 0.2459016393442623 0.0171875 0.02810304449648712
0 0.51875 0.22950819672131148 0.015625 0.0234192037470726
0 0.52578125 0.21662763466042154 0.0171875 0.02576112412177986
0 0.496875 0.1955503512880562 0.01875 0.03044496487119438
0 0.48046875 0.20843091334894615 0.0171875 0.02810304449648712
0 0.46015625 0.19320843091334894 0.0140625 0.02576112412177986
0 0.43671875 0.16978922716627634 0.0140625 0.02576112412177986
0 0.45703125 0.29508196721311475 0.0265625 0.0468384074941452
0 0.4546875 0.2611241217798595 0.025 0.0351288056206089
0 0.41015625 0.25526932084309134 0.0203125 0.03278688524590164
0 0.4140625 0.24004683840749413 0.01875 0.03044496487119438
0 0.41953125 0.23185011709601874 0.0203125 0.02810304449648712
0 0.421875 0.2107728337236534 0.015625 0.0234192037470726
0 0.3953125 0.21311475409836064 0.015625 0.03278688524590164
0 0.38828125 0.1955503512880562 0.0203125 0.03044496487119438
0 0.378125 0.16159250585480095 0.0125 0.0234192037470726
0 0.36171875 0.2576112412177986 0.0234375 0.03747072599531616
0 0.37265625 0.2259953161592506 0.0234375 0.03981264637002342
0 0.33359375 0.22014051522248243 0.0171875 0.03278688524590164
0 0.32421875 0.20374707259953162 0.0171875 0.01873536299765808
0 0.3359375 0.18384074941451992 0.0125 0.02576112412177986
0 0.34921875 0.19437939110070257 0.0140625 0.02810304449648712
0 0.3515625 0.17681498829039813 0.015625 0.03044496487119438
0 0.3328125 0.31381733021077285 0.034375 0.05152224824355972
0 0.334375 0.2775175644028103 0.025 0.03981264637002342
0 0.303125 0.2505854800936768 0.025 0.04215456674473068
0 0.2796875 0.202576112412178 0.01875 0.03044496487119438
0 0.28984375 0.19789227166276346 0.0171875 0.0351288056206089
0 0.309375 0.17447306791569087 0.0125 0.02576112412177986
0 0.28046875 0.16159250585480095 0.0171875 0.03278688524590164
0 0.26484375 0.2224824355971897 0.0234375 0.03747072599531616
0 0.24375 0.23653395784543327 0.021875 0.03747072599531616
0 0.25078125 0.29859484777517564 0.0265625 0.06323185011709602
0 0.25390625 0.27049180327868855 0.0203125 0.0351288056206089
0 0.16171875 0.29859484777517564 0.0296875 0.04918032786885246
0 0.1421875 0.25878220140515223 0.021875 0.04918032786885246
0 0.08203125 0.2892271662763466 0.0296875 0.04918032786885246
0 0.04921875 0.2388758782201405 0.0328125 0.05152224824355972
0 0.03671875 0.20843091334894615 0.0296875 0.04215456674473068
0 0.05703125 0.17798594847775176 0.0296875 0.03747072599531616
0 0.09765625 0.19437939110070257 0.0203125 0.04215456674473068
0 0.11015625 0.23302107728337237 0.0265625 0.04449648711943794
0 0.1875 0.23302107728337237 0.021875 0.03981264637002342
0 0.22109375 0.22365339578454332 0.0234375 0.0351288056206089
0 0.24609375 0.18969555035128804 0.0171875 0.02810304449648712
0 0.259375 0.1756440281030445 0.021875 0.0234192037470726
0 0.221875 0.19672131147540983 0.021875 0.0234192037470726
0 0.22265625 0.17096018735362997 0.0171875 0.02810304449648712
0 0.20625 0.17798594847775176 0.015625 0.0234192037470726
0 0.20546875 0.15105386416861827 0.0171875 0.02576112412177986
0 0.1859375 0.11124121779859485 0.021875 0.0351288056206089
0 0.184375 0.1920374707259953 0.021875 0.03278688524590164
0 0.1609375 0.20843091334894615 0.025 0.03278688524590164
0 0.1484375 0.16627634660421545 0.01875 0.04215456674473068
0 0.1703125 0.16393442622950818 0.01875 0.03278688524590164
0 0.12421875 0.1756440281030445 0.0234375 0.03747072599531616
0 0.11953125 0.12997658079625293 0.0203125 0.0351288056206089
0 0.0921875 0.16276346604215455 0.021875 0.0351288056206089
0 0.0765625 0.1252927400468384 0.021875 0.03044496487119438
0 0.059375 0.12295081967213115 0.021875 0.03981264637002342
0 0.01953125 0.12763466042154567 0.0203125 0.03044496487119438
0 0.04375 0.16744730679156908 0.01875 0.03044496487119438