0 0.07492690058479533 0.6218475877192983 0.03654970760233918 0.05071271929824561
0 0.13806652046783627 0.6260964912280702 0.03234649122807018 0.05701754385964912
0 0.1810124269005848 0.6166392543859649 0.030884502923976608 0.04194078947368421
0 0.2238669590643275 0.6314418859649122 0.039473684210526314 0.05290570175438596
0 0.27905701754385964 0.634046052631579 0.03289473684210526 0.04550438596491228
0 0.3331505847953216 0.6229440789473685 0.027412280701754384 0.04851973684210526
0 0.36120248538011696 0.6197916666666666 0.031615497076023395 0.05482456140350877
0 0.39016812865497075 0.6171875 0.027412280701754384 0.04303728070175439
0 0.4213267543859649 0.6086896929824561 0.03234649122807018 0.04961622807017544
0 0.5166301169590644 0.5951206140350878 0.03728070175438596 0.06633771929824561
0 0.5847953216374269 0.6267817982456141 0.03435672514619883 0.04742324561403509
0 0.5988669590643275 0.6166392543859649 0.025950292397660817 0.04632675438596491
0 0.6512244152046783 0.6214364035087719 0.027960526315789474 0.051535087719298246
0 0.6969115497076024 0.6103344298245614 0.02942251461988304 0.05071271929824561
0 0.7348318713450293 0.6108826754385965 0.03654970760233918 0.06661184210526316
0 0.756578947368421 0.6034813596491229 0.028143274853801168 0.05180921052631579
0 0.780610380116959 0.6071820175438597 0.023940058479532164 0.042214912280701754
0 0.831140350877193 0.6008771929824561 0.028143274853801168 0.05043859649122807
0 0.8916301169590644 0.5866228070175439 0.03654970760233918 0.06030701754385965
0 0.9766081871345029 0.5855263157894737 0.03508771929824561 0.049342105263157895