0 0.029861111111111113 0.4009259259259259 0.05694444444444444 0.09814814814814815
0 0.1388888888888889 0.4638888888888889 0.09722222222222222 0.1388888888888889
0 0.18472222222222223 0.3972222222222222 0.05277777777777778 0.08703703703703704
0 0.09375 0.26666666666666666 0.04027777777777778 0.05925925925925926
0 0.2298611111111111 0.3388888888888889 0.02638888888888889 0.037037037037037035
0 0.2701388888888889 0.34814814814814815 0.03194444444444444 0.05185185185185185
0 0.29791666666666666 0.32592592592592595 0.03194444444444444 0.04814814814814815
0 0.26875 0.43425925925925923 0.07083333333333333 0.10185185185185185
0 0.39305555555555555 0.4824074074074074 0.09444444444444444 0.1425925925925926
0 0.35694444444444445 0.3638888888888889 0.041666666666666664 0.05740740740740741
0 0.3611111111111111 0.33425925925925926 0.030555555555555555 0.03518518518518519
0 0.3993055555555556 0.34814814814814815 0.0375 0.06666666666666667
0 0.4597222222222222 0.3509259259259259 0.05 0.08703703703703704
0 0.50625 0.3509259259259259 0.04027777777777778 0.06851851851851852
0 0.5951388888888889 0.4009259259259259 0.0625 0.09814814814814815
0 0.5652777777777778 0.3537037037037037 0.04722222222222222 0.07407407407407407
0 0.6597222222222222 0.35185185185185186 0.03888888888888889 0.06296296296296296
0 0.6895833333333333 0.4027777777777778 0.05694444444444444 0.08333333333333333
0 0.7229166666666667 0.362962962962963 0.0375 0.06296296296296296
0 0.7597222222222222 0.3611111111111111 0.03888888888888889 0.07037037037037037
0 0.7659722222222223 0.43703703703703706 0.08472222222222223 0.11481481481481481
0 0.8458333333333333 0.3675925925925926 0.03611111111111111 0.06851851851851852
0 0.8805555555555555 0.4101851851851852 0.06388888888888888 0.09444444444444444
0 0.9152777777777777 0.37592592592592594 0.044444444444444446 0.08148148148148149