0 0.11526315789473685 0.6594101123595506 0.07684210526315789 0.09129213483146068
0 0.1 0.9080056179775281 0.17473684210526316 0.18117977528089887
0 0.04263157894736842 0.6053370786516854 0.05368421052631579 0.056179775280898875
0 0.018947368421052633 0.550561797752809 0.031578947368421054 0.05056179775280899
0 0.14105263157894737 0.6200842696629213 0.04842105263157895 0.05758426966292135
0 0.13473684210526315 0.5702247191011236 0.037894736842105266 0.0449438202247191
0 0.16157894736842104 0.5653089887640449 0.030526315789473683 0.04353932584269663
0 0.21894736842105264 0.5632022471910112 0.02736842105263158 0.03932584269662921
0 0.2236842105263158 0.613061797752809 0.05157894736842105 0.0800561797752809
0 0.25157894736842107 0.5948033707865169 0.029473684210526315 0.05196629213483146
0 0.2931578947368421 0.5884831460674157 0.05157894736842105 0.05898876404494382
0 0.30473684210526314 0.6306179775280899 0.049473684210526316 0.0702247191011236
0 0.3589473684210526 0.5716292134831461 0.03368421052631579 0.042134831460674156
0 0.3426315789473684 0.511938202247191 0.028421052631578948 0.04915730337078652
0 0.3757894736842105 0.4824438202247191 0.023157894736842106 0.046348314606741575
0 0.4031578947368421 0.6945224719101124 0.08210526315789474 0.13623595505617977
0 0.4531578947368421 0.5997191011235955 0.0431578947368421 0.06460674157303371
0 0.41578947368421054 0.577247191011236 0.035789473684210524 0.06179775280898876
0 0.5373684210526316 0.5589887640449438 0.03894736842105263 0.06460674157303371
0 0.5442105263157895 0.6039325842696629 0.035789473684210524 0.06179775280898876
0 0.5631578947368421 0.6657303370786517 0.05894736842105263 0.09269662921348315
0 0.4868421052631579 0.7556179775280899 0.09368421052631579 0.15730337078651685
0 0.6157894736842106 0.7191011235955056 0.09052631578947369 0.16292134831460675
0 0.6131578947368421 0.5653089887640449 0.04105263157894737 0.05758426966292135
0 0.5889473684210527 0.5582865168539326 0.03263157894736842 0.05758426966292135
0 0.6778947368421052 0.6193820224719101 0.056842105263157895 0.07584269662921349
0 0.6873684210526316 0.5758426966292135 0.037894736842105266 0.05898876404494382
0 0.7552631578947369 0.5926966292134831 0.045263157894736845 0.06460674157303371
0 0.7910526315789473 0.6622191011235955 0.06421052631578947 0.09129213483146068
0 0.8294736842105264 0.5793539325842697 0.037894736842105266 0.05758426966292135
0 0.8126315789473684 0.5245786516853933 0.02736842105263158 0.04073033707865169
0 0.8942105263157895 0.6179775280898876 0.05789473684210526 0.07865168539325842
0 0.8752631578947369 0.5688202247191011 0.0431578947368421 0.0449438202247191
0 0.93 0.6046348314606742 0.045263157894736845 0.07162921348314606
0 0.9663157894736842 0.5835674157303371 0.04421052631578947 0.06601123595505617
0 0.9868421052631579 0.5617977528089888 0.024210526315789474 0.05337078651685393