0 0.3858195211786372 0.5041436464088398 0.09576427255985268 0.16298342541436464
0 0.48112338858195214 0.4889502762430939 0.07826887661141804 0.14917127071823205
0 0.4521178637200737 0.40814917127071826 0.0423572744014733 0.07320441988950276
0 0.43232044198895025 0.3639502762430939 0.03222836095764273 0.062154696132596686
0 0.3347145488029466 0.412292817679558 0.04143646408839779 0.08149171270718232
0 0.22375690607734808 0.42748618784530384 0.04788213627992634 0.09530386740331492
0 0.10267034990791897 0.47582872928176795 0.058011049723756904 0.10359116022099447
0 0.5322283609576427 0.3784530386740331 0.034990791896869246 0.058011049723756904
0 0.5409760589318601 0.34875690607734805 0.024861878453038673 0.05386740331491713
0 0.585635359116022 0.36671270718232046 0.029465930018416207 0.05386740331491713
0 0.7104051565377533 0.4240331491712707 0.04880294659300184 0.09668508287292818
0 0.7196132596685083 0.3756906077348066 0.05064456721915286 0.08011049723756906
0 0.7992633517495396 0.39295580110497236 0.04419889502762431 0.07596685082872928
0 0.7785451197053407 0.36671270718232046 0.024861878453038673 0.04834254143646409