0 0.09 0.5340050377833753 0.10666666666666667 0.181360201511335
0 0.22333333333333333 0.41183879093198994 0.09 0.14357682619647355
0 0.23 0.3136020151133501 0.06666666666666667 0.10831234256926953
0 0.2783333333333333 0.3589420654911839 0.06333333333333334 0.09319899244332494
0 0.295 0.2858942065491184 0.05 0.08312342569269521
0 0.21666666666666667 0.2531486146095718 0.06 0.07808564231738035
0 0.0875 0.43198992443324935 0.08166666666666667 0.12342569269521411
0 0.1025 0.3148614609571788 0.07166666666666667 0.11586901763224182
0 0.3591666666666667 0.6171284634760705 0.13166666666666665 0.24181360201511334
0 0.4075 0.4659949622166247 0.085 0.14609571788413098
0 0.4675 0.40302267002518893 0.08166666666666667 0.1309823677581864
0 0.43333333333333335 0.33123425692695213 0.06 0.10327455919395466
0 0.49666666666666665 0.31738035264483627 0.056666666666666664 0.11083123425692695
0 0.6058333333333333 0.5151133501259446 0.09833333333333333 0.15365239294710328
0 0.5875 0.3790931989924433 0.065 0.11335012594458438
0 0.685 0.37279596977329976 0.06666666666666667 0.11586901763224182
0 0.7666666666666667 0.34634760705289674 0.06 0.10327455919395466
0 0.81 0.3967254408060453 0.08666666666666667 0.1385390428211587
0 0.87 0.4836272040302267 0.10666666666666667 0.181360201511335
0 0.9275 0.37531486146095716 0.085 0.14609571788413098