0 0.06222222222222222 0.525 0.06666666666666667 0.07666666666666666
0 0.12111111111111111 0.53 0.05555555555555555 0.09333333333333334
0 0.20333333333333334 0.53 0.051111111111111114 0.08666666666666667
0 0.11 0.745 0.1 0.18333333333333332
0 0.31 0.6233333333333333 0.08666666666666667 0.15333333333333332
0 0.3511111111111111 0.575 0.06222222222222222 0.11
0 0.39666666666666667 0.55 0.051111111111111114 0.09333333333333334
0 0.4266666666666667 0.525 0.044444444444444446 0.07666666666666666
0 0.4777777777777778 0.3416666666666667 0.04888888888888889 0.08333333333333333
0 0.45111111111111113 0.7516666666666667 0.1111111111111111 0.20333333333333334
0 0.5144444444444445 0.67 0.08666666666666667 0.14
0 0.5311111111111111 0.5716666666666667 0.06666666666666667 0.09666666666666666
0 0.56 0.5466666666666666 0.057777777777777775 0.08666666666666667
0 0.5455555555555556 0.495 0.04666666666666667 0.06333333333333334
0 0.7955555555555556 0.5116666666666667 0.04 0.07666666666666666
0 0.8455555555555555 0.5533333333333333 0.07777777777777778 0.12
0 0.9455555555555556 0.5266666666666666 0.06 0.09333333333333334
0 0.9511111111111111 0.6583333333333333 0.06666666666666667 0.19666666666666666