0 0.1288135593220339 0.49434389140271495 0.08135593220338982 0.11085972850678733
0 0.14491525423728813 0.45361990950226244 0.059322033898305086 0.07918552036199095
0 0.09491525423728814 0.4287330316742081 0.05423728813559322 0.07013574660633484
0 0.1669491525423729 0.3834841628959276 0.04915254237288136 0.07013574660633484
0 0.21864406779661016 0.3755656108597285 0.05084745762711865 0.07239819004524888
0 0.27627118644067794 0.3585972850678733 0.04745762711864407 0.0746606334841629
0 0.34491525423728814 0.3721719457013575 0.0423728813559322 0.06561085972850679
0 0.39152542372881355 0.35407239819004527 0.03389830508474576 0.05656108597285068
0 0.4228813559322034 0.3438914027149321 0.03559322033898305 0.058823529411764705
0 0.45677966101694917 0.33597285067873306 0.03220338983050847 0.05656108597285068
0 0.5084745762711864 0.3574660633484163 0.03728813559322034 0.05429864253393665
0 0.5525423728813559 0.3416289592760181 0.030508474576271188 0.04524886877828054
0 0.5966101694915255 0.36199095022624433 0.03389830508474576 0.04524886877828054
0 0.652542372881356 0.3506787330316742 0.030508474576271188 0.04072398190045249
0 0.7 0.36990950226244346 0.030508474576271188 0.04751131221719457
0 0.7423728813559322 0.3914027149321267 0.04067796610169491 0.049773755656108594
0 0.8042372881355933 0.38235294117647056 0.0423728813559322 0.049773755656108594
0 0.8559322033898306 0.3733031674208145 0.02711864406779661 0.05429864253393665
0 0.902542372881356 0.36538461538461536 0.07627118644067797 0.10633484162895927