0 0.16111111111111112 0.6923076923076923 0.12222222222222222 0.1834319526627219
0 0.13666666666666666 0.5488165680473372 0.06444444444444444 0.07988165680473373
0 0.16 0.5014792899408284 0.04888888888888889 0.06804733727810651
0 0.28888888888888886 0.2677514792899408 0.035555555555555556 0.05029585798816568
0 0.23555555555555555 0.6153846153846154 0.07111111111111111 0.11242603550295859
0 0.2877777777777778 0.5488165680473372 0.05555555555555555 0.08579881656804733
0 0.31222222222222223 0.5059171597633136 0.06 0.07692307692307693
0 0.5833333333333334 0.4881656804733728 0.04666666666666667 0.0650887573964497
0 0.64 0.5428994082840237 0.05333333333333334 0.09171597633136094
0 0.7177777777777777 0.5739644970414202 0.07111111111111111 0.11242603550295859
0 0.76 0.5399408284023669 0.04888888888888889 0.07988165680473373
0 0.7155555555555555 0.4911242603550296 0.044444444444444446 0.07100591715976332
0 0.8555555555555555 0.6819526627218935 0.10666666666666667 0.15680473372781065
0 0.9111111111111111 0.5784023668639053 0.07111111111111111 0.10946745562130178
0 0.94 0.4807692307692308 0.057777777777777775 0.07988165680473373