0 0.10846153846153846 0.42725173210161665 0.07538461538461538 0.11778290993071594
0 0.16230769230769232 0.3643187066974596 0.04923076923076923 0.05889145496535797
0 0.15 0.3302540415704388 0.038461538461538464 0.050808314087759814
0 0.23961538461538462 0.4064665127020785 0.07153846153846154 0.08545034642032333
0 0.31384615384615383 0.4428406466512702 0.06615384615384616 0.10277136258660508
0 0.3119230769230769 0.3418013856812933 0.04230769230769231 0.06466512702078522
0 0.28923076923076924 0.3262124711316397 0.03538461538461538 0.05658198614318707
0 0.4423076923076923 0.3833718244803695 0.06153846153846154 0.08775981524249422
0 0.5153846153846153 0.38683602771362585 0.05846153846153846 0.08545034642032333
0 0.5346153846153846 0.2066974595842956 0.03538461538461538 0.07390300230946882
0 0.45 0.5542725173210161 0.1 0.16859122401847576
0 0.6207692307692307 0.7661662817551963 0.14307692307692307 0.23210161662817552
0 0.705 0.4745958429561201 0.08846153846153847 0.13394919168591224
0 0.8088461538461539 0.45842956120092376 0.057692307692307696 0.09699769053117784
0 0.838076923076923 0.20438799076212472 0.05615384615384615 0.09006928406466513
0 0.9615384615384616 0.4855658198614319 0.07384615384615385 0.1374133949191686