0 0.2679227941176471 0.1787173202614379 0.043198529411764705 0.06413398692810457
0 0.5914522058823529 0.35049019607843135 0.02542892156862745 0.04493464052287582
0 0.6343443627450981 0.37663398692810457 0.024816176470588234 0.04084967320261438
0 0.6591605392156863 0.36744281045751637 0.026041666666666668 0.046977124183006536
0 0.6956188725490197 0.3694852941176471 0.03216911764705882 0.044526143790849675
0 0.7264093137254902 0.38092320261437906 0.03370098039215686 0.039624183006535946
0 0.7801776960784313 0.39195261437908496 0.036458333333333336 0.05759803921568627
0 0.8141850490196079 0.40093954248366015 0.0389093137254902 0.04779411764705882
0 0.8630514705882353 0.4084967320261438 0.030637254901960783 0.05473856209150327
0 0.9273897058823529 0.41482843137254904 0.04411764705882353 0.05759803921568627
0 0.9741115196078431 0.4542483660130719 0.0389093137254902 0.05065359477124183
0 0.9667585784313726 0.5187908496732027 0.06587009803921569 0.09068627450980392
0 0.9541973039215687 0.6102941176470589 0.0860906862745098 0.09967320261437909
0 0.7988664215686274 0.5992647058823529 0.09037990196078431 0.14133986928104575
0 0.8471200980392157 0.5866013071895425 0.07475490196078431 0.13071895424836602
0 0.7147671568627451 0.6319444444444444 0.09987745098039216 0.11764705882352941
0 0.6161151960784313 0.6478758169934641 0.10784313725490197 0.15931372549019607
0 0.5327818627450981 0.7994281045751634 0.12928921568627452 0.19362745098039216
0 0.3681066176470588 0.6480800653594772 0.08363970588235294 0.13357843137254902
0 0.29932598039215685 0.6000816993464052 0.0778186274509804 0.12336601307189543
0 0.19990808823529413 0.6100898692810458 0.07751225490196079 0.10743464052287582
0 0.19194240196078433 0.5533088235294118 0.0664828431372549 0.08374183006535947
0 0.16207107843137256 0.5159313725490197 0.06066176470588235 0.07679738562091504
0 0.1482843137254902 0.47201797385620914 0.0508578431372549 0.06495098039215687
0 0.11917892156862746 0.4605800653594771 0.04350490196078431 0.06985294117647059
0 0.07475490196078431 0.4383169934640523 0.05024509803921569 0.08088235294117647
0 0.05116421568627451 0.4117647058823529 0.04656862745098039 0.06781045751633986