0 0.32071428571428573 0.4623552123552124 0.03 0.04826254826254826
0 0.20785714285714285 0.6303088803088803 0.05 0.07528957528957529
0 0.26785714285714285 0.612934362934363 0.05285714285714286 0.06756756756756757
0 0.34714285714285714 0.6061776061776062 0.04 0.05405405405405406
0 0.4057142857142857 0.6438223938223938 0.05142857142857143 0.07142857142857142
0 0.41714285714285715 0.5984555984555985 0.03428571428571429 0.05791505791505792
0 0.46785714285714286 0.6177606177606177 0.047142857142857146 0.06177606177606178
0 0.4807142857142857 0.6727799227799228 0.06142857142857143 0.0945945945945946
0 0.5221428571428571 0.6573359073359073 0.047142857142857146 0.07528957528957529
0 0.54 0.6167953667953668 0.03428571428571429 0.055984555984555984
0 0.5735714285714286 0.5627413127413128 0.024285714285714285 0.0444015444015444
0 0.6078571428571429 0.5579150579150579 0.032857142857142856 0.04247104247104247
0 0.655 0.5415057915057915 0.024285714285714285 0.0444015444015444
0 0.6271428571428571 0.6418918918918919 0.05714285714285714 0.07915057915057915
0 0.6864285714285714 0.6225868725868726 0.05857142857142857 0.0637065637065637
0 0.6742857142857143 0.5733590733590733 0.02857142857142857 0.04247104247104247
0 0.7071428571428572 0.5675675675675675 0.03428571428571429 0.04633204633204633
0 0.7385714285714285 0.5675675675675675 0.02857142857142857 0.03861003861003861
0 0.7571428571428571 0.5540540540540541 0.02857142857142857 0.04247104247104247
0 0.695 0.7606177606177607 0.07857142857142857 0.11583011583011583
0 0.7528571428571429 0.7027027027027027 0.06857142857142857 0.11583011583011583
0 0.8271428571428572 0.6583011583011583 0.06285714285714286 0.08494208494208494
0 0.8721428571428571 0.6274131274131274 0.05 0.07335907335907337
0 0.8064285714285714 0.5945945945945946 0.047142857142857146 0.06563706563706563
0 0.8357142857142857 0.5868725868725869 0.04 0.05791505791505792
0 0.8528571428571429 0.5743243243243243 0.04 0.04826254826254826
0 0.8778571428571429 0.5627413127413128 0.041428571428571426 0.055984555984555984
0 0.9064285714285715 0.5434362934362934 0.03857142857142857 0.059845559845559844
0 0.9521428571428572 0.6032818532818532 0.047142857142857146 0.06756756756756757
0 0.9778571428571429 0.583976833976834 0.032857142857142856 0.052123552123552123