0 0.236875 0.41833333333333333 0.02875 0.04666666666666667
0 0.095 0.5433333333333333 0.0675 0.08333333333333333
0 0.130625 0.6875 0.12375 0.18833333333333332
0 0.180625 0.5583333333333333 0.06875 0.09333333333333334
0 0.236875 0.5133333333333333 0.04875 0.07
0 0.31 0.5825 0.0675 0.085
0 0.355 0.6866666666666666 0.115 0.17
0 0.310625 0.5316666666666666 0.05125 0.06
0 0.465 0.5583333333333333 0.07 0.09
0 0.43625 0.515 0.0425 0.05333333333333334
0 0.938125 0.5341666666666667 0.06875 0.075
0 0.974375 0.56 0.04375 0.07666666666666666