0 0.06734578381437464 0.5961538461538461 0.11318619128466327 0.2145748987854251
0 0.08488964346349745 0.465080971659919 0.0588568194680249 0.09615384615384616
0 0.056876061120543296 0.43775303643724695 0.04810413129598189 0.09615384615384616
0 0.13638936049801925 0.4190283400809717 0.04980192416525184 0.11336032388663968
0 0.18053197509903793 0.41346153846153844 0.057724957555178265 0.09412955465587045
0 0.26881720430107525 0.5313765182186235 0.07470288624787776 0.15789473684210525
0 0.3205998868138087 0.5192307692307693 0.09903791737408037 0.20242914979757085
0 0.3953027730616865 0.5475708502024291 0.07753254102999434 0.15182186234817813
0 0.2543859649122807 0.4018218623481781 0.06055461233729485 0.11133603238866396
0 0.28041878890775324 0.27530364372469635 0.041312959818902095 0.0728744939271255
0 0.41794001131861913 0.30718623481781376 0.035653650254668934 0.06376518218623482
0 0.4700056593095642 0.26417004048583 0.0311262026032824 0.06072874493927125
0 0.530560271646859 0.4018218623481781 0.05263157894736842 0.10121457489878542
0 0.5987549518958687 0.3982793522267207 0.045274476513865305 0.09615384615384616
0 0.597623089983022 0.3527327935222672 0.021505376344086023 0.04149797570850203
0 0.7028862478777589 0.40384615384615385 0.05998868138087153 0.11740890688259109
0 0.7744765138653085 0.38917004048583 0.04923599320882852 0.09412955465587045
0 0.7990945104697227 0.3785425101214575 0.038483305036785515 0.09109311740890688
0 0.8438030560271647 0.37196356275303644 0.03395585738539898 0.08805668016194332
0 0.8771929824561403 0.3775303643724696 0.04074702886247878 0.08906882591093117
0 0.9168081494057725 0.3694331983805668 0.04640633842671194 0.08097165991902834
0 0.9796264855687606 0.3456477732793522 0.03395585738539898 0.06781376518218624
0 0.9295415959252971 0.33805668016194335 0.035653650254668934 0.058704453441295545