0 0.168 0.4624624624624625 0.124 0.24024024024024024
0 0.232 0.45045045045045046 0.076 0.22822822822822822
0 0.111 0.3153153153153153 0.106 0.18618618618618618
0 0.144 0.1966966966966967 0.084 0.15315315315315314
0 0.13 0.08558558558558559 0.084 0.11711711711711711
0 0.183 0.046546546546546545 0.066 0.08708708708708708
0 0.26 0.06756756756756757 0.076 0.12312312312312312
0 0.246 0.17117117117117117 0.084 0.14414414414414414
0 0.219 0.3303303303303303 0.09 0.13213213213213212
0 0.335 0.3063063063063063 0.082 0.16816816816816818
0 0.327 0.17267267267267267 0.074 0.13513513513513514
0 0.466 0.16816816816816818 0.08 0.15015015015015015
0 0.403 0.44744744744744747 0.114 0.2222222222222222
0 0.493 0.47597597597597596 0.094 0.1891891891891892
0 0.639 0.484984984984985 0.102 0.17717717717717718
0 0.709 0.41291291291291293 0.09 0.2012012012012012
0 0.624 0.31981981981981983 0.084 0.17117117117117117
0 0.586 0.18468468468468469 0.068 0.12912912912912913
0 0.525 0.07357357357357357 0.058 0.1111111111111111
0 0.725 0.14864864864864866 0.07 0.12312312312312312
0 0.702 0.2672672672672673 0.068 0.12012012012012012
0 0.862 0.3918918918918919 0.096 0.19519519519519518
0 0.939 0.4069069069069069 0.086 0.1891891891891892
0 0.89 0.29429429429429427 0.08 0.12612612612612611
0 0.826 0.08858858858858859 0.06 0.11711711711711711
0 0.968 0.20270270270270271 0.06 0.11711711711711711
0 0.966 0.1006006006006006 0.06 0.11711711711711711
0 0.955 0.03453453453453453 0.046 0.06306306306306306
0 0.729 0.05405405405405406 0.066 0.1021021021021021