0 0.08818181818181818 0.25725593667546176 0.02727272727272727 0.0395778364116095
0 0.07181818181818182 0.25857519788918204 0.023636363636363636 0.036939313984168866
0 0.05454545454545454 0.262532981530343 0.025454545454545455 0.03430079155672823
0 0.017272727272727273 0.25857519788918204 0.02727272727272727 0.04221635883905013
0 0.14545454545454545 0.2519788918205805 0.03272727272727273 0.055408970976253295
0 0.1190909090909091 0.22955145118733508 0.02 0.026385224274406333
0 0.2009090909090909 0.262532981530343 0.04909090909090909 0.06596306068601583
0 0.2790909090909091 0.2770448548812665 0.045454545454545456 0.06860158311345646
0 0.3609090909090909 0.287598944591029 0.04181818181818182 0.07387862796833773
0 0.3981818181818182 0.2704485488126649 0.04 0.055408970976253295
0 0.4709090909090909 0.26649076517150394 0.04 0.06860158311345646
0 0.5518181818181818 0.262532981530343 0.045454545454545456 0.0712401055408971
0 0.6545454545454545 0.262532981530343 0.04727272727272727 0.08179419525065963
0 0.6127272727272727 0.25065963060686014 0.025454545454545455 0.047493403693931395
0 0.7245454545454545 0.26649076517150394 0.038181818181818185 0.0633245382585752
0 0.7863636363636364 0.2638522427440633 0.05272727272727273 0.08443271767810026
0 0.9081818181818182 0.21372031662269128 0.03090909090909091 0.036939313984168866
0 0.9672727272727273 0.27440633245382584 0.05818181818181818 0.10554089709762533
0 0.7063636363636364 0.21635883905013192 0.023636363636363636 0.036939313984168866
0 0.7072727272727273 0.1741424802110818 0.014545454545454545 0.026385224274406333
0 0.7254545454545455 0.17810026385224276 0.01090909090909091 0.023746701846965697
0 0.7418181818181818 0.16886543535620052 0.014545454545454545 0.021108179419525065
0 0.7736363636363637 0.19261213720316622 0.016363636363636365 0.026385224274406333
0 0.7627272727272727 0.17941952506596306 0.012727272727272728 0.021108179419525065
0 0.7727272727272727 0.16358839050131926 0.014545454545454545 0.026385224274406333
0 0.8127272727272727 0.1820580474934037 0.01818181818181818 0.026385224274406333
0 0.8063636363636364 0.16358839050131926 0.012727272727272728 0.026385224274406333
0 0.83 0.17282321899736147 0.016363636363636365 0.023746701846965697
0 0.8354545454545454 0.158311345646438 0.012727272727272728 0.021108179419525065
0 0.8472727272727273 0.18601583113456466 0.01818181818181818 0.03430079155672823
0 0.8836363636363637 0.17941952506596306 0.01818181818181818 0.0316622691292876
0 0.9372727272727273 0.19129287598944592 0.016363636363636365 0.03430079155672823
0 0.96 0.19920844327176782 0.014545454545454545 0.029023746701846966
0 0.980909090909091 0.21372031662269128 0.034545454545454546 0.04221635883905013
0 0.9881818181818182 0.18733509234828497 0.02 0.036939313984168866
0 0.6409090909090909 0.20712401055408972 0.02 0.0395778364116095
0 0.61 0.20976253298153033 0.023636363636363636 0.0395778364116095
0 0.51 0.22427440633245382 0.02 0.036939313984168866
0 0.4954545454545455 0.24406332453825857 0.02 0.044854881266490766