0 0.96 0.7225 0.06 0.095
0 0.9383333333333334 0.6725 0.04666666666666667 0.075
0 0.9766666666666667 0.64375 0.03 0.0475
0 0.8983333333333333 0.6525 0.03333333333333333 0.055
0 0.9191666666666667 0.62625 0.028333333333333332 0.0425
0 0.8158333333333333 0.68 0.04833333333333333 0.075
0 0.7783333333333333 0.62 0.02 0.04
0 0.8333333333333334 0.62125 0.02 0.0325
0 0.7175 0.65875 0.03833333333333333 0.0575
0 0.7458333333333333 0.6525 0.028333333333333332 0.05
0 0.6958333333333333 0.6275 0.028333333333333332 0.045
0 0.6641666666666667 0.63625 0.035 0.0525
0 0.6408333333333334 0.6575 0.03833333333333333 0.05
0 0.6116666666666667 0.6125 0.02666666666666667 0.045
0 0.5816666666666667 0.61625 0.016666666666666666 0.0275
0 0.5675 0.60375 0.018333333333333333 0.0275
0 0.545 0.62125 0.02666666666666667 0.0375
0 0.5341666666666667 0.6025 0.018333333333333333 0.03
0 0.5233333333333333 0.67375 0.04 0.0775
0 0.5566666666666666 0.85125 0.09666666666666666 0.1625
0 0.44583333333333336 0.72625 0.06166666666666667 0.0925
0 0.43 0.67375 0.043333333333333335 0.0525
0 0.4866666666666667 0.64375 0.02666666666666667 0.0425
0 0.48083333333333333 0.61125 0.021666666666666667 0.0275
0 0.2891666666666667 0.82375 0.085 0.1125
0 0.31583333333333335 0.65625 0.035 0.0625
0 0.385 0.64375 0.02666666666666667 0.0425
0 0.385 0.605 0.02 0.03
0 0.345 0.6025 0.02 0.035
0 0.3233333333333333 0.6075 0.023333333333333334 0.035
0 0.2966666666666667 0.61125 0.02 0.0325
0 0.2783333333333333 0.60625 0.016666666666666666 0.0275
0 0.23666666666666666 0.65875 0.03 0.0575
0 0.1775 0.62625 0.035 0.0525
0 0.12166666666666667 0.7225 0.05333333333333334 0.085
0 0.08083333333333333 0.695 0.03166666666666667 0.07
0 0.11166666666666666 0.64875 0.03333333333333333 0.0475
0 0.045 0.66125 0.02666666666666667 0.0525
0 0.014166666666666666 0.6175 0.025 0.045
0 0.14083333333333334 0.6025 0.015 0.025
0 0.21666666666666667 0.6175 0.02 0.04
0 0.23 0.5975 0.016666666666666666 0.02
0 0.24333333333333335 0.595 0.016666666666666666 0.025
0 0.115 0.60375 0.013333333333333334 0.0375
0 0.0775 0.59875 0.021666666666666667 0.0275
0 0.45166666666666666 0.605 0.013333333333333334 0.03
0 0.42916666666666664 0.605 0.011666666666666667 0.02