0 0.8499005964214712 0.6268656716417911 0.13320079522862824 0.23880597014925373
0 0.8966202783300199 0.3805970149253731 0.03180914512922465 0.04477611940298507
0 0.6391650099403579 0.29850746268656714 0.02186878727634195 0.03582089552238806
0 0.7326043737574552 0.5119402985074627 0.08151093439363817 0.13432835820895522
0 0.6699801192842942 0.46417910447761196 0.055666003976143144 0.1044776119402985
0 0.6123260437375746 0.4298507462686567 0.055666003976143144 0.07164179104477612
0 0.6073558648111332 0.3641791044776119 0.03777335984095427 0.05970149253731343
0 0.3558648111332008 0.4761194029850746 0.08349900596421471 0.13432835820895522
0 0.3518886679920477 0.4059701492537313 0.05964214711729622 0.06567164179104477
0 0.40457256461232605 0.39850746268656717 0.04572564612326044 0.08656716417910448
0 0.4284294234592445 0.3611940298507463 0.03777335984095427 0.07164179104477612
0 0.4572564612326044 0.3611940298507463 0.027833001988071572 0.05970149253731343
0 0.30019880715705766 0.3701492537313433 0.027833001988071572 0.04776119402985075
0 0.2773359840954274 0.38656716417910447 0.033797216699801194 0.056716417910447764
0 0.21272365805168986 0.41940298507462687 0.0437375745526839 0.07462686567164178
0 0.21073558648111332 0.6014925373134329 0.13916500994035785 0.22388059701492538
0 0.06063618290258449 0.5044776119402985 0.05765407554671968 0.0955223880597015
0 0.15606361829025844 0.44328358208955226 0.04970178926441352 0.06865671641791045
0 0.18389662027833 0.382089552238806 0.02982107355864811 0.041791044776119404
0 0.18290258449304175 0.34328358208955223 0.027833001988071572 0.03582089552238806
0 0.22266401590457258 0.36268656716417913 0.02385685884691849 0.03880597014925373
0 0.1540755467196819 0.3447761194029851 0.02584493041749503 0.03283582089552239
0 0.13817097415506957 0.3835820895522388 0.02982107355864811 0.03880597014925373
0 0.110337972166998 0.36268656716417913 0.02186878727634195 0.03283582089552239
0 0.08846918489065607 0.41940298507462687 0.02982107355864811 0.056716417910447764
0 0.027833001988071572 0.4373134328358209 0.039761431411530816 0.056716417910447764
0 0.030815109343936383 0.3940298507462687 0.02186878727634195 0.041791044776119404
0 0.017892644135188866 0.3850746268656716 0.019880715705765408 0.03582089552238806
0 0.040755467196819085 0.3522388059701492 0.013916500994035786 0.023880597014925373
0 0.0705765407554672 0.3761194029850746 0.02186878727634195 0.041791044776119404
0 0.08846918489065607 0.3582089552238806 0.013916500994035786 0.029850746268656716
0 0.12823061630218688 0.3 0.017892644135188866 0.026865671641791045
0 0.23856858846918488 0.3208955223880597 0.015904572564612324 0.026865671641791045
0 0.279324055666004 0.3208955223880597 0.017892644135188866 0.026865671641791045
0 0.3081510934393638 0.3119402985074627 0.011928429423459244 0.020895522388059702
0 0.3320079522862823 0.3567164179104478 0.027833001988071572 0.04477611940298507
0 0.3548707753479125 0.3537313432835821 0.02584493041749503 0.04477611940298507
0 0.33001988071570576 0.31791044776119404 0.015904572564612324 0.026865671641791045
0 0.341948310139165 0.3074626865671642 0.011928429423459244 0.01791044776119403
0 0.3518886679920477 0.31492537313432833 0.015904572564612324 0.014925373134328358
0 0.3827037773359841 0.31791044776119404 0.009940357852882704 0.020895522388059702
0 0.37077534791252487 0.28507462686567164 0.013916500994035786 0.014925373134328358