0 0.07933333333333334 0.537 0.148 0.214
0 0.036 0.404 0.06933333333333333 0.152
0 0.144 0.287 0.050666666666666665 0.09
0 0.24266666666666667 0.248 0.050666666666666665 0.088
0 0.2753333333333333 0.228 0.04133333333333333 0.08
0 0.3233333333333333 0.307 0.052 0.098
0 0.26066666666666666 0.432 0.076 0.152
0 0.26066666666666666 0.832 0.19866666666666666 0.3
0 0.376 0.246 0.037333333333333336 0.076
0 0.38666666666666666 0.209 0.034666666666666665 0.062
0 0.5013333333333333 0.189 0.112 0.21
0 0.6293333333333333 0.222 0.04 0.068
0 0.654 0.237 0.03333333333333333 0.07
0 0.7053333333333334 0.242 0.034666666666666665 0.06
0 0.8033333333333333 0.311 0.04933333333333333 0.086
0 0.786 0.262 0.044 0.08
0 0.8773333333333333 0.134 0.04533333333333334 0.092
0 0.9333333333333333 0.416 0.07466666666666667 0.128
0 0.8246666666666667 0.487 0.1 0.202
0 0.798 0.833 0.164 0.278