0 0.03 0.3813096862210095 0.04909090909090909 0.08321964529331514
0 0.08590909090909091 0.5218281036834925 0.06636363636363636 0.13506139154160982
0 0.15181818181818182 0.5545702592087313 0.07818181818181819 0.14051841746248295
0 0.20681818181818182 0.5368349249658936 0.057272727272727274 0.12141882673942701
0 0.26545454545454544 0.6186903137789904 0.07636363636363637 0.1377899045020464
0 0.2609090909090909 0.5259208731241474 0.056363636363636366 0.10231923601637108
0 0.2340909090909091 0.44542974079126874 0.04818181818181818 0.08049113233287858
0 0.17227272727272727 0.42360163710777626 0.06636363636363636 0.11050477489768076
0 0.3009090909090909 0.4761255115961801 0.06181818181818182 0.09549795361527967
0 0.33454545454545453 0.43519781718963163 0.07636363636363637 0.12551159618008187
0 0.36363636363636365 0.4583901773533424 0.04 0.08731241473396999
0 0.3968181818181818 0.4631650750341064 0.057272727272727274 0.09686221009549795
0 0.3972727272727273 0.39836289222373805 0.04 0.0791268758526603
0 0.44227272727272726 0.3587994542974079 0.042727272727272725 0.06002728512960437
0 0.38727272727272727 0.5607094133697135 0.07636363636363637 0.1364256480218281
0 0.46090909090909093 0.5272851296043656 0.07272727272727272 0.1296043656207367
0 0.49727272727272726 0.5266030013642565 0.04909090909090909 0.10641200545702592
0 0.4990909090909091 0.46521145975443384 0.04909090909090909 0.08185538881309687
0 0.49727272727272726 0.39836289222373805 0.045454545454545456 0.08185538881309687
0 0.5404545454545454 0.4481582537517053 0.04090909090909091 0.0723055934515689
0 0.5554545454545454 0.38335607094133695 0.038181818181818185 0.07639836289222374
0 0.6031818181818182 0.422237380627558 0.042727272727272725 0.08049113233287858
0 0.5818181818181818 0.504774897680764 0.05090909090909091 0.10368349249658936
0 0.545 0.6425648021828103 0.07181818181818182 0.12551159618008187
0 0.5718181818181818 0.6105047748976807 0.06545454545454546 0.11869031377899045
0 0.6277272727272727 0.572305593451569 0.04454545454545455 0.11323328785811733
0 0.6940909090909091 0.6111869031377899 0.053636363636363635 0.11186903137789904
0 0.675 0.6909959072305594 0.08272727272727273 0.12687585266030013
0 0.7781818181818182 0.6780354706684857 0.06909090909090909 0.13369713506139155
0 0.795 0.5709413369713506 0.06454545454545454 0.10231923601637108
0 0.8872727272727273 0.5641200545702592 0.07090909090909091 0.11050477489768076
0 0.8931818181818182 0.5081855388813097 0.05909090909090909 0.10504774897680765
0 0.93 0.4645293315143247 0.056363636363636366 0.10231923601637108
0 0.8013636363636364 0.4249658935879945 0.05 0.09140518417462483
0 0.7668181818181818 0.4740791268758527 0.046363636363636364 0.0941336971350614
0 0.7168181818181818 0.44679399727148705 0.042727272727272725 0.08867667121418826
0 0.6818181818181818 0.45225102319236016 0.05454545454545454 0.1077762619372442
0 0.6918181818181818 0.3656207366984993 0.03636363636363636 0.08185538881309687
0 0.725909090909091 0.36493860845839016 0.042727272727272725 0.07776261937244201
0 0.6418181818181818 0.33628922237380626 0.045454545454545456 0.08594815825375171