0 0.15894614939200927 0.36954624781849915 0.04111175448755067 0.0636998254799302
0 0.19803126809496235 0.4031413612565445 0.049797336421540245 0.08900523560209424
0 0.2788071800810654 0.38394415357766143 0.033005211349160395 0.07155322862129145
0 0.3176027793862189 0.39834205933682376 0.04921829762594094 0.08115183246073299
0 0.3853503184713376 0.3551483420593368 0.039953676896352056 0.06282722513089005
0 0.41603937463810076 0.38699825479930194 0.04342790966994789 0.07242582897033159
0 0.4064852345107122 0.4467713787085515 0.06601042269832079 0.10296684118673648
0 0.4965257672264042 0.3512216404886562 0.04806022003474233 0.060209424083769635
0 0.5628257093225246 0.2547993019197208 0.03590040532715692 0.04712041884816754
0 0.5414012738853503 0.41841186736474695 0.05327156919513607 0.0881326352530541
0 0.6557614360162131 0.40575916230366493 0.05385060799073538 0.09773123909249563
0 0.738274464389114 0.5301047120418848 0.09959467284308049 0.14048865619546247
0 0.9229878401852925 0.44502617801047123 0.09959467284308049 0.13089005235602094