0 0.03194888178913738 0.46535211267605636 0.042172523961661344 0.08338028169014085
0 0.12300319488817892 0.6163380281690141 0.08817891373801917 0.16788732394366196
0 0.21805111821086262 0.547887323943662 0.06038338658146965 0.10197183098591549
0 0.2440894568690096 0.5061971830985915 0.04281150159744409 0.07492957746478873
0 0.27939297124600637 0.4546478873239437 0.034824281150159744 0.0552112676056338
0 0.4091054313099042 0.252112676056338 0.029712460063897765 0.059154929577464786
0 0.473961661341853 0.4676056338028169 0.040575079872204475 0.06873239436619719
0 0.5031948881789138 0.5115492957746479 0.04153354632587859 0.08338028169014085
0 0.4715654952076677 0.6188732394366198 0.07156549520766774 0.09633802816901409
0 0.49217252396166133 0.7312676056338028 0.09169329073482428 0.18253521126760563
0 0.6340255591054313 0.4371830985915493 0.029712460063897765 0.07098591549295774
0 0.6587859424920128 0.43633802816901407 0.03194888178913738 0.0647887323943662
0 0.7206070287539936 0.5011267605633802 0.05015974440894569 0.09408450704225352
0 0.823961661341853 0.5453521126760563 0.07092651757188498 0.13070422535211268
0 0.7990415335463259 0.4135211267605634 0.03769968051118211 0.07098591549295774
0 0.8677316293929712 0.44366197183098594 0.03769968051118211 0.0771830985915493
0 0.8913738019169329 0.4014084507042254 0.040255591054313096 0.07380281690140846
0 0.95 0.47267605633802817 0.06038338658146965 0.10028169014084506
0 0.9801916932907349 0.43690140845070424 0.038977635782747606 0.09746478873239436