0 0.08687106918238993 0.8860164512338425 0.11713836477987422 0.1598119858989424
0 0.13522012578616352 0.7285546415981199 0.08647798742138364 0.12925969447708577
0 0.06643081761006289 0.6533490011750881 0.07940251572327044 0.12220916568742655
0 0.2503930817610063 0.6780258519388954 0.07940251572327044 0.12220916568742655
0 0.3455188679245283 0.7485311398354877 0.08411949685534591 0.14571092831962398
0 0.3891509433962264 0.6374853113983548 0.06918238993710692 0.1045828437132785
0 0.5078616352201258 0.6551116333725029 0.06918238993710692 0.11868390129259694
0 0.5656446540880503 0.6145710928319624 0.05267295597484277 0.09165687426556991
0 0.5216194968553459 0.3783783783783784 0.06525157232704402 0.0963572267920094
0 0.8191823899371069 0.9018801410105758 0.14779874213836477 0.1844888366627497
0 0.8848270440251572 0.8108108108108109 0.09198113207547169 0.1762632197414806
0 0.8887578616352201 0.6933019976498237 0.07940251572327044 0.14336075205640422
0 0.907625786163522 0.6410105757931844 0.07940251572327044 0.12338425381903642