0 0.171875 0.32201405152224827 0.084375 0.1522248243559719
0 0.3078125 0.45901639344262296 0.140625 0.22950819672131148
0 0.46171875 0.2459016393442623 0.0421875 0.07494145199063232
0 0.55 0.2107728337236534 0.05 0.0936768149882904
0 0.65 0.42271662763466045 0.13125 0.2459016393442623
0 0.6984375 0.27634660421545665 0.053125 0.10772833723653395
0 0.81484375 0.3126463700234192 0.0640625 0.11475409836065574
0 0.890625 0.3430913348946136 0.1 0.1522248243559719
0 0.90390625 0.28688524590163933 0.0734375 0.11007025761124122
0 0.8671875 0.21194379391100704 0.0625 0.12412177985948478
0 0.9625 0.2259953161592506 0.071875 0.14285714285714285