0 0.28671875 0.46111111111111114 0.0453125 0.07777777777777778
0 0.32265625 0.5888888888888889 0.0578125 0.11666666666666667
0 0.390625 0.6486111111111111 0.075 0.125
0 0.38125 0.3055555555555556 0.03125 0.05555555555555555
0 0.4953125 0.5180555555555556 0.0375 0.06388888888888888
0 0.640625 0.4777777777777778 0.0375 0.07222222222222222
0 0.73515625 0.49027777777777776 0.0515625 0.08611111111111111
0 0.77734375 0.48333333333333334 0.0390625 0.07222222222222222
0 0.7421875 0.6527777777777778 0.071875 0.12777777777777777
0 0.6984375 0.8694444444444445 0.13125 0.2388888888888889
0 0.93984375 0.5138888888888888 0.0578125 0.08888888888888889