0 0.022 0.353968253968254 0.04 0.06666666666666667
0 0.066 0.37777777777777777 0.048 0.08253968253968254
0 0.103 0.35714285714285715 0.026 0.05396825396825397
0 0.127 0.37936507936507935 0.05 0.07301587301587302
0 0.166 0.4380952380952381 0.076 0.11428571428571428
0 0.249 0.4126984126984127 0.062 0.11428571428571428
0 0.319 0.40634920634920635 0.05 0.08888888888888889
0 0.394 0.37142857142857144 0.044 0.0761904761904762
0 0.423 0.3619047619047619 0.042 0.08253968253968254
0 0.504 0.35555555555555557 0.032 0.050793650793650794
0 0.771 0.2650793650793651 0.066 0.11746031746031746
0 0.281 0.346031746031746 0.03 0.044444444444444446
0 0.31 0.3523809523809524 0.028 0.044444444444444446
0 0.234 0.3349206349206349 0.024 0.047619047619047616
0 0.206 0.3492063492063492 0.028 0.044444444444444446