0 0.1887966804979253 0.5887850467289719 0.1950207468879668 0.32398753894080995
0 0.07780082987551867 0.5046728971962616 0.11410788381742738 0.16199376947040497
0 0.3091286307053942 0.5062305295950156 0.04149377593360996 0.07165109034267912
0 0.262448132780083 0.5186915887850467 0.03112033195020747 0.0778816199376947
0 0.4066390041493776 0.5124610591900312 0.07883817427385892 0.1277258566978193
0 0.4948132780082988 0.5218068535825545 0.04771784232365145 0.09034267912772585
0 0.5373443983402489 0.5171339563862928 0.03319502074688797 0.06230529595015576
0 0.5477178423236515 0.4953271028037383 0.024896265560165973 0.056074766355140186
0 0.45850622406639 0.5093457943925234 0.024896265560165973 0.0529595015576324
0 0.6659751037344398 0.5295950155763239 0.0995850622406639 0.1557632398753894
0 0.7375518672199171 0.5186915887850467 0.035269709543568464 0.07165109034267912
0 0.7728215767634855 0.5249221183800623 0.04771784232365145 0.0778816199376947
0 0.8682572614107884 0.5249221183800623 0.03112033195020747 0.06542056074766354
0 0.9159751037344398 0.5280373831775701 0.07676348547717843 0.13395638629283488
0 0.9771784232365145 0.5389408099688473 0.04149377593360996 0.08722741433021806
0 0.8443983402489627 0.5109034267912772 0.029045643153526972 0.04984423676012461