0 0.05841503267973856 0.3362438725490196 0.028594771241830064 0.03462009803921569
0 0.044730392156862746 0.3627450980392157 0.039624183006535946 0.04105392156862745
0 0.03799019607843137 0.4397977941176471 0.07516339869281045 0.07261029411764706
0 0.16462418300653595 0.3938419117647059 0.042483660130718956 0.03768382352941176
0 0.18504901960784315 0.35110294117647056 0.0392156862745098 0.03370098039215686
0 0.24162581699346405 0.39950980392156865 0.051879084967320264 0.0428921568627451
0 0.2551062091503268 0.3789828431372549 0.03553921568627451 0.03676470588235294
0 0.37969771241830064 0.41222426470588236 0.05841503267973856 0.05422794117647059
0 0.3660130718954248 0.3872549019607843 0.04493464052287582 0.030637254901960783
0 0.5042892156862745 0.39246323529411764 0.051879084967320264 0.049019607843137254
0 0.27961601307189543 0.5251225490196079 0.09272875816993464 0.08394607843137254
0 0.3335375816993464 0.7159926470588235 0.17279411764705882 0.1409313725490196
0 0.5949754901960784 0.5992647058823529 0.1294934640522876 0.1133578431372549
0 0.6617647058823529 0.48131127450980393 0.0857843137254902 0.06740196078431372
0 0.7134395424836601 0.4036458333333333 0.05841503267973856 0.0389093137254902