0 0.11484375 0.31957547169811323 0.0140625 0.030660377358490566
0 0.36796875 0.37971698113207547 0.0171875 0.02830188679245283
0 0.4203125 0.38443396226415094 0.021875 0.03773584905660377
0 0.47734375 0.38089622641509435 0.0203125 0.03537735849056604
0 0.525 0.37028301886792453 0.01875 0.0330188679245283
0 0.58828125 0.38797169811320753 0.0203125 0.030660377358490566
0 0.65625 0.4846698113207547 0.075 0.11084905660377359
0 0.64140625 0.41745283018867924 0.0359375 0.05188679245283019
0 0.71640625 0.6450471698113207 0.1078125 0.18160377358490565
0 0.8171875 0.8679245283018868 0.175 0.25943396226415094
0 0.8265625 0.5365566037735849 0.05625 0.09669811320754718
0 0.78203125 0.5058962264150944 0.0421875 0.07311320754716981
0 0.7640625 0.4516509433962264 0.040625 0.0589622641509434
0 0.8171875 0.44221698113207547 0.03125 0.054245283018867926
0 0.8609375 0.4658018867924528 0.034375 0.06367924528301887
0 0.91484375 0.6191037735849056 0.0921875 0.15330188679245282
0 0.89765625 0.5365566037735849 0.0734375 0.09669811320754718
0 0.915625 0.49410377358490565 0.053125 0.08726415094339622
0 0.446875 0.4481132075471698 0.03125 0.0330188679245283
0 0.42265625 0.4410377358490566 0.0265625 0.04716981132075472
0 0.4046875 0.4681603773584906 0.03125 0.054245283018867926
0 0.37890625 0.43278301886792453 0.0234375 0.054245283018867926
0 0.3734375 0.48702830188679247 0.03125 0.0589622641509434
0 0.35234375 0.5 0.0421875 0.06132075471698113
0 0.30859375 0.5176886792452831 0.0421875 0.07311320754716981
0 0.23828125 0.5047169811320755 0.0453125 0.08490566037735849
0 0.265625 0.4740566037735849 0.03125 0.06132075471698113
0 0.1796875 0.5601415094339622 0.053125 0.09669811320754718
0 0.12109375 0.5955188679245284 0.0859375 0.1580188679245283
0 0.1578125 0.4740566037735849 0.034375 0.05188679245283019
0 0.1875 0.455188679245283 0.03125 0.0660377358490566
0 0.1484375 0.44221698113207547 0.034375 0.04481132075471698