0 0.07363636363636364 0.5792349726775956 0.05272727272727273 0.07650273224043716
0 0.08818181818181818 0.49863387978142076 0.038181818181818185 0.06284153005464481
0 0.18727272727272729 0.42213114754098363 0.04727272727272727 0.06830601092896176
0 0.3236363636363636 0.46311475409836067 0.04 0.06830601092896176
0 0.3336363636363636 0.5710382513661202 0.04909090909090909 0.08196721311475409
0 0.3690909090909091 0.38524590163934425 0.03636363636363636 0.060109289617486336
0 0.45636363636363636 0.4603825136612022 0.04727272727272727 0.06830601092896176
0 0.5527272727272727 0.4057377049180328 0.04 0.06284153005464481
0 0.6281818181818182 0.5150273224043715 0.04181818181818182 0.06830601092896176
0 0.5863636363636363 0.5942622950819673 0.056363636363636366 0.07923497267759563
0 0.7272727272727273 0.4248633879781421 0.05818181818181818 0.08469945355191257
0 0.9209090909090909 0.592896174863388 0.06363636363636363 0.09836065573770492
0 0.9481818181818182 0.4562841530054645 0.045454545454545456 0.08743169398907104