0 0.182 0.3790035587188612 0.064 0.10320284697508897
0 0.265 0.36298932384341637 0.054 0.11387900355871886
0 0.324 0.33451957295373663 0.052 0.08540925266903915
0 0.38 0.3291814946619217 0.064 0.10320284697508897
0 0.462 0.3167259786476868 0.08 0.12811387900355872
0 0.54 0.2775800711743772 0.056 0.12811387900355872
0 0.591 0.297153024911032 0.046 0.12455516014234876
0 0.629 0.29537366548042704 0.038 0.099644128113879
0 0.76 0.3238434163701068 0.068 0.16370106761565836
0 0.813 0.34341637010676157 0.046 0.09608540925266904
0 0.724 0.26512455516014233 0.052 0.11743772241992882