0 0.1640625 0.427734375 0.068359375 0.09244791666666667
0 0.09326171875 0.3932291666666667 0.0556640625 0.078125
0 0.07666015625 0.2942708333333333 0.0439453125 0.06510416666666667
0 0.19775390625 0.3046875 0.0439453125 0.059895833333333336
0 0.23388671875 0.31640625 0.0498046875 0.06510416666666667
0 0.3125 0.2884114583333333 0.0390625 0.07161458333333333
0 0.333984375 0.3658854166666667 0.060546875 0.0859375
0 0.31884765625 0.5123697916666666 0.0966796875 0.14973958333333334
0 0.4267578125 0.3997395833333333 0.056640625 0.09375
0 0.39794921875 0.3118489583333333 0.0419921875 0.07161458333333333
0 0.46435546875 0.2897135416666667 0.0380859375 0.055989583333333336
0 0.50390625 0.2981770833333333 0.0390625 0.057291666666666664
0 0.49267578125 0.37890625 0.0537109375 0.08072916666666667
0 0.53759765625 0.478515625 0.1025390625 0.14192708333333334
0 0.50927734375 0.625 0.1142578125 0.17708333333333334
0 0.76171875 0.544921875 0.11328125 0.14192708333333334
0 0.81494140625 0.435546875 0.0634765625 0.10026041666666667
0 0.8525390625 0.4361979166666667 0.0546875 0.1015625
0 0.97998046875 0.3463541666666667 0.0341796875 0.08072916666666667
0 0.89892578125 0.3268229166666667 0.0322265625 0.059895833333333336
0 0.861328125 0.353515625 0.041015625 0.06901041666666667
0 0.8056640625 0.2903645833333333 0.03515625 0.057291666666666664
0 0.75390625 0.3665364583333333 0.048828125 0.06901041666666667
0 0.7626953125 0.3196614583333333 0.046875 0.06380208333333333
0 0.70849609375 0.3033854166666667 0.0419921875 0.07291666666666667
0 0.6318359375 0.2955729166666667 0.033203125 0.0546875
0 0.5986328125 0.3444010416666667 0.037109375 0.06640625
0 0.56787109375 0.3756510416666667 0.0517578125 0.07942708333333333
0 0.5556640625 0.287109375 0.03515625 0.048177083333333336