0 0.07804878048780488 0.4934782608695652 0.05365853658536585 0.1
0 0.1951219512195122 0.5347826086956522 0.06341463414634146 0.10434782608695652
0 0.16463414634146342 0.48695652173913045 0.041463414634146344 0.06956521739130435
0 0.29878048780487804 0.6869565217391305 0.13414634146341464 0.25217391304347825
0 0.33170731707317075 0.5478260869565217 0.06829268292682927 0.12173913043478261
0 0.29024390243902437 0.4891304347826087 0.03414634146341464 0.07391304347826087
0 0.3829268292682927 0.5108695652173914 0.04390243902439024 0.09130434782608696
0 0.5195121951219512 0.5934782608695652 0.07317073170731707 0.13478260869565217
0 0.4975609756097561 0.5173913043478261 0.05853658536585366 0.12173913043478261
0 0.5292682926829269 0.4782608695652174 0.03414634146341464 0.06956521739130435
0 0.574390243902439 0.5108695652173914 0.041463414634146344 0.07391304347826087
0 0.6195121951219512 0.5043478260869565 0.03414634146341464 0.06956521739130435
0 0.6390243902439025 0.5543478260869565 0.04878048780487805 0.1
0 0.7024390243902439 0.841304347826087 0.16585365853658537 0.3
0 0.7646341463414634 0.5717391304347826 0.08048780487804878 0.14347826086956522
0 0.7024390243902439 0.5413043478260869 0.04390243902439024 0.08260869565217391
0 0.8365853658536585 0.5804347826086956 0.06341463414634146 0.10869565217391304
0 0.6524390243902439 0.36086956521739133 0.036585365853658534 0.06956521739130435
0 0.823170731707317 0.5152173913043478 0.036585365853658534 0.07391304347826087