0 0.17033109156751164 0.19530643910007758 0.25219865494050697 0.3859581070597362
0 0.2775478530781169 0.22788983708301008 0.07553026383859286 0.16951124903025602
0 0.3936885669943094 0.33494957331264547 0.061562338334195554 0.14468580294802172
0 0.4477496120020693 0.3981768813033359 0.09156751163993793 0.17494181536074477
0 0.3552767718572168 0.552366175329713 0.12855664769787895 0.22963537626066718
0 0.46702017589239525 0.2740496508921645 0.07113295395757889 0.14235841737781227
0 0.6505431971029488 0.31070597362296354 0.0775995861355406 0.15283165244375485
0 0.7240041386445939 0.40360744763382467 0.10967408173823073 0.16873545384018618
0 0.6394205897568547 0.5865011636927852 0.11691670977754785 0.20946470131885184
0 0.6806777030522504 0.19627618308766487 0.07630625969994827 0.1404189294026377
0 0.8833419555095706 0.3661753297129558 0.09311950336264874 0.18231186966640806
0 0.9675375064666322 0.5321955003878976 0.0644076564924987 0.2273079906904577
0 0.8595447490946715 0.278122575640031 0.09311950336264874 0.19937936384794414