0 0.1577970297029703 0.6428571428571429 0.09777227722772278 0.15555555555555556
0 0.2840346534653465 0.47619047619047616 0.06064356435643564 0.09523809523809523
0 0.4375 0.5865079365079365 0.10767326732673267 0.14761904761904762
0 0.7852722772277227 0.7071428571428572 0.17698019801980197 0.21428571428571427
0 0.6720297029702971 0.4849206349206349 0.07673267326732673 0.10317460317460317
0 0.8582920792079208 0.4111111111111111 0.0853960396039604 0.11746031746031746
0 0.8118811881188119 0.38333333333333336 0.04702970297029703 0.06825396825396825
0 0.780940594059406 0.35555555555555557 0.03712871287128713 0.050793650793650794
0 0.7141089108910891 0.3738095238095238 0.04455445544554455 0.049206349206349205
0 0.661509900990099 0.38492063492063494 0.043316831683168314 0.06190476190476191
0 0.6417079207920792 0.4396825396825397 0.04579207920792079 0.06666666666666667
0 0.6120049504950495 0.4388888888888889 0.03589108910891089 0.05873015873015873
0 0.6039603960396039 0.3984126984126984 0.034653465346534656 0.050793650793650794
0 0.5346534653465347 0.430952380952381 0.05198019801980198 0.07777777777777778
0 0.505569306930693 0.4222222222222222 0.03341584158415842 0.06349206349206349
0 0.390470297029703 0.4444444444444444 0.04579207920792079 0.05714285714285714
0 0.41027227722772275 0.4103174603174603 0.038366336633663366 0.049206349206349205
0 0.47957920792079206 0.4 0.02599009900990099 0.047619047619047616
0 0.3415841584158416 0.42698412698412697 0.039603960396039604 0.06031746031746032
0 0.29207920792079206 0.3896825396825397 0.0297029702970297 0.03333333333333333
0 0.25185643564356436 0.423015873015873 0.038366336633663366 0.03968253968253968
0 0.20606435643564355 0.4119047619047619 0.03589108910891089 0.03968253968253968
0 0.15346534653465346 0.4174603174603175 0.03712871287128713 0.047619047619047616
0 0.07487623762376237 0.4365079365079365 0.038366336633663366 0.050793650793650794
0 0.1188118811881188 0.4 0.022277227722772276 0.031746031746031744
0 0.09715346534653466 0.39126984126984127 0.02103960396039604 0.026984126984126985
0 0.06064356435643564 0.4087301587301587 0.024752475247524754 0.023809523809523808
0 0.04764851485148515 0.403968253968254 0.02103960396039604 0.023809523809523808
0 0.1782178217821782 0.3865079365079365 0.022277227722772276 0.026984126984126985
0 0.3186881188118812 0.38412698412698415 0.023514851485148515 0.031746031746031744
0 0.3527227722772277 0.38333333333333336 0.027227722772277228 0.04285714285714286
0 0.40779702970297027 0.36507936507936506 0.02599009900990099 0.0380952380952381
0 0.37995049504950495 0.35793650793650794 0.017326732673267328 0.026984126984126985
0 0.3681930693069307 0.3674603174603175 0.018564356435643563 0.03015873015873016
0 0.4573019801980198 0.3619047619047619 0.023514851485148515 0.031746031746031744
0 0.13675742574257427 0.3873015873015873 0.01608910891089109 0.022222222222222223
0 0.15594059405940594 0.38333333333333336 0.017326732673267328 0.023809523809523808
0 0.14047029702970298 0.30873015873015874 0.01608910891089109 0.020634920634920634
0 0.2407178217821782 0.3865079365079365 0.02103960396039604 0.03015873015873016
0 0.22896039603960397 0.376984126984127 0.019801980198019802 0.023809523809523808
0 0.25804455445544555 0.376984126984127 0.02103960396039604 0.03015873015873016
0 0.2896039603960396 0.36984126984126986 0.017326732673267328 0.02857142857142857
0 0.30507425742574257 0.36666666666666664 0.013613861386138614 0.022222222222222223
0 0.3323019801980198 0.3674603174603175 0.013613861386138614 0.023809523809523808
0 0.4573019801980198 0.3468253968253968 0.023514851485148515 0.023809523809523808
0 0.48576732673267325 0.3396825396825397 0.02103960396039604 0.025396825396825397
0 0.5037128712871287 0.3547619047619048 0.022277227722772276 0.03015873015873016
0 0.49195544554455445 0.3547619047619048 0.018564356435643563 0.026984126984126985
0 0.21349009900990099 0.3896825396825397 0.02103960396039604 0.023809523809523808
0 0.5470297029702971 0.35 0.024752475247524754 0.03015873015873016
0 0.5965346534653465 0.36984126984126986 0.03217821782178218 0.03492063492063492
0 0.5284653465346535 0.3341269841269841 0.01485148514851485 0.023809523809523808
0 0.5643564356435643 0.33015873015873015 0.01485148514851485 0.025396825396825397
0 0.6058168316831684 0.33095238095238094 0.01608910891089109 0.020634920634920634
0 0.5841584158415841 0.3333333333333333 0.022277227722772276 0.022222222222222223
0 0.6701732673267327 0.353968253968254 0.02103960396039604 0.03492063492063492
0 0.6497524752475248 0.32222222222222224 0.019801980198019802 0.02857142857142857
0 0.6330445544554455 0.32301587301587303 0.013613861386138614 0.020634920634920634
0 0.682549504950495 0.3238095238095238 0.02103960396039604 0.02857142857142857
0 0.7060643564356436 0.3325396825396825 0.02599009900990099 0.03333333333333333
0 0.7407178217821783 0.319047619047619 0.023514851485148515 0.031746031746031744
0 0.719059405940594 0.31825396825396823 0.019801980198019802 0.026984126984126985
0 0.7599009900990099 0.31507936507936507 0.019801980198019802 0.026984126984126985
0 0.7939356435643564 0.31666666666666665 0.018564356435643563 0.026984126984126985
0 0.8186881188118812 0.3047619047619048 0.01608910891089109 0.025396825396825397
0 0.8242574257425742 0.2761904761904762 0.027227722772277228 0.031746031746031744
0 0.8929455445544554 0.2976190476190476 0.018564356435643563 0.026984126984126985