0 0.08714285714285715 0.4504761904761905 0.07142857142857142 0.10095238095238095
0 0.04071428571428572 0.40476190476190477 0.04428571428571428 0.06285714285714286
0 0.18142857142857144 0.5295238095238095 0.08857142857142856 0.12571428571428572
0 0.3607142857142857 0.5247619047619048 0.08142857142857143 0.10857142857142857
0 0.24071428571428571 0.44571428571428573 0.06142857142857143 0.09142857142857143
0 0.185 0.41904761904761906 0.05 0.0761904761904762
0 0.14285714285714285 0.37238095238095237 0.054285714285714284 0.07047619047619047
0 0.2814285714285714 0.38095238095238093 0.04 0.05333333333333334
0 0.31214285714285717 0.4180952380952381 0.05857142857142857 0.05904761904761905
0 0.3842857142857143 0.4552380952380952 0.06 0.0761904761904762
0 0.3585714285714286 0.3914285714285714 0.04 0.06285714285714286
0 0.4278571428571429 0.4266666666666667 0.04428571428571428 0.06476190476190476
0 0.5092857142857142 0.5085714285714286 0.07 0.08761904761904762
0 0.6392857142857142 0.5161904761904762 0.06714285714285714 0.08761904761904762
0 0.5214285714285715 0.4580952380952381 0.04285714285714286 0.06666666666666667
0 0.4642857142857143 0.3961904761904762 0.03142857142857143 0.06095238095238095
0 0.5207142857142857 0.4114285714285714 0.03857142857142857 0.05333333333333334
0 0.5428571428571428 0.43142857142857144 0.03428571428571429 0.047619047619047616
0 0.6064285714285714 0.43523809523809526 0.03857142857142857 0.05523809523809524
0 0.6042857142857143 0.39904761904761904 0.04 0.05142857142857143
0 0.645 0.4504761904761905 0.055714285714285716 0.07047619047619047
0 0.6785714285714286 0.42952380952380953 0.03142857142857143 0.047619047619047616
0 0.6821428571428572 0.4085714285714286 0.024285714285714285 0.047619047619047616
0 0.7228571428571429 0.4552380952380952 0.037142857142857144 0.06095238095238095
0 0.7664285714285715 0.5047619047619047 0.05857142857142857 0.08
0 0.76 0.44666666666666666 0.03142857142857143 0.05523809523809524
0 0.75 0.4095238095238095 0.03142857142857143 0.05333333333333334
0 0.815 0.39714285714285713 0.041428571428571426 0.05904761904761905
0 0.8242857142857143 0.44761904761904764 0.04857142857142857 0.06857142857142857
0 0.8735714285714286 0.5076190476190476 0.06142857142857143 0.10476190476190476
0 0.9428571428571428 0.5257142857142857 0.04857142857142857 0.08761904761904762
0 0.9585714285714285 0.48095238095238096 0.037142857142857144 0.07047619047619047
0 0.9178571428571428 0.4504761904761905 0.047142857142857146 0.07428571428571429
0 0.88 0.44 0.037142857142857144 0.05714285714285714