0 0.07928571428571428 0.25796178343949044 0.05857142857142857 0.08280254777070063
0 0.029285714285714286 0.2537154989384289 0.032857142857142856 0.07855626326963906
0 0.03785714285714286 0.6794055201698513 0.055714285714285716 0.1316348195329087
0 0.165 0.3885350318471338 0.03571428571428571 0.059447983014861996
0 0.18857142857142858 0.37367303609341823 0.02857142857142857 0.04670912951167728
0 0.25142857142857145 0.43312101910828027 0.04857142857142857 0.07218683651804671
0 0.28214285714285714 0.4140127388535032 0.03571428571428571 0.06369426751592357
0 0.2978571428571429 0.37261146496815284 0.03 0.040339702760084924
0 0.3342857142857143 0.416135881104034 0.03428571428571429 0.04246284501061571
0 0.3385714285714286 0.3842887473460722 0.025714285714285714 0.03821656050955414
0 0.31 0.45329087048832273 0.04 0.06581740976645435
0 0.305 0.5254777070063694 0.04428571428571428 0.07430997876857749
0 0.36428571428571427 0.5658174097664543 0.06857142857142857 0.1040339702760085
0 0.43642857142857144 0.4033970276008493 0.027142857142857142 0.04670912951167728
0 0.45714285714285713 0.4150743099787686 0.02857142857142857 0.04883227176220807
0 0.4642857142857143 0.44798301486199577 0.02857142857142857 0.055201698513800426
0 0.5121428571428571 0.47983014861995754 0.03857142857142857 0.06794055201698514
0 0.5014285714285714 0.4288747346072187 0.02857142857142857 0.06369426751592357
0 0.4657142857142857 0.7749469214437368 0.10285714285714286 0.16985138004246284
0 0.9092857142857143 0.6602972399150743 0.10142857142857142 0.15286624203821655
0 0.7528571428571429 0.5817409766454352 0.06285714285714286 0.11040339702760085
0 0.7028571428571428 0.5498938428874734 0.054285714285714284 0.07218683651804671
0 0.595 0.5010615711252654 0.05 0.07643312101910828
0 0.645 0.3662420382165605 0.02142857142857143 0.03184713375796178
0 0.6707142857142857 0.35881104033970274 0.018571428571428572 0.029723991507430998
0 0.6785714285714286 0.351380042462845 0.014285714285714285 0.03184713375796178
0 0.7035714285714286 0.3651804670912951 0.02142857142857143 0.03397027600849257
0 0.7671428571428571 0.37048832271762205 0.017142857142857144 0.02335456475583864
0 0.7757142857142857 0.35774946921443734 0.02 0.03184713375796178
0 0.8064285714285714 0.35668789808917195 0.015714285714285715 0.03397027600849257
0 0.8335714285714285 0.35668789808917195 0.015714285714285715 0.025477707006369428
0 0.8521428571428571 0.3673036093418259 0.012857142857142857 0.025477707006369428
0 0.9042857142857142 0.28343949044585987 0.025714285714285714 0.044585987261146494