0 0.145 0.420625 0.06333333333333334 0.10625
0 0.23333333333333334 0.365 0.08666666666666667 0.1425
0 0.3308333333333333 0.445625 0.16666666666666666 0.25875
0 0.49 0.42 0.051666666666666666 0.1025
0 0.6208333333333333 0.30875 0.145 0.215
0 0.6929166666666666 0.426875 0.04583333333333333 0.09375
0 0.7220833333333333 0.45875 0.0275 0.0725
0 0.7820833333333334 0.45625 0.059166666666666666 0.125
0 0.8079166666666666 0.475 0.030833333333333334 0.0725
0 0.8675 0.4625 0.06166666666666667 0.115
0 0.915 0.5 0.03 0.055
0 0.94 0.48125 0.028333333333333332 0.06
0 0.96625 0.50875 0.04416666666666667 0.0875