0 0.04285714285714286 0.292 0.08 0.28
0 0.13285714285714287 0.316 0.09714285714285714 0.328
0 0.14357142857142857 0.14 0.055714285714285716 0.176
0 0.30428571428571427 0.192 0.06285714285714286 0.224
0 0.32357142857142857 0.146 0.05 0.172
0 0.4042857142857143 0.274 0.10571428571428572 0.388
0 0.45 0.148 0.05142857142857143 0.168
0 0.5685714285714286 0.482 0.12571428571428572 0.38
0 0.6107142857142858 0.206 0.05857142857142857 0.22
0 0.5385714285714286 0.088 0.04857142857142857 0.16
0 0.6357142857142857 0.076 0.04857142857142857 0.136
0 0.7178571428571429 0.162 0.08142857142857143 0.276
0 0.7814285714285715 0.07 0.04 0.132
0 0.8978571428571429 0.1 0.05285714285714286 0.176
0 0.9507142857142857 0.198 0.07857142857142857 0.244
0 0.9585714285714285 0.046 0.04 0.084