0 0.041796875 0.6986111111111111 0.04296875 0.08611111111111111
0 0.021484375 0.6666666666666666 0.03671875 0.07777777777777778
0 0.08515625 0.7291666666666666 0.05 0.10277777777777777
0 0.14375 0.7680555555555556 0.0625 0.12777777777777777
0 0.22421875 0.8395833333333333 0.0703125 0.13472222222222222
0 0.2375 0.6597222222222222 0.03125 0.06111111111111111
0 0.290625 0.6631944444444444 0.0375 0.06527777777777778
0 0.3390625 0.65 0.028125 0.06388888888888888
0 0.36875 0.6923611111111111 0.0375 0.07361111111111111
0 0.38125 0.5041666666666667 0.0234375 0.058333333333333334
0 0.409765625 0.68125 0.03359375 0.0625
0 0.407421875 0.6534722222222222 0.03046875 0.04861111111111111
0 0.444921875 0.8284722222222223 0.07265625 0.1375
0 0.32421875 0.9208333333333333 0.1015625 0.15555555555555556
0 0.44609375 0.7104166666666667 0.0359375 0.09305555555555556
0 0.449609375 0.6631944444444444 0.02890625 0.05138888888888889
0 0.46328125 0.6590277777777778 0.03125 0.059722222222222225
0 0.533984375 0.6388888888888888 0.03359375 0.058333333333333334
0 0.521484375 0.6868055555555556 0.03671875 0.07083333333333333
0 0.58984375 0.7944444444444444 0.059375 0.10277777777777777
0 0.57265625 0.7291666666666666 0.046875 0.08888888888888889
0 0.62578125 0.7125 0.0375 0.08055555555555556
0 0.59921875 0.6493055555555556 0.028125 0.06527777777777778
0 0.58046875 0.6520833333333333 0.021875 0.05694444444444444
0 0.622265625 0.6368055555555555 0.02265625 0.04861111111111111
0 0.660546875 0.6909722222222222 0.03515625 0.06805555555555555
0 0.65078125 0.6590277777777778 0.0265625 0.04861111111111111
0 0.720703125 0.6847222222222222 0.03671875 0.05555555555555555
0 0.7125 0.65 0.028125 0.04722222222222222
0 0.68515625 0.76875 0.0515625 0.09305555555555556
0 0.755078125 0.8444444444444444 0.07109375 0.13333333333333333
0 0.75859375 0.7583333333333333 0.053125 0.09166666666666666
0 0.75546875 0.6958333333333333 0.040625 0.058333333333333334
0 0.783203125 0.6729166666666667 0.03203125 0.059722222222222225
0 0.85390625 0.8291666666666667 0.0609375 0.1388888888888889
0 0.925 0.8576388888888888 0.1140625 0.20694444444444443
0 0.873828125 0.7395833333333334 0.04921875 0.0763888888888889
0 0.868359375 0.6868055555555556 0.03671875 0.07361111111111111
0 0.944140625 0.7215277777777778 0.04921875 0.08472222222222223
0 0.975390625 0.7916666666666666 0.04453125 0.1111111111111111
0 0.980078125 0.7166666666666667 0.03828125 0.075