0 0.04056291390728477 0.5217391304347826 0.07781456953642384 0.11956521739130435
0 0.03890728476821192 0.44565217391304346 0.054635761589403975 0.07608695652173914
0 0.052980132450331126 0.657608695652174 0.08609271523178808 0.1358695652173913
0 0.11754966887417219 0.5706521739130435 0.08940397350993377 0.10869565217391304
0 0.0902317880794702 0.37771739130434784 0.041390728476821195 0.07608695652173914
0 0.15480132450331127 0.3491847826086957 0.05132450331125828 0.07336956521739131
0 0.20695364238410596 0.4266304347826087 0.059602649006622516 0.09239130434782608
0 0.2533112582781457 0.3763586956521739 0.052980132450331126 0.08423913043478261
0 0.35596026490066224 0.30434782608695654 0.03642384105960265 0.06521739130434782
0 0.41721854304635764 0.360054347826087 0.046357615894039736 0.0625
0 0.46357615894039733 0.40353260869565216 0.052980132450331126 0.08423913043478261
0 0.4337748344370861 0.5027173913043478 0.08609271523178808 0.10869565217391304
0 0.32781456953642385 0.6671195652173914 0.09933774834437085 0.16576086956521738
0 0.6672185430463576 0.5692934782608695 0.09933774834437085 0.15489130434782608
0 0.7740066225165563 0.5122282608695652 0.09437086092715231 0.14402173913043478
0 0.6605960264900662 0.389945652173913 0.052980132450331126 0.06793478260869565
0 0.5927152317880795 0.4048913043478261 0.04304635761589404 0.07608695652173914
0 0.5960264900662252 0.3111413043478261 0.029801324503311258 0.057065217391304345
0 0.6564569536423841 0.32608695652173914 0.04470198675496689 0.05434782608695652
0 0.7052980132450332 0.3328804347826087 0.03642384105960265 0.06793478260869565
0 0.7682119205298014 0.3233695652173913 0.04304635761589404 0.059782608695652176
0 0.831953642384106 0.39809782608695654 0.05132450331125828 0.07336956521739131
0 0.8600993377483444 0.33695652173913043 0.05132450331125828 0.06521739130434782
0 0.9677152317880795 0.422554347826087 0.061258278145695365 0.10597826086956522
0 0.9677152317880795 0.35054347826086957 0.048013245033112585 0.07608695652173914