0 0.06597222222222222 0.5830026455026455 0.020337301587301588 0.03902116402116402
0 0.0818452380952381 0.5884589947089947 0.030753968253968252 0.036044973544973546
0 0.1310763888888889 0.6031746031746031 0.02703373015873016 0.04894179894179894
0 0.16629464285714285 0.6177248677248677 0.038938492063492064 0.06018518518518518
0 0.20200892857142858 0.6370701058201058 0.04290674603174603 0.06514550264550265
0 0.1925843253968254 0.5725859788359788 0.024057539682539684 0.028108465608465607
0 0.2340029761904762 0.5676256613756614 0.022569444444444444 0.040013227513227514
0 0.2486359126984127 0.5790343915343915 0.026537698412698412 0.0291005291005291
0 0.25496031746031744 0.6291335978835979 0.04513888888888889 0.07903439153439154
0 0.30691964285714285 0.5849867724867724 0.02554563492063492 0.041005291005291
0 0.33618551587301587 0.593584656084656 0.03447420634920635 0.06018518518518518
0 0.34970238095238093 0.5750661375661376 0.031746031746031744 0.04497354497354497
0 0.48313492063492064 0.6481481481481481 0.07291666666666667 0.11507936507936507
0 0.46875 0.5580357142857143 0.021825396825396824 0.03935185185185185
0 0.5301339285714286 0.5600198412698413 0.02703373015873016 0.04728835978835979
0 0.5556795634920635 0.5970568783068783 0.024057539682539684 0.05324074074074074
0 0.5763888888888888 0.6046626984126984 0.032242063492063495 0.0539021164021164
0 0.5672123015873016 0.5616732804232805 0.020337301587301588 0.03406084656084656
0 0.6258680555555556 0.6049933862433863 0.045882936507936505 0.06911375661375661
0 0.7333829365079365 0.6623677248677249 0.06696428571428571 0.10119047619047619
0 0.7111855158730159 0.5856481481481481 0.021081349206349208 0.046296296296296294
0 0.7889384920634921 0.5720899470899471 0.030753968253968252 0.04894179894179894
0 0.8284970238095238 0.4933862433862434 0.03149801587301587 0.06415343915343916
0 0.9138144841269841 0.49834656084656087 0.0339781746031746 0.0582010582010582
0 0.886780753968254 0.6291335978835979 0.05927579365079365 0.08498677248677249
0 0.8975694444444444 0.5831679894179894 0.040674603174603176 0.06712962962962964