0 0.10764587525150905 0.29962962962962963 0.08651911468812877 0.14592592592592593
0 0.0636317907444668 0.2588888888888889 0.07696177062374246 0.11185185185185186
0 0.08651911468812877 0.18962962962962962 0.05734406438631791 0.09481481481481481
0 0.09808853118712274 0.15296296296296297 0.04527162977867203 0.07185185185185185
0 0.023893360160965795 0.11037037037037037 0.04476861167002012 0.06962962962962962
0 0.12650905432595574 0.09703703703703703 0.04778672032193159 0.0637037037037037
0 0.15165995975855132 0.08666666666666667 0.032696177062374245 0.06518518518518518
0 0.1999496981891348 0.07629629629629629 0.03169014084507042 0.06074074074074074
0 0.21956740442655936 0.040740740740740744 0.028672032193158954 0.05037037037037037
0 0.24446680080482897 0.03333333333333333 0.02414486921529175 0.045925925925925926
0 0.30030181086519114 0.028148148148148148 0.028169014084507043 0.045925925925925926
0 0.34356136820925554 0.016296296296296295 0.02112676056338028 0.02962962962962963
0 0.3086016096579477 0.21518518518518517 0.05985915492957746 0.09111111111111111
0 0.20246478873239437 0.4388888888888889 0.11116700201207244 0.18444444444444444
0 0.45900402414486924 0.45111111111111113 0.11016096579476861 0.19703703703703704
0 0.5118209255533199 0.39814814814814814 0.06790744466800805 0.12222222222222222
0 0.6048792756539235 0.4381481481481482 0.05985915492957746 0.11037037037037037
0 0.7142857142857143 0.43074074074074076 0.0613682092555332 0.12814814814814815
0 0.8850603621730382 0.46074074074074073 0.07293762575452717 0.11851851851851852
0 0.9585010060362174 0.19 0.05482897384305835 0.08518518518518518
0 0.545523138832998 0.31148148148148147 0.039738430583501 0.061481481481481484
0 0.505784708249497 0.30185185185185187 0.039738430583501 0.07333333333333333
0 0.43661971830985913 0.2748148148148148 0.05734406438631791 0.09037037037037036
0 0.36795774647887325 0.25037037037037035 0.061871227364185113 0.10074074074074074
0 0.30633802816901406 0.16148148148148148 0.05130784708249497 0.06666666666666667
0 0.2982897384305835 0.1237037037037037 0.043259557344064385 0.05185185185185185
0 0.4071931589537223 0.07629629629629629 0.03370221327967807 0.06074074074074074
0 0.45145875251509054 0.07518518518518519 0.03169014084507042 0.0437037037037037
0 0.47811871227364183 0.21 0.036720321931589535 0.04962962962962963
0 0.4725855130784708 0.16333333333333333 0.03169014084507042 0.04666666666666667
0 0.5047786720321932 0.14888888888888888 0.036720321931589535 0.056296296296296296