0 0.2425 0.5873333333333334 0.101 0.12666666666666668
0 0.475 0.5586666666666666 0.12 0.15733333333333333
0 0.7125 0.6993333333333334 0.179 0.23866666666666667
0 0.6665 0.5046666666666667 0.065 0.10533333333333333
0 0.777 0.456 0.052 0.072
0 0.8915 0.5166666666666667 0.085 0.11866666666666667
0 0.8135 0.416 0.033 0.05333333333333334
0 0.844 0.398 0.026 0.04133333333333333
0 0.8535 0.37933333333333336 0.021 0.030666666666666665
0 0.8795 0.38466666666666666 0.019 0.028
0 0.8975 0.3606666666666667 0.017 0.028
0 0.9315 0.4533333333333333 0.053 0.06933333333333333
0 0.9495 0.4206666666666667 0.037 0.044
0 0.935 0.4033333333333333 0.028 0.030666666666666665
0 0.925 0.398 0.022 0.030666666666666665
0 0.9375 0.36866666666666664 0.017 0.025333333333333333
0 0.9515 0.38533333333333336 0.025 0.029333333333333333
0 0.9585 0.35933333333333334 0.021 0.030666666666666665
0 0.8355 0.37 0.019 0.025333333333333333
0 0.8225 0.38266666666666665 0.025 0.032
0 0.793 0.3873333333333333 0.02 0.036
0 0.7975 0.364 0.019 0.02666666666666667
0 0.7645 0.394 0.021 0.03333333333333333
0 0.7665 0.37733333333333335 0.017 0.024
0 0.7665 0.344 0.017 0.02666666666666667
0 0.7425 0.3433333333333333 0.015 0.02
0 0.736 0.3993333333333333 0.028 0.04133333333333333
0 0.7085 0.422 0.033 0.04666666666666667
0 0.65 0.4246666666666667 0.044 0.05466666666666667
0 0.6325 0.4013333333333333 0.025 0.037333333333333336
0 0.6855 0.3873333333333333 0.023 0.036
0 0.7115 0.37266666666666665 0.015 0.02266666666666667
0 0.679 0.36933333333333335 0.012 0.018666666666666668
0 0.6725 0.36933333333333335 0.013 0.018666666666666668
0 0.628 0.38066666666666665 0.012 0.017333333333333333
0 0.6065 0.376 0.015 0.021333333333333333
0 0.6145 0.37133333333333335 0.011 0.017333333333333333
0 0.5845 0.38066666666666665 0.015 0.02266666666666667
0 0.574 0.37466666666666665 0.016 0.018666666666666668
0 0.1 0.4653333333333333 0.054 0.058666666666666666
0 0.082 0.44 0.038 0.050666666666666665
0 0.043 0.436 0.04 0.048
0 0.049 0.4013333333333333 0.026 0.032
0 0.0785 0.402 0.025 0.030666666666666665
0 0.129 0.392 0.024 0.032
0 0.185 0.40066666666666667 0.032 0.03866666666666667
0 0.2245 0.40066666666666667 0.019 0.03333333333333333
0 0.2455 0.478 0.067 0.084
0 0.249 0.414 0.028 0.04133333333333333
0 0.245 0.38466666666666666 0.022 0.028
0 0.302 0.42533333333333334 0.034 0.050666666666666665
0 0.284 0.42133333333333334 0.024 0.04
0 0.292 0.3873333333333333 0.018 0.025333333333333333
0 0.3075 0.39266666666666666 0.023 0.030666666666666665
0 0.332 0.4 0.026 0.032
0 0.3235 0.38066666666666665 0.015 0.02266666666666667
0 0.3575 0.38466666666666666 0.015 0.02266666666666667
0 0.3745 0.396 0.025 0.032
0 0.411 0.43466666666666665 0.052 0.07733333333333334
0 0.4075 0.384 0.023 0.029333333333333333
0 0.3835 0.37933333333333336 0.015 0.02
0 0.4215 0.37866666666666665 0.013 0.021333333333333333
0 0.436 0.3953333333333333 0.026 0.03866666666666667
0 0.461 0.3953333333333333 0.02 0.030666666666666665
0 0.478 0.38666666666666666 0.018 0.029333333333333333
0 0.473 0.34933333333333333 0.016 0.018666666666666668
0 0.5145 0.3993333333333333 0.021 0.030666666666666665
0 0.5025 0.458 0.051 0.07333333333333333
0 0.555 0.41933333333333334 0.032 0.04933333333333333
0 0.541 0.38333333333333336 0.012 0.02266666666666667
0 0.563 0.392 0.018 0.024
0 0.547 0.37066666666666664 0.014 0.021333333333333333
0 0.513 0.384 0.016 0.018666666666666668
0 0.501 0.378 0.014 0.02266666666666667
0 0.516 0.37466666666666665 0.01 0.018666666666666668