0 0.5627272727272727 0.46511627906976744 0.023636363636363636 0.040697674418604654
0 0.46 0.7877906976744186 0.11636363636363636 0.22093023255813954
0 0.22454545454545455 0.8473837209302325 0.18363636363636363 0.2703488372093023
0 0.15818181818181817 0.7005813953488372 0.07636363636363637 0.11627906976744186
0 0.11545454545454545 0.6686046511627907 0.05272727272727273 0.10465116279069768
0 0.09363636363636364 0.6148255813953488 0.03090909090909091 0.055232558139534885
0 0.04090909090909091 0.5872093023255814 0.02727272727272727 0.046511627906976744
0 0.15272727272727274 0.6046511627906976 0.03272727272727273 0.05813953488372093
0 0.18818181818181817 0.5959302325581395 0.04181818181818182 0.05813953488372093
0 0.2318181818181818 0.625 0.038181818181818185 0.05232558139534884
0 0.2109090909090909 0.6671511627906976 0.04363636363636364 0.06686046511627906
0 0.25363636363636366 0.6976744186046512 0.06 0.11046511627906977
0 0.23 0.6002906976744186 0.02727272727272727 0.055232558139534885
0 0.28909090909090907 0.6148255813953488 0.03272727272727273 0.061046511627906974
0 0.3190909090909091 0.6598837209302325 0.034545454545454546 0.06395348837209303
0 0.32181818181818184 0.6191860465116279 0.02909090909090909 0.05232558139534884
0 0.3509090909090909 0.622093023255814 0.025454545454545455 0.05813953488372093
0 0.37 0.6337209302325582 0.03090909090909091 0.05813953488372093
0 0.3790909090909091 0.7049418604651163 0.05272727272727273 0.10755813953488372
0 0.4127272727272727 0.626453488372093 0.025454545454545455 0.06686046511627906
0 0.4390909090909091 0.6337209302325582 0.03090909090909091 0.06976744186046512
0 0.46545454545454545 0.6293604651162791 0.025454545454545455 0.061046511627906974
0 0.4918181818181818 0.625 0.02727272727272727 0.06395348837209303
0 0.5454545454545454 0.6831395348837209 0.04363636363636364 0.09883720930232558
0 0.7754545454545455 0.6497093023255814 0.02727272727272727 0.055232558139534885
0 0.5809090909090909 0.6337209302325582 0.034545454545454546 0.06395348837209303
0 0.8109090909090909 0.6453488372093024 0.03272727272727273 0.06395348837209303
0 0.8545454545454545 0.6526162790697675 0.03636363636363636 0.07848837209302326
0 0.8863636363636364 0.6395348837209303 0.03090909090909091 0.06976744186046512
0 0.9672727272727273 0.6729651162790697 0.04363636363636364 0.10755813953488372
0 0.9363636363636364 0.6569767441860465 0.03272727272727273 0.0755813953488372
0 0.9145454545454546 0.6482558139534884 0.02909090909090909 0.06976744186046512