0 0.050520833333333334 0.4527777777777778 0.059375 0.08055555555555556
0 0.1390625 0.44027777777777777 0.042708333333333334 0.058333333333333334
0 0.1203125 0.41041666666666665 0.042708333333333334 0.05138888888888889
0 0.078125 0.41180555555555554 0.03125 0.05138888888888889
0 0.1875 0.46875 0.04375 0.0763888888888889
0 0.2359375 0.6173611111111111 0.10104166666666667 0.1486111111111111
0 0.3359375 0.5340277777777778 0.09270833333333334 0.14583333333333334
0 0.271875 0.4548611111111111 0.06041666666666667 0.0763888888888889
0 0.3296875 0.4236111111111111 0.021875 0.044444444444444446
0 0.3489583333333333 0.4125 0.027083333333333334 0.05277777777777778
0 0.3697916666666667 0.425 0.025 0.05
0 0.3984375 0.4340277777777778 0.036458333333333336 0.05416666666666667
0 0.4296875 0.4173611111111111 0.026041666666666668 0.04861111111111111
0 0.4588541666666667 0.4361111111111111 0.040625 0.06388888888888888
0 0.4421875 0.3375 0.023958333333333335 0.03888888888888889
0 0.509375 0.43194444444444446 0.03333333333333333 0.05277777777777778
0 0.53125 0.4013888888888889 0.022916666666666665 0.03888888888888889
0 0.5645833333333333 0.3909722222222222 0.022916666666666665 0.034722222222222224
0 0.5609375 0.5604166666666667 0.13020833333333334 0.20694444444444443
0 0.6921875 0.48125 0.046875 0.08472222222222223
0 0.6536458333333334 0.4388888888888889 0.030208333333333334 0.05
0 0.621875 0.39791666666666664 0.025 0.0375
0 0.6744791666666666 0.4166666666666667 0.026041666666666668 0.03611111111111111
0 0.6927083333333334 0.39861111111111114 0.029166666666666667 0.044444444444444446
0 0.7447916666666666 0.34791666666666665 0.022916666666666665 0.0375
0 0.7682291666666666 0.49027777777777776 0.051041666666666666 0.09444444444444444
0 0.7390625 0.4284722222222222 0.03229166666666667 0.04861111111111111
0 0.7614583333333333 0.4097222222222222 0.020833333333333332 0.03333333333333333
0 0.7833333333333333 0.4048611111111111 0.01875 0.0375
0 0.8078125 0.41875 0.021875 0.05138888888888889
0 0.8447916666666667 0.42777777777777776 0.022916666666666665 0.041666666666666664
0 0.8713541666666667 0.4388888888888889 0.036458333333333336 0.06666666666666667
0 0.9083333333333333 0.4284722222222222 0.03333333333333333 0.05694444444444444
0 0.9364583333333333 0.4638888888888889 0.04583333333333333 0.07222222222222222
0 0.8661458333333333 0.525 0.059375 0.09444444444444444
0 0.9817708333333334 0.4395833333333333 0.03229166666666667 0.05694444444444444
0 0.9395833333333333 0.41041666666666665 0.022916666666666665 0.043055555555555555