0 0.1904296875 0.31221719457013575 0.064453125 0.09049773755656108
0 0.11767578125 0.4238310708898944 0.0419921875 0.07541478129713423
0 0.61865234375 0.4306184012066365 0.0498046875 0.08295625942684766
0 0.65869140625 0.4177978883861237 0.0341796875 0.05429864253393665
0 0.70703125 0.3220211161387632 0.0390625 0.05580693815987934
0 0.74951171875 0.38461538461538464 0.0302734375 0.05429864253393665
0 0.7568359375 0.4374057315233786 0.0390625 0.06334841628959276
0 0.8232421875 0.40874811463046756 0.033203125 0.05429864253393665
0 0.7939453125 0.37254901960784315 0.017578125 0.030165912518853696
0 0.8466796875 0.38310708898944196 0.021484375 0.0392156862745098
0 0.875 0.40120663650075417 0.03125 0.048265460030165915
0 0.8994140625 0.3793363499245852 0.01953125 0.03770739064856712
0 0.93505859375 0.385369532428356 0.0263671875 0.04072398190045249
0 0.97998046875 0.38687782805429866 0.0302734375 0.049773755656108594
0 0.5634765625 0.40648567119155354 0.021484375 0.03167420814479638
0 0.5693359375 0.3808446455505279 0.015625 0.02262443438914027
0 0.5888671875 0.36726998491704377 0.015625 0.02262443438914027
0 0.61474609375 0.36425339366515835 0.0146484375 0.02262443438914027
0 0.63623046875 0.36048265460030166 0.0185546875 0.030165912518853696
0 0.66357421875 0.37631975867269984 0.0166015625 0.02564102564102564