0 0.3383838383838384 0.49393939393939396 0.03838383838383838 0.05454545454545454
0 0.2808080808080808 0.6212121212121212 0.028282828282828285 0.06060606060606061
0 0.25353535353535356 0.6742424242424242 0.04242424242424243 0.05757575757575758
0 0.19393939393939394 0.7 0.052525252525252523 0.07878787878787878
0 0.1505050505050505 0.6333333333333333 0.03838383838383838 0.06666666666666667
0 0.13434343434343435 0.6757575757575758 0.03838383838383838 0.05454545454545454
0 0.12727272727272726 0.75 0.08080808080808081 0.10606060606060606
0 0.04242424242424243 0.7242424242424242 0.052525252525252523 0.08484848484848485
0 0.4919191919191919 0.6257575757575757 0.030303030303030304 0.0696969696969697
0 0.5717171717171717 0.6606060606060606 0.03636363636363636 0.06060606060606061
0 0.6060606060606061 0.6530303030303031 0.03232323232323232 0.06363636363636363
0 0.6545454545454545 0.553030303030303 0.028282828282828285 0.045454545454545456
0 0.705050505050505 0.6621212121212121 0.048484848484848485 0.08181818181818182
0 0.7191919191919192 0.7348484848484849 0.06060606060606061 0.1303030303030303
0 0.603030303030303 0.7136363636363636 0.046464646464646465 0.0696969696969697
0 0.803030303030303 0.6924242424242424 0.05858585858585859 0.08787878787878788
0 0.8484848484848485 0.5969696969696969 0.03636363636363636 0.06060606060606061
0 0.8818181818181818 0.7090909090909091 0.06666666666666667 0.10909090909090909
0 0.9414141414141414 0.8484848484848485 0.11313131313131314 0.21212121212121213
0 0.9676767676767677 0.6287878787878788 0.044444444444444446 0.0696969696969697
0 0.9494949494949495 0.5848484848484848 0.028282828282828285 0.048484848484848485