0 0.08958333333333333 0.5725 0.0275 0.05
0 0.11375 0.56625 0.0375 0.0625
0 0.16958333333333334 0.601875 0.0575 0.09375
0 0.19583333333333333 0.564375 0.025 0.05625
0 0.26166666666666666 0.593125 0.035 0.06625
0 0.32166666666666666 0.60375 0.043333333333333335 0.08
0 0.2941666666666667 0.565 0.018333333333333333 0.0425
0 0.35375 0.5825 0.025833333333333333 0.0475
0 0.41041666666666665 0.565625 0.0225 0.04875
0 0.44458333333333333 0.57875 0.0275 0.0575
0 0.5066666666666667 0.58 0.03 0.0525
0 0.54375 0.61125 0.04083333333333333 0.0625
0 0.8229166666666666 0.368125 0.1225 0.19375