0 0.1775 0.49563046192259674 0.3016666666666667 0.5842696629213483
0 0.37083333333333335 0.6079900124843945 0.11833333333333333 0.1797752808988764
0 0.2425 0.15480649188514356 0.06 0.10486891385767791
0 0.26125 0.07927590511860175 0.04583333333333333 0.08114856429463171
0 0.4483333333333333 0.21161048689138576 0.06666666666666667 0.11610486891385768
0 0.5775 0.3414481897627965 0.07166666666666667 0.14856429463171036
0 0.5720833333333334 0.13670411985018727 0.04583333333333333 0.09612983770287141
0 0.7358333333333333 0.20162297128589263 0.05333333333333334 0.09113607990012484
0 0.7079166666666666 0.13295880149812733 0.035833333333333335 0.05368289637952559
0 0.88 0.2103620474406991 0.05333333333333334 0.09363295880149813
0 0.78625 0.47752808988764045 0.09583333333333334 0.16853932584269662