0 0.10519480519480519 0.36659663865546216 0.12987012987012986 0.21218487394957983
0 0.11688311688311688 0.14285714285714285 0.08051948051948052 0.12605042016806722
0 0.2383116883116883 0.14390756302521007 0.08701298701298701 0.1407563025210084
0 0.32727272727272727 0.45588235294117646 0.15844155844155844 0.23109243697478993
0 0.32402597402597405 0.0703781512605042 0.05064935064935065 0.09033613445378151
0 0.4422077922077922 0.08718487394957983 0.07142857142857142 0.10714285714285714
0 0.4837662337662338 0.22058823529411764 0.08181818181818182 0.15546218487394958
0 0.5857142857142857 0.08403361344537816 0.06493506493506493 0.13025210084033614
0 0.6435064935064935 0.27310924369747897 0.09220779220779221 0.1638655462184874
0 0.8064935064935065 0.11134453781512606 0.06233766233766234 0.13025210084033614
0 0.7675324675324675 0.06092436974789916 0.04155844155844156 0.08823529411764706
0 0.9233766233766234 0.08088235294117647 0.07272727272727272 0.11974789915966387