0 0.9633333333333334 0.478494623655914 0.06666666666666667 0.10752688172043011
0 0.8783333333333333 0.5228494623655914 0.08 0.12096774193548387
0 0.8158333333333333 0.7365591397849462 0.15166666666666667 0.24193548387096775
0 0.7641666666666667 0.5134408602150538 0.07166666666666667 0.12903225806451613
0 0.68 0.4637096774193548 0.05333333333333334 0.09408602150537634
0 0.745 0.3131720430107527 0.03 0.056451612903225805
0 0.5666666666666667 0.5779569892473119 0.06333333333333334 0.12365591397849462
0 0.5533333333333333 0.47043010752688175 0.056666666666666664 0.10215053763440861
0 0.36083333333333334 0.6276881720430108 0.09833333333333333 0.17473118279569894
0 0.43083333333333335 0.48118279569892475 0.045 0.06989247311827956
0 0.38416666666666666 0.48118279569892475 0.03166666666666667 0.053763440860215055
0 0.3358333333333333 0.4637096774193548 0.041666666666666664 0.06182795698924731
0 0.29583333333333334 0.532258064516129 0.065 0.10752688172043011
0 0.2658333333333333 0.47043010752688175 0.041666666666666664 0.05913978494623656
0 0.2775 0.4260752688172043 0.028333333333333332 0.056451612903225805
0 0.22416666666666665 0.5 0.055 0.06989247311827956
0 0.22 0.45698924731182794 0.03666666666666667 0.053763440860215055
0 0.17166666666666666 0.5053763440860215 0.04 0.05913978494623656
0 0.09416666666666666 0.5456989247311828 0.06166666666666667 0.10215053763440861
0 0.05416666666666667 0.5161290322580645 0.045 0.06451612903225806