0 0.07734375 0.5989847715736041 0.1265625 0.20812182741116753
0 0.0453125 0.3629441624365482 0.0625 0.1116751269035533
0 0.0984375 0.2969543147208122 0.059375 0.09644670050761421
0 0.16328125 0.19416243654822335 0.0515625 0.09898477157360407
0 0.18359375 0.31091370558375636 0.0703125 0.11421319796954314
0 0.24375 0.4086294416243655 0.090625 0.17766497461928935
0 0.3234375 0.25253807106598986 0.078125 0.10913705583756345
0 0.39765625 0.2182741116751269 0.0609375 0.09644670050761421
0 0.41484375 0.3895939086294416 0.0734375 0.12436548223350254
0 0.434375 0.5558375634517766 0.115625 0.18781725888324874
0 0.6578125 0.30076142131979694 0.140625 0.23096446700507614