0 0.030048076923076924 0.3248397435897436 0.05096153846153846 0.07532051282051282
0 0.10108173076923077 0.3543269230769231 0.05793269230769231 0.07211538461538461
0 0.20288461538461539 0.24278846153846154 0.09759615384615385 0.14711538461538462
0 0.43798076923076923 0.4028846153846154 0.07355769230769231 0.11538461538461539
0 0.47596153846153844 0.5142628205128205 0.11490384615384615 0.17916666666666667
0 0.6126201923076923 0.39903846153846156 0.08052884615384616 0.13141025641025642
0 0.7068509615384615 0.4947115384615385 0.10216346153846154 0.14006410256410257
0 0.8072115384615385 0.40192307692307694 0.08942307692307692 0.1391025641025641
0 0.8853365384615385 0.4391025641025641 0.11346153846153846 0.14935897435897436
0 0.9585336538461539 0.3389423076923077 0.056971153846153845 0.09711538461538462
0 0.9825721153846154 0.3235576923076923 0.034375 0.09262820512820513