0 0.08 0.27177177177177175 0.06 0.10510510510510511
0 0.196 0.3078078078078078 0.06 0.1111111111111111
0 0.232 0.36486486486486486 0.076 0.12912912912912913
0 0.326 0.3138138138138138 0.064 0.10510510510510511
0 0.413 0.42792792792792794 0.074 0.11711711711711711
0 0.414 0.3213213213213213 0.06 0.10810810810810811
0 0.509 0.3258258258258258 0.07 0.11711711711711711
0 0.555 0.43543543543543545 0.07 0.12012012012012012
0 0.587 0.3048048048048048 0.05 0.10510510510510511
0 0.672 0.31981981981981983 0.056 0.10510510510510511
0 0.72 0.4984984984984985 0.068 0.12012012012012012
0 0.866 0.44744744744744747 0.08 0.14414414414414414
0 0.789 0.32882882882882886 0.058 0.10510510510510511
0 0.898 0.2912912912912913 0.064 0.12012012012012012