0 0.03551401869158879 0.6097222222222223 0.048598130841121495 0.075
0 0.2514018691588785 0.4736111111111111 0.03925233644859813 0.06388888888888888
0 0.1616822429906542 0.8180555555555555 0.11401869158878504 0.16944444444444445
0 0.3560747663551402 0.5458333333333333 0.03925233644859813 0.05277777777777778
0 0.7046728971962617 0.14305555555555555 0.08598130841121496 0.125
0 0.9252336448598131 0.45555555555555555 0.052336448598130844 0.10555555555555556
0 0.9579439252336449 0.7111111111111111 0.08037383177570094 0.17777777777777778
0 0.8158878504672897 0.7791666666666667 0.13271028037383178 0.18055555555555555
0 0.7644859813084112 0.5722222222222222 0.044859813084112146 0.06666666666666667
0 0.7813084112149533 0.5236111111111111 0.022429906542056073 0.041666666666666664
0 0.814018691588785 0.5361111111111111 0.03925233644859813 0.06111111111111111
0 0.7242990654205608 0.6722222222222223 0.06542056074766354 0.1
0 0.608411214953271 0.7333333333333333 0.102803738317757 0.15
0 0.5831775700934579 0.6416666666666667 0.052336448598130844 0.07777777777777778
0 0.6429906542056075 0.6069444444444444 0.048598130841121495 0.075
0 0.6093457943925233 0.5430555555555555 0.041121495327102804 0.06944444444444445
0 0.5869158878504673 0.5791666666666667 0.044859813084112146 0.06388888888888888
0 0.5738317757009346 0.55 0.029906542056074768 0.06666666666666667
0 0.5532710280373832 0.5666666666666667 0.041121495327102804 0.07222222222222222
0 0.5233644859813084 0.6236111111111111 0.048598130841121495 0.06944444444444445
0 0.47757009345794393 0.6194444444444445 0.06542056074766354 0.08888888888888889
0 0.4803738317757009 0.5375 0.03364485981308411 0.06388888888888888
0 0.4570093457943925 0.5680555555555555 0.03551401869158879 0.058333333333333334
0 0.41869158878504675 0.5986111111111111 0.044859813084112146 0.06944444444444445
0 0.4177570093457944 0.5555555555555556 0.03551401869158879 0.05555555555555555
0 0.08130841121495327 0.7708333333333334 0.08411214953271028 0.1527777777777778
0 0.10467289719626169 0.6694444444444444 0.056074766355140186 0.08333333333333333
0 0.12710280373831775 0.6194444444444445 0.052336448598130844 0.08333333333333333