0 0.159375 0.7224824355971897 0.121875 0.18969555035128804
0 0.17734375 0.16159250585480095 0.0921875 0.1451990632318501
0 0.3484375 0.14402810304449648 0.08125 0.14754098360655737
0 0.37265625 0.3149882903981265 0.0796875 0.13348946135831383
0 0.5015625 0.1873536299765808 0.078125 0.13114754098360656
0 0.5578125 0.21779859484777517 0.053125 0.11241217798594848
0 0.66796875 0.26346604215456676 0.0859375 0.14285714285714285
0 0.7546875 0.36533957845433257 0.05625 0.117096018735363
0 0.7578125 0.3126463700234192 0.059375 0.08665105386416862
0 0.84921875 0.319672131147541 0.0421875 0.08196721311475409
0 0.97578125 0.3700234192037471 0.0453125 0.10772833723653395