0 0.05022321428571429 0.33134920634920634 0.029017857142857144 0.04365079365079365
0 0.07477678571428571 0.3373015873015873 0.024553571428571428 0.047619047619047616
0 0.11049107142857142 0.32142857142857145 0.020089285714285716 0.03968253968253968
0 0.17633928571428573 0.30753968253968256 0.022321428571428572 0.04365079365079365
0 0.27120535714285715 0.3273809523809524 0.024553571428571428 0.04365079365079365
0 0.30691964285714285 0.3055555555555556 0.015625 0.03968253968253968
0 0.34598214285714285 0.3055555555555556 0.017857142857142856 0.03968253968253968
0 0.3828125 0.25793650793650796 0.046875 0.09523809523809523
0 0.48660714285714285 0.2916666666666667 0.017857142857142856 0.04365079365079365
0 0.5279017857142857 0.30357142857142855 0.046875 0.09126984126984126
0 0.5625 0.3115079365079365 0.022321428571428572 0.051587301587301584
0 0.5558035714285714 0.2757936507936508 0.022321428571428572 0.04365079365079365
0 0.6361607142857143 0.3134920634920635 0.017857142857142856 0.05555555555555555
0 0.6707589285714286 0.2777777777777778 0.024553571428571428 0.05555555555555555
0 0.7064732142857143 0.2896825396825397 0.029017857142857144 0.05555555555555555
0 0.7321428571428571 0.2718253968253968 0.04017857142857143 0.07539682539682539
0 0.8504464285714286 0.25992063492063494 0.07589285714285714 0.17857142857142858
0 0.8995535714285714 0.2976190476190476 0.044642857142857144 0.1111111111111111
0 0.9598214285714286 0.25992063492063494 0.03125 0.08333333333333333