0 0.35 0.5658153241650294 0.051111111111111114 0.1100196463654224
0 0.5538888888888889 0.49410609037328096 0.043333333333333335 0.0962671905697446
0 0.6194444444444445 0.5019646365422397 0.04111111111111111 0.07662082514734773
0 0.6822222222222222 0.3703339882121807 0.044444444444444446 0.08055009823182711
0 0.8205555555555556 0.4793713163064833 0.04777777777777778 0.08644400785854617
0 0.25166666666666665 0.46168958742632615 0.04555555555555556 0.07858546168958742
0 0.235 0.3644400785854617 0.043333333333333335 0.07662082514734773
0 0.28 0.30353634577603145 0.028888888888888888 0.060903732809430254
0 0.31277777777777777 0.32023575638506874 0.027777777777777776 0.06286836935166994
0 0.25055555555555553 0.19548133595284872 0.025555555555555557 0.05304518664047151
0 0.26666666666666666 0.1719056974459725 0.02 0.04518664047151277
0 0.3188888888888889 0.13555992141453832 0.02 0.043222003929273084
0 0.35444444444444445 0.10412573673870335 0.022222222222222223 0.0550098231827112
0 0.43666666666666665 0.11591355599214145 0.02 0.03929273084479371
0 0.435 0.18860510805500982 0.034444444444444444 0.06679764243614932
0 0.505 0.2013752455795678 0.03666666666666667 0.060903732809430254
0 0.5161111111111111 0.10216110019646366 0.021111111111111112 0.03929273084479371
0 0.5366666666666666 0.09921414538310412 0.02 0.0412573673870334
0 0.6 0.19842829076620824 0.03333333333333333 0.05108055009823183
0 0.5572222222222222 0.29960707269155207 0.04111111111111111 0.07269155206286837
0 0.6283333333333333 0.2554027504911591 0.04111111111111111 0.07465618860510806
0 0.6705555555555556 0.2013752455795678 0.027777777777777776 0.05304518664047151
0 0.6961111111111111 0.19646365422396855 0.023333333333333334 0.047151277013752456
0 0.6788888888888889 0.16994106090373282 0.022222222222222223 0.04911591355599214
0 0.6594444444444445 0.13359528487229863 0.023333333333333334 0.043222003929273084