0 0.0175 0.6116666666666667 0.03166666666666667 0.10333333333333333
0 0.15833333333333333 0.6166666666666667 0.07666666666666666 0.14666666666666667
0 0.11083333333333334 0.515 0.035 0.09
0 0.21166666666666667 0.5416666666666666 0.05 0.11
0 0.2891666666666667 0.4866666666666667 0.028333333333333332 0.07333333333333333
0 0.3383333333333333 0.535 0.06 0.12333333333333334
0 0.39166666666666666 0.49 0.03 0.06
0 0.4166666666666667 0.47833333333333333 0.03333333333333333 0.07666666666666666
0 0.56 0.49333333333333335 0.03333333333333333 0.08
0 0.6591666666666667 0.4766666666666667 0.035 0.08
0 0.7375 0.4716666666666667 0.03833333333333333 0.08333333333333333
0 0.9125 0.52 0.075 0.15333333333333332