0 0.17791666666666667 0.875 0.30083333333333334 0.2475
0 0.16083333333333333 0.276875 0.06333333333333334 0.11875
0 0.29833333333333334 0.264375 0.05333333333333334 0.10375
0 0.4425 0.330625 0.12333333333333334 0.22125
0 0.6420833333333333 0.39 0.1475 0.26
0 0.55125 0.18125 0.035833333333333335 0.075
0 0.62375 0.1875 0.0225 0.05
0 0.6541666666666667 0.245 0.028333333333333332 0.0525
0 0.7070833333333333 0.178125 0.029166666666666667 0.04875
0 0.7966666666666666 0.276875 0.11333333333333333 0.21625
0 0.8595833333333334 0.158125 0.0225 0.05625
0 0.8841666666666667 0.15875 0.025 0.055
0 0.96125 0.27875 0.04583333333333333 0.08
0 0.9645833333333333 0.205 0.034166666666666665 0.0575