0 0.08072916666666667 0.4955555555555556 0.08072916666666667 0.1288888888888889
0 0.051432291666666664 0.39 0.055989583333333336 0.09111111111111111
0 0.0625 0.3244444444444444 0.046875 0.08444444444444445
0 0.185546875 0.32555555555555554 0.04296875 0.07777777777777778
0 0.240234375 0.3655555555555556 0.05078125 0.08666666666666667
0 0.251953125 0.4033333333333333 0.053385416666666664 0.09555555555555556
0 0.3528645833333333 0.4811111111111111 0.07291666666666667 0.10444444444444445
0 0.34375 0.3277777777777778 0.044270833333333336 0.07777777777777778
0 0.3697916666666667 0.2833333333333333 0.033854166666666664 0.06
0 0.4563802083333333 0.36 0.04296875 0.07555555555555556
0 0.3548177083333333 0.7622222222222222 0.10807291666666667 0.19555555555555557
0 0.521484375 0.5388888888888889 0.06640625 0.14
0 0.5416666666666666 0.3888888888888889 0.049479166666666664 0.09333333333333334
0 0.6946614583333334 0.4388888888888889 0.055989583333333336 0.11333333333333333
0 0.7272135416666666 0.6388888888888888 0.08203125 0.17555555555555555
0 0.71875 0.21888888888888888 0.028645833333333332 0.051111111111111114
0 0.9654947916666666 0.42777777777777776 0.06640625 0.10444444444444445