0 0.15256410256410258 0.42980769230769234 0.020512820512820513 0.03653846153846154
0 0.035256410256410256 0.739423076923077 0.06794871794871794 0.12884615384615383
0 0.023076923076923078 0.6519230769230769 0.04358974358974359 0.07307692307692308
0 0.06602564102564103 0.6788461538461539 0.052564102564102565 0.07692307692307693
0 0.060897435897435896 0.6153846153846154 0.03461538461538462 0.05384615384615385
0 0.051923076923076926 0.5653846153846154 0.03205128205128205 0.05384615384615385
0 0.014743589743589743 0.5528846153846154 0.021794871794871794 0.04423076923076923
0 0.14551282051282052 0.6519230769230769 0.03205128205128205 0.057692307692307696
0 0.1685897435897436 0.7038461538461539 0.047435897435897434 0.07692307692307693
0 0.23846153846153847 0.8701923076923077 0.12564102564102564 0.14423076923076922
0 0.2987179487179487 0.7865384615384615 0.06666666666666667 0.12307692307692308
0 0.275 0.6826923076923077 0.05512820512820513 0.08846153846153847
0 0.20448717948717948 0.6442307692307693 0.04230769230769231 0.057692307692307696
0 0.1955128205128205 0.5375 0.03205128205128205 0.03653846153846154
0 0.22948717948717948 0.5548076923076923 0.023076923076923078 0.04038461538461539
0 0.24871794871794872 0.5278846153846154 0.02564102564102564 0.04038461538461539
0 0.28717948717948716 0.5548076923076923 0.023076923076923078 0.04038461538461539
0 0.2955128205128205 0.5211538461538462 0.026923076923076925 0.038461538461538464
0 0.33525641025641023 0.5240384615384616 0.021794871794871794 0.04038461538461539
0 0.3230769230769231 0.5894230769230769 0.028205128205128206 0.03653846153846154
0 0.34935897435897434 0.5644230769230769 0.02435897435897436 0.03653846153846154
0 0.3576923076923077 0.5461538461538461 0.02564102564102564 0.03461538461538462
0 0.37884615384615383 0.5278846153846154 0.019230769230769232 0.03653846153846154
0 0.3903846153846154 0.5596153846153846 0.029487179487179487 0.046153846153846156
0 0.34615384615384615 0.6211538461538462 0.035897435897435895 0.046153846153846156
0 0.40064102564102566 0.7423076923076923 0.0782051282051282 0.13076923076923078
0 0.47435897435897434 0.801923076923077 0.08974358974358974 0.16538461538461538
0 0.6974358974358974 0.7519230769230769 0.08461538461538462 0.1346153846153846
0 0.8346153846153846 0.9144230769230769 0.1564102564102564 0.1673076923076923
0 0.9224358974358975 0.6653846153846154 0.06282051282051282 0.09230769230769231
0 0.8916666666666667 0.6019230769230769 0.03717948717948718 0.05384615384615385
0 0.9192307692307692 0.5788461538461539 0.038461538461538464 0.057692307692307696
0 0.9525641025641025 0.5673076923076923 0.03333333333333333 0.05
0 0.8576923076923076 0.5701923076923077 0.03076923076923077 0.04807692307692308
0 0.8051282051282052 0.6182692307692308 0.04358974358974359 0.075
0 0.7673076923076924 0.5826923076923077 0.03205128205128205 0.05
0 0.732051282051282 0.6317307692307692 0.05128205128205128 0.07884615384615384
0 0.7205128205128205 0.5836538461538462 0.02564102564102564 0.04038461538461539
0 0.6820512820512821 0.6009615384615384 0.038461538461538464 0.04807692307692308
0 0.6237179487179487 0.5942307692307692 0.04230769230769231 0.06538461538461539
0 0.5628205128205128 0.6173076923076923 0.041025641025641026 0.06538461538461539
0 0.5269230769230769 0.5855769230769231 0.02564102564102564 0.03653846153846154
0 0.5083333333333333 0.6230769230769231 0.03717948717948718 0.05384615384615385
0 0.49230769230769234 0.5625 0.02564102564102564 0.03653846153846154
0 0.44743589743589746 0.6269230769230769 0.03076923076923077 0.057692307692307696
0 0.4198717948717949 0.6182692307692308 0.029487179487179487 0.051923076923076926
0 0.44743589743589746 0.5644230769230769 0.023076923076923078 0.03653846153846154
0 0.4282051282051282 0.5451923076923076 0.017948717948717947 0.028846153846153848
0 0.41410256410256413 0.5211538461538462 0.015384615384615385 0.026923076923076925
0 0.44551282051282054 0.5211538461538462 0.016666666666666666 0.026923076923076925
0 0.46602564102564104 0.5326923076923077 0.016666666666666666 0.03076923076923077
0 0.4878205128205128 0.5211538461538462 0.019230769230769232 0.03076923076923077
0 0.5032051282051282 0.5269230769230769 0.019230769230769232 0.03461538461538462
0 0.5314102564102564 0.551923076923077 0.019230769230769232 0.03076923076923077
0 0.533974358974359 0.5259615384615385 0.019230769230769232 0.028846153846153848
0 0.5512820512820513 0.5134615384615384 0.020512820512820513 0.026923076923076925
0 0.575 0.5115384615384615 0.019230769230769232 0.038461538461538464
0 0.5923076923076923 0.5307692307692308 0.023076923076923078 0.04230769230769231
0 0.6141025641025641 0.5076923076923077 0.017948717948717947 0.03076923076923077
0 0.6262820512820513 0.49903846153846154 0.019230769230769232 0.028846153846153848
0 0.6256410256410256 0.5211538461538462 0.015384615384615385 0.023076923076923078
0 0.6371794871794871 0.5394230769230769 0.015384615384615385 0.028846153846153848
0 0.6 0.5865384615384616 0.028205128205128206 0.05
0 0.6730769230769231 0.5346153846153846 0.020512820512820513 0.03076923076923077
0 0.6493589743589744 0.5115384615384615 0.014102564102564103 0.026923076923076925
0 0.6871794871794872 0.5153846153846153 0.015384615384615385 0.03076923076923077
0 0.6948717948717948 0.5355769230769231 0.017948717948717947 0.028846153846153848
0 0.7064102564102565 0.5048076923076923 0.015384615384615385 0.03653846153846154
0 0.7205128205128205 0.5009615384615385 0.017948717948717947 0.028846153846153848
0 0.8512820512820513 0.5173076923076924 0.020512820512820513 0.026923076923076925
0 0.783974358974359 0.5096153846153846 0.016666666666666666 0.026923076923076925