0 0.242125 0.43733333333333335 0.03575 0.05733333333333333
0 0.164875 0.5918333333333333 0.05225 0.06766666666666667
0 0.297375 0.614 0.06725 0.088
0 0.361125 0.5545 0.05225 0.059666666666666666
0 0.5115 0.5665 0.053 0.07766666666666666
0 0.601875 0.667 0.09925 0.14333333333333334
0 0.523875 0.5458333333333333 0.03425 0.042333333333333334
0 0.697 0.566 0.056 0.06466666666666666
0 0.70425 0.5368333333333334 0.0325 0.03833333333333333
0 0.7705 0.5796666666666667 0.0545 0.088
0 0.78825 0.5378333333333334 0.0325 0.04633333333333333
0 0.845875 0.5388333333333334 0.03425 0.060333333333333336
0 0.87425 0.5346666666666666 0.044 0.07666666666666666
0 0.900125 0.515 0.02425 0.04733333333333333
0 0.9345 0.547 0.0385 0.06866666666666667
0 0.939 0.7851666666666667 0.1205 0.23833333333333334