0 0.05533333333333333 0.22327790973871733 0.06533333333333333 0.1330166270783848
0 0.14866666666666667 0.37054631828978624 0.036 0.057007125890736345
0 0.14 0.334916864608076 0.029333333333333333 0.047505938242280284
0 0.194 0.3752969121140142 0.036 0.07600950118764846
0 0.228 0.3669833729216152 0.04 0.07363420427553444
0 0.24733333333333332 0.38954869358669836 0.04133333333333333 0.07125890736342043
0 0.2813333333333333 0.32422802850356297 0.02666666666666667 0.05938242280285035
0 0.314 0.32422802850356297 0.02266666666666667 0.05938242280285035
0 0.3406666666666667 0.331353919239905 0.028 0.05463182897862233
0 0.37133333333333335 0.334916864608076 0.025333333333333333 0.06175771971496437
0 0.4066666666666667 0.34679334916864607 0.029333333333333333 0.06175771971496437
0 0.402 0.43824228028503565 0.044 0.10688836104513064
0 0.45066666666666666 0.4489311163895487 0.048 0.10451306413301663
0 0.4533333333333333 0.35510688836104515 0.037333333333333336 0.07838479809976247
0 0.522 0.3182897862232779 0.025333333333333333 0.047505938242280284
0 0.47 0.30403800475059384 0.025333333333333333 0.03800475059382423
0 0.578 0.32304038004750596 0.030666666666666665 0.057007125890736345
0 0.52 0.47743467933491684 0.050666666666666665 0.10926365795724466
0 0.606 0.49406175771971494 0.06266666666666666 0.12351543942992874
0 0.622 0.39667458432304037 0.04666666666666667 0.09026128266033254
0 0.696 0.42161520190023755 0.042666666666666665 0.08788598574821853
0 0.7673333333333333 0.4192399049881235 0.052 0.09263657957244656
0 0.7446666666666667 0.3681710213776722 0.036 0.08076009501187649
0 0.738 0.5403800475059383 0.07866666666666666 0.1543942992874109
0 0.8973333333333333 0.6270783847980997 0.08533333333333333 0.166270783847981
0 0.87 0.4323040380047506 0.068 0.12351543942992874
0 0.8286666666666667 0.3752969121140142 0.044 0.09501187648456057
0 0.9653333333333334 0.4655581947743468 0.064 0.12351543942992874
0 0.978 0.3919239904988123 0.04133333333333333 0.08076009501187649