0 0.21347402597402598 0.6179540709812108 0.10551948051948051 0.14613778705636743
0 0.3287337662337662 0.31419624217118997 0.060064935064935064 0.081419624217119
0 0.411525974025974 0.5594989561586639 0.11201298701298701 0.1544885177453027
0 0.5511363636363636 0.524008350730689 0.0698051948051948 0.10438413361169102
0 0.5909090909090909 0.8549060542797495 0.2597402597402597 0.2860125260960334
0 0.6607142857142857 0.5751565762004175 0.07467532467532467 0.10647181628392484
0 0.7086038961038961 0.5365344467640919 0.056818181818181816 0.08768267223382047
0 0.6907467532467533 0.4091858037578288 0.04383116883116883 0.06263048016701461
0 0.7564935064935064 0.6106471816283925 0.10064935064935066 0.1524008350730689
0 0.801948051948052 0.5594989561586639 0.07142857142857142 0.10020876826722339
0 0.8287337662337663 0.5010438413361169 0.060064935064935064 0.09603340292275574
0 0.9188311688311688 0.6116910229645094 0.1038961038961039 0.1419624217118998
0 0.913961038961039 0.5292275574112735 0.08766233766233766 0.10647181628392484