0 0.07049891540130152 0.26178861788617885 0.10845986984815618 0.17886178861788618
0 0.08839479392624729 0.12032520325203253 0.05314533622559653 0.08130081300813008
0 0.04609544468546638 0.09024390243902439 0.03796095444685466 0.06991869918699187
0 0.16268980477223427 0.10325203252032521 0.0368763557483731 0.056910569105691054
0 0.2245119305856833 0.08292682926829269 0.049891540130151846 0.08455284552845528
0 0.3264642082429501 0.17235772357723578 0.07592190889370933 0.12682926829268293
0 0.4642082429501085 0.08943089430894309 0.049891540130151846 0.08780487804878048
0 0.5645336225596529 0.05853658536585366 0.03796095444685466 0.05853658536585366
0 0.596529284164859 0.20894308943089432 0.0824295010845987 0.13495934959349593
0 0.6317787418655098 0.11626016260162601 0.04229934924078091 0.06991869918699187
0 0.6713665943600867 0.07804878048780488 0.0455531453362256 0.08130081300813008
0 0.81941431670282 0.5658536585365853 0.22017353579175705 0.37073170731707317
0 0.8801518438177874 0.31869918699186994 0.14642082429501085 0.24065040650406505
0 0.8438177874186551 0.06097560975609756 0.04121475054229935 0.06341463414634146