0 0.0296875 0.519921875 0.0421875 0.04609375
0 0.062109375 0.499609375 0.03359375 0.04140625
0 0.0921875 0.52265625 0.0265625 0.0390625
0 0.1265625 0.490625 0.0359375 0.0375
0 0.14609375 0.5171875 0.03125 0.0359375
0 0.171484375 0.5234375 0.02734375 0.0328125
0 0.184765625 0.5484375 0.03359375 0.0421875
0 0.20078125 0.530078125 0.0265625 0.03359375
0 0.208203125 0.50859375 0.02890625 0.0296875
0 0.2390625 0.48359375 0.0296875 0.034375
0 0.252734375 0.5453125 0.03203125 0.0390625
0 0.242578125 0.525 0.02265625 0.0296875
0 0.27109375 0.519921875 0.028125 0.03203125
0 0.29296875 0.526171875 0.028125 0.03203125
0 0.328125 0.54453125 0.034375 0.0390625
0 0.32734375 0.51640625 0.025 0.0359375
0 0.30390625 0.508203125 0.025 0.02578125
0 0.35625 0.50390625 0.0265625 0.03125
0 0.36015625 0.536328125 0.0296875 0.03203125
0 0.402734375 0.54375 0.03046875 0.0375
0 0.38671875 0.516796875 0.0234375 0.02890625
0 0.406640625 0.5078125 0.01953125 0.03125
0 0.428515625 0.4921875 0.02421875 0.0265625
0 0.427734375 0.528125 0.03515625 0.0359375
0 0.465625 0.53984375 0.0359375 0.0390625
0 0.45234375 0.50390625 0.0296875 0.03125
0 0.478515625 0.496484375 0.02890625 0.03515625
0 0.492578125 0.532421875 0.02578125 0.03203125
0 0.521875 0.53515625 0.0265625 0.0375
0 0.521484375 0.504296875 0.03046875 0.03046875
0 0.4984375 0.503515625 0.0203125 0.02734375
0 0.553125 0.52578125 0.0359375 0.040625
0 0.563671875 0.5046875 0.02421875 0.0296875
0 0.586328125 0.519921875 0.02578125 0.03828125
0 0.588671875 0.49453125 0.02578125 0.0265625
0 0.614453125 0.516796875 0.03203125 0.03671875
0 0.63203125 0.54375 0.0296875 0.0390625
0 0.65078125 0.514453125 0.028125 0.03203125
0 0.6875 0.510546875 0.025 0.02734375
0 0.68828125 0.533203125 0.0265625 0.03359375
0 0.71875 0.528515625 0.021875 0.03671875
0 0.67578125 0.49921875 0.021875 0.0296875
0 0.7609375 0.533203125 0.034375 0.03984375
0 0.78125 0.538671875 0.0234375 0.03359375
0 0.78125 0.5078125 0.0265625 0.03125
0 0.805078125 0.533203125 0.02421875 0.04140625
0 0.827734375 0.531640625 0.03828125 0.04140625
0 0.85234375 0.52734375 0.025 0.0359375
0 0.86953125 0.51875 0.0328125 0.0375
0 0.906640625 0.526171875 0.02890625 0.03828125
0 0.937890625 0.521484375 0.03046875 0.03671875
0 0.966015625 0.540625 0.03828125 0.0390625
0 0.625390625 0.626953125 0.03515625 0.04140625
0 0.7015625 0.629296875 0.0359375 0.04609375
0 0.777734375 0.62421875 0.03984375 0.04375
0 0.872265625 0.6359375 0.04921875 0.0515625