0 0.2837171052631579 0.6048387096774194 0.12664473684210525 0.20967741935483872
0 0.22286184210526316 0.3951612903225806 0.07730263157894737 0.12211981566820276
0 0.33223684210526316 0.3122119815668203 0.0625 0.09907834101382489
0 0.47039473684210525 0.423963133640553 0.07894736842105263 0.1152073732718894
0 0.5797697368421053 0.3778801843317972 0.06414473684210527 0.1152073732718894
0 0.5666118421052632 0.5564516129032258 0.11019736842105263 0.1543778801843318
0 0.8092105263157895 0.5518433179723502 0.09539473684210527 0.16359447004608296
0 0.9424342105263158 0.44815668202764974 0.08881578947368421 0.1497695852534562
0 0.8782894736842105 0.07142857142857142 0.09539473684210527 0.11981566820276497
0 0.7771381578947368 0.3456221198156682 0.07072368421052631 0.09216589861751152
0 0.8207236842105263 0.3283410138248848 0.046052631578947366 0.06682027649769585
0 0.5814144736842105 0.24423963133640553 0.05756578947368421 0.07373271889400922
0 0.522203947368421 0.24539170506912442 0.044407894736842105 0.07603686635944701
0 0.5518092105263158 0.24078341013824886 0.03453947368421053 0.0576036866359447
0 0.43667763157894735 0.22119815668202766 0.03782894736842105 0.06451612903225806
0 0.4029605263157895 0.2465437788018433 0.046052631578947366 0.06912442396313365
0 0.34786184210526316 0.19470046082949308 0.03453947368421053 0.0576036866359447
0 0.3034539473684211 0.20852534562211983 0.03453947368421053 0.0576036866359447
0 0.13733552631578946 0.26497695852534564 0.047697368421052634 0.08294930875576037
0 0.1669407894736842 0.2108294930875576 0.04111842105263158 0.07142857142857142
0 0.08470394736842106 0.18202764976958524 0.04111842105263158 0.06912442396313365
0 0.03700657894736842 0.22004608294930875 0.05098684210526316 0.07142857142857142
0 0.04358552631578947 0.3122119815668203 0.06743421052631579 0.09907834101382489