0 0.1576923076923077 0.2352185089974293 0.019230769230769232 0.028277634961439587
0 0.03942307692307692 0.31362467866323906 0.028846153846153848 0.03598971722365039
0 0.013461538461538462 0.32519280205655526 0.023076923076923078 0.028277634961439587
0 0.03173076923076923 0.37532133676092544 0.025 0.04627249357326478
0 0.05384615384615385 0.38046272493573263 0.019230769230769232 0.03598971722365039
0 0.0798076923076923 0.38431876606683807 0.025 0.043701799485861184
0 0.10961538461538461 0.37532133676092544 0.019230769230769232 0.03598971722365039
0 0.13173076923076923 0.36889460154241643 0.028846153846153848 0.033419023136246784
0 0.09711538461538462 0.31748071979434445 0.01730769230769231 0.028277634961439587
0 0.675 0.5012853470437018 0.12692307692307692 0.16452442159383032
0 0.8134615384615385 0.4974293059125964 0.08461538461538462 0.12082262210796915
0 0.9182692307692307 0.4781491002570694 0.10961538461538461 0.15424164524421594
0 0.8884615384615384 0.38174807197943444 0.05384615384615385 0.07969151670951156
0 0.9596153846153846 0.3676092544987147 0.05 0.07197943444730077
0 0.7625 0.38817480719794345 0.05576923076923077 0.08226221079691516
0 0.7442307692307693 0.35218508997429304 0.05 0.07197943444730077
0 0.6461538461538462 0.41516709511568123 0.06538461538461539 0.08483290488431877
0 0.5846153846153846 0.39331619537275064 0.046153846153846156 0.07712082262210797
0 0.5259615384615385 0.448586118251928 0.07115384615384615 0.11053984575835475
0 0.4846153846153846 0.41516709511568123 0.057692307692307696 0.08997429305912596
0 0.39615384615384613 0.4383033419023136 0.06153846153846154 0.07969151670951156
0 0.38653846153846155 0.5089974293059126 0.08461538461538462 0.11311053984575835
0 0.2846153846153846 0.46786632390745503 0.05384615384615385 0.07712082262210797
0 0.18365384615384617 0.42802056555269924 0.04807692307692308 0.05912596401028278
0 0.21826923076923077 0.397172236503856 0.03653846153846154 0.04884318766066838
0 0.25769230769230766 0.38688946015424164 0.023076923076923078 0.033419023136246784
0 0.3076923076923077 0.39845758354755784 0.046153846153846156 0.061696658097686374
0 0.2721153846153846 0.34318766066838047 0.028846153846153848 0.038560411311053984
0 0.23846153846153847 0.33161953727506427 0.023076923076923078 0.03598971722365039
0 0.2221153846153846 0.31233933161953725 0.01730769230769231 0.02313624678663239
0 0.20961538461538462 0.34704370179948585 0.026923076923076925 0.04113110539845758
0 0.17115384615384616 0.3560411311053985 0.023076923076923078 0.028277634961439587
0 0.15096153846153845 0.34575835475578404 0.01730769230769231 0.028277634961439587
0 0.1346153846153846 0.3277634961439589 0.019230769230769232 0.02313624678663239
0 0.2625 0.30077120822622105 0.025 0.03598971722365039
0 0.28942307692307695 0.3097686375321337 0.025 0.028277634961439587
0 0.31346153846153846 0.3444730077120823 0.03076923076923077 0.03598971722365039
0 0.33557692307692305 0.33161953727506427 0.021153846153846155 0.030848329048843187
0 0.3721153846153846 0.36503856041131105 0.032692307692307694 0.05141388174807198
0 0.39615384615384613 0.38046272493573263 0.04230769230769231 0.04627249357326478
0 0.3817307692307692 0.3033419023136247 0.021153846153846155 0.030848329048843187
0 0.4076923076923077 0.33033419023136246 0.023076923076923078 0.033419023136246784
0 0.5307692307692308 0.3508997429305913 0.04230769230769231 0.05398457583547558
0 0.4846153846153846 0.35218508997429304 0.026923076923076925 0.030848329048843187
0 0.4394230769230769 0.34575835475578404 0.021153846153846155 0.033419023136246784
0 0.43846153846153846 0.29562982005141386 0.023076923076923078 0.02056555269922879
0 0.4221153846153846 0.2879177377892031 0.01730769230769231 0.02570694087403599
0 0.4894230769230769 0.30205655526992287 0.01730769230769231 0.02313624678663239
0 0.48653846153846153 0.2814910025706941 0.019230769230769232 0.02313624678663239
0 0.4653846153846154 0.29562982005141386 0.015384615384615385 0.02570694087403599
0 0.5375 0.31233933161953725 0.021153846153846155 0.02313624678663239
0 0.5182692307692308 0.2763496143958869 0.01730769230769231 0.017994858611825194