0 0.08515625 0.40789473684210525 0.046875 0.07263157894736842
0 0.105859375 0.39263157894736844 0.03046875 0.05263157894736842
0 0.179296875 0.38 0.05078125 0.061052631578947365
0 0.158203125 0.36947368421052634 0.02890625 0.035789473684210524
0 0.212890625 0.35 0.02421875 0.03684210526315789
0 0.230859375 0.3636842105263158 0.02890625 0.034736842105263156
0 0.23828125 0.3431578947368421 0.021875 0.03368421052631579
0 0.26875 0.3489473684210526 0.0265625 0.03263157894736842
0 0.29921875 0.3410526315789474 0.0296875 0.035789473684210524
0 0.321484375 0.4568421052631579 0.06171875 0.0863157894736842
0 0.369921875 0.41 0.04140625 0.05789473684210526
0 0.39765625 0.3831578947368421 0.0328125 0.04631578947368421
0 0.423046875 0.3663157894736842 0.02421875 0.042105263157894736
0 0.444140625 0.35789473684210527 0.02265625 0.035789473684210524
0 0.446484375 0.33263157894736844 0.01796875 0.02736842105263158
0 0.47578125 0.29578947368421055 0.015625 0.029473684210526315
0 0.452734375 0.44263157894736843 0.05390625 0.07263157894736842
0 0.4828125 0.38526315789473686 0.0390625 0.05894736842105263
0 0.495703125 0.3405263157894737 0.02421875 0.03263157894736842
0 0.624609375 0.3263157894736842 0.02109375 0.029473684210526315
0 0.63359375 0.3431578947368421 0.0234375 0.029473684210526315
0 0.655078125 0.358421052631579 0.02890625 0.04105263157894737
0 0.68046875 0.35 0.025 0.030526315789473683
0 0.67890625 0.33157894736842103 0.0140625 0.02526315789473684
0 0.723828125 0.35 0.03046875 0.0431578947368421
0 0.72109375 0.4052631578947368 0.04375 0.05894736842105263
0 0.7625 0.4557894736842105 0.0578125 0.07578947368421053
0 0.765625 0.37473684210526315 0.0375 0.04631578947368421
0 0.83984375 0.4147368421052632 0.0484375 0.061052631578947365
0 0.8453125 0.20105263157894737 0.0203125 0.03368421052631579
0 0.862890625 0.19526315789473683 0.02109375 0.0431578947368421
0 0.915234375 0.19789473684210526 0.02265625 0.04631578947368421
0 0.930859375 0.5689473684210526 0.09453125 0.13578947368421052
0 0.924609375 0.46210526315789474 0.07578125 0.1031578947368421