0 0.095 0.29583333333333334 0.11857142857142858 0.15166666666666667
0 0.19714285714285715 0.4683333333333333 0.04857142857142857 0.09
0 0.21928571428571428 0.36916666666666664 0.05 0.085
0 0.255 0.42833333333333334 0.05857142857142857 0.08666666666666667
0 0.3757142857142857 0.33416666666666667 0.04 0.06166666666666667
0 0.4092857142857143 0.3675 0.047142857142857146 0.06833333333333333
0 0.4807142857142857 0.37333333333333335 0.06428571428571428 0.08666666666666667
0 0.4442857142857143 0.5216666666666666 0.08 0.09
0 0.515 0.26166666666666666 0.04428571428571428 0.056666666666666664
0 0.6564285714285715 0.25333333333333335 0.047142857142857146 0.06666666666666667
0 0.6985714285714286 0.43416666666666665 0.07142857142857142 0.105
0 0.7414285714285714 0.3458333333333333 0.04285714285714286 0.07166666666666667
0 0.8664285714285714 0.5616666666666666 0.08428571428571428 0.11
0 0.9442857142857143 0.5908333333333333 0.10571428571428572 0.19833333333333333
0 0.8878571428571429 0.39166666666666666 0.047142857142857146 0.07
0 0.97 0.2725 0.04285714285714286 0.06166666666666667
0 0.03142857142857143 0.38 0.05142857142857143 0.05333333333333334