0 0.10738357843137254 0.41983695652173914 0.02420343137254902 0.051630434782608696
0 0.15716911764705882 0.39755434782608695 0.031862745098039214 0.06684782608695652
0 0.19163602941176472 0.41440217391304346 0.02849264705882353 0.058152173913043476
0 0.23651960784313725 0.4057065217391304 0.034926470588235295 0.06032608695652174
0 0.29886642156862747 0.4027173913043478 0.0272671568627451 0.0641304347826087
0 0.3163296568627451 0.37418478260869564 0.02420343137254902 0.05923913043478261
0 0.3414522058823529 0.39456521739130435 0.03707107843137255 0.07282608695652174
0 0.41099877450980393 0.43967391304347825 0.03707107843137255 0.06956521739130435
0 0.4273897058823529 0.40869565217391307 0.027573529411764705 0.06195652173913044
0 0.47150735294117646 0.46005434782608695 0.04105392156862745 0.0766304347826087
0 0.5367647058823529 0.47907608695652176 0.034926470588235295 0.06902173913043479
0 0.6265318627450981 0.4111413043478261 0.0428921568627451 0.08641304347826087
0 0.7146139705882353 0.4470108695652174 0.04381127450980392 0.09402173913043478
0 0.7406556372549019 0.391304347826087 0.03216911764705882 0.08152173913043478
0 0.8215379901960784 0.46195652173913043 0.0585171568627451 0.1108695652173913
0 0.8716299019607843 0.4076086956521739 0.04595588235294118 0.0891304347826087