0 0.08837890625 0.609375 0.0439453125 0.052083333333333336
0 0.08056640625 0.5768229166666666 0.0283203125 0.0390625
0 0.18310546875 0.5514322916666666 0.0322265625 0.053385416666666664
0 0.2099609375 0.5794270833333334 0.03515625 0.046875
0 0.2705078125 0.5462239583333334 0.021484375 0.03515625
0 0.29248046875 0.5266927083333334 0.0205078125 0.040364583333333336
0 0.30712890625 0.5572916666666666 0.0322265625 0.0390625
0 0.32373046875 0.6009114583333334 0.0380859375 0.061197916666666664
0 0.33837890625 0.5234375 0.0224609375 0.03125
0 0.3779296875 0.5325520833333334 0.025390625 0.036458333333333336
0 0.39111328125 0.51171875 0.0224609375 0.033854166666666664
0 0.4375 0.5143229166666666 0.021484375 0.036458333333333336
0 0.47705078125 0.5325520833333334 0.0380859375 0.059895833333333336
0 0.43701171875 0.6380208333333334 0.0517578125 0.07552083333333333
0 0.42626953125 0.5794270833333334 0.0361328125 0.057291666666666664
0 0.50146484375 0.498046875 0.0185546875 0.029947916666666668
0 0.5029296875 0.541015625 0.0234375 0.045572916666666664
0 0.55126953125 0.525390625 0.0263671875 0.045572916666666664
0 0.60205078125 0.5104166666666666 0.0244140625 0.03125
0 0.591796875 0.4915364583333333 0.021484375 0.02734375
0 0.59619140625 0.576171875 0.0380859375 0.05078125
0 0.6513671875 0.5533854166666666 0.037109375 0.044270833333333336
0 0.69189453125 0.5247395833333334 0.0224609375 0.0390625
0 0.7060546875 0.4986979166666667 0.021484375 0.0390625
0 0.724609375 0.5084635416666666 0.0234375 0.04296875
0 0.736328125 0.67578125 0.064453125 0.1171875
0 0.81982421875 0.609375 0.0556640625 0.08333333333333333
0 0.82470703125 0.5397135416666666 0.0380859375 0.061197916666666664
0 0.83203125 0.4954427083333333 0.03515625 0.05078125
0 0.87939453125 0.5286458333333334 0.0380859375 0.046875
0 0.900390625 0.5052083333333334 0.029296875 0.044270833333333336