0 0.4 0.28032979976442873 0.1640625 0.3133097762073027
0 0.58125 0.1707891637220259 0.040625 0.08480565371024736
0 0.118359375 0.14723203769140164 0.04453125 0.0706713780918728
0 0.07734375 0.09952885747938751 0.0390625 0.06007067137809187
0 0.04765625 0.09363957597173145 0.03125 0.053003533568904596
0 0.168359375 0.08539458186101295 0.02109375 0.038869257950530034
0 0.192578125 0.11189634864546526 0.02890625 0.05182567726737338
0 0.209375 0.07950530035335689 0.0265625 0.045936395759717315
0 0.23671875 0.11484098939929328 0.0390625 0.0812720848056537
0 0.262890625 0.09187279151943463 0.02421875 0.04240282685512368
0 0.253125 0.06831566548881036 0.01875 0.028268551236749116
0 0.22578125 0.06007067137809187 0.0171875 0.028268551236749116
0 0.29453125 0.08892815076560659 0.025 0.048292108362779744
0 0.28046875 0.0624263839811543 0.0125 0.02591283863368669
0 0.308984375 0.071849234393404 0.01796875 0.0353356890459364
0 0.329296875 0.06478209658421673 0.02265625 0.04004711425206125
0 0.339453125 0.10541813898704358 0.03046875 0.05535924617196702
0 0.315234375 0.14723203769140164 0.03515625 0.06595995288574794
0 0.366796875 0.07656065959952886 0.01953125 0.04004711425206125
0 0.362890625 0.04946996466431095 0.01640625 0.023557126030624265
0 0.380078125 0.06890459363957598 0.01640625 0.03651354534746761
0 0.412890625 0.06772673733804475 0.02109375 0.03415783274440518
0 0.4265625 0.09363957597173145 0.0234375 0.050647820965842166
0 0.429296875 0.06007067137809187 0.01328125 0.028268551236749116
0 0.466796875 0.09422850412249706 0.02109375 0.04240282685512368
0 0.46953125 0.06301531213191991 0.015625 0.02944640753828033
0 0.462109375 0.05535924617196702 0.01171875 0.023557126030624265
0 0.5 0.07302709069493522 0.0234375 0.04004711425206125
0 0.49453125 0.05418138987043581 0.01875 0.030624263839811542
0 0.548046875 0.12661955241460543 0.03046875 0.06478209658421673
0 0.54921875 0.07714958775029446 0.0203125 0.038869257950530034
0 0.535546875 0.07008244994110718 0.01640625 0.038869257950530034
0 0.411328125 0.11837455830388692 0.03671875 0.048292108362779744
0 0.5890625 0.07243816254416961 0.01875 0.03651354534746761
0 0.584375 0.05182567726737338 0.0171875 0.028268551236749116
0 0.60859375 0.10836277974087162 0.025 0.04946996466431095
0 0.626953125 0.10482921083627797 0.02265625 0.05182567726737338
0 0.615234375 0.06065959952885748 0.01484375 0.03180212014134275
0 0.632421875 0.04181389870435807 0.01484375 0.027090694935217905
0 0.64765625 0.07420494699646643 0.0203125 0.04004711425206125
0 0.673046875 0.10482921083627797 0.03203125 0.05889281507656066
0 0.669140625 0.06949352179034157 0.02109375 0.03297997644287397
0 0.69765625 0.08775029446407538 0.028125 0.053003533568904596
0 0.710546875 0.0800942285041225 0.01640625 0.04240282685512368
0 0.70625 0.05594817432273263 0.01875 0.02944640753828033
0 0.723046875 0.07243816254416961 0.01796875 0.04122497055359246
0 0.747265625 0.059481743227326266 0.01796875 0.03415783274440518
0 0.76015625 0.0447585394581861 0.0109375 0.023557126030624265
0 0.841796875 0.1071849234393404 0.03046875 0.06595995288574794
0 0.855078125 0.19964664310954064 0.06328125 0.09540636042402827
0 0.92578125 0.11955241460541814 0.028125 0.06007067137809187
0 0.96484375 0.1425206124852768 0.0390625 0.07773851590106007
0 0.9734375 0.1855123674911661 0.0515625 0.09069493521790342
0 0.9125 0.10424028268551237 0.0328125 0.0624263839811543
0 0.899609375 0.071849234393404 0.02265625 0.0353356890459364
0 0.88671875 0.06654888103651355 0.01875 0.043580683156654886
0 0.840234375 0.07361601884570082 0.02890625 0.03415783274440518
0 0.827734375 0.06478209658421673 0.01640625 0.028268551236749116
0 0.825 0.054770318021201414 0.015625 0.027090694935217905