0 0.6453125 0.10694444444444444 0.0828125 0.15555555555555556
0 0.588671875 0.08472222222222223 0.03671875 0.08333333333333333
0 0.559765625 0.2722222222222222 0.03984375 0.08333333333333333
0 0.528515625 0.09791666666666667 0.03359375 0.07916666666666666
0 0.4390625 0.08333333333333333 0.0390625 0.06944444444444445
0 0.41015625 0.2604166666666667 0.034375 0.07361111111111111
0 0.38828125 0.2048611111111111 0.0265625 0.06527777777777778
0 0.360546875 0.21736111111111112 0.02578125 0.059722222222222225
0 0.3296875 0.2861111111111111 0.046875 0.1
0 0.298828125 0.25277777777777777 0.02578125 0.07222222222222222
0 0.249609375 0.42916666666666664 0.11796875 0.20555555555555555
0 0.205859375 0.26180555555555557 0.04140625 0.09027777777777778
0 0.15859375 0.15486111111111112 0.028125 0.059722222222222225
0 0.140234375 0.2743055555555556 0.03046875 0.06527777777777778
0 0.12578125 0.3125 0.0375 0.08055555555555556
0 0.11796875 0.36527777777777776 0.0546875 0.11944444444444445
0 0.022265625 0.42430555555555555 0.04296875 0.1625
0 0.066796875 0.1763888888888889 0.04765625 0.08055555555555556
0 0.01875 0.18333333333333332 0.0359375 0.06944444444444445