0 0.5770833333333333 0.24351851851851852 0.029166666666666667 0.06111111111111111
0 0.28802083333333334 0.3148148148148148 0.036458333333333336 0.06296296296296296
0 0.22708333333333333 0.36666666666666664 0.04375 0.08148148148148149
0 0.16041666666666668 0.37962962962962965 0.05 0.09259259259259259
0 0.20625 0.32314814814814813 0.04375 0.07592592592592592
0 0.1015625 0.29814814814814816 0.030208333333333334 0.05185185185185185
0 0.06822916666666666 0.325 0.03854166666666667 0.07222222222222222
0 0.023958333333333335 0.33055555555555555 0.04375 0.06851851851851852
0 0.6765625 0.32407407407407407 0.023958333333333335 0.05185185185185185
0 0.6994791666666667 0.3398148148148148 0.040625 0.07962962962962963
0 0.753125 0.37777777777777777 0.05416666666666667 0.11481481481481481
0 0.8145833333333333 0.39814814814814814 0.06458333333333334 0.13333333333333333
0 0.815625 0.30185185185185187 0.022916666666666665 0.04814814814814815
0 0.8307291666666666 0.31851851851851853 0.021875 0.05185185185185185
0 0.8598958333333333 0.3138888888888889 0.023958333333333335 0.05
0 0.8921875 0.3212962962962963 0.040625 0.07962962962962963
0 0.9390625 0.3416666666666667 0.046875 0.08703703703703704