0 0.18666666666666668 0.22717733473242394 0.09111111111111111 0.16684155299055614
0 0.19166666666666668 0.40293809024134314 0.08333333333333333 0.14270724029380902
0 0.17555555555555555 0.5598111227701994 0.13666666666666666 0.2738719832109129
0 0.4475 0.3830010493179433 0.07166666666666667 0.1657922350472193
0 0.44083333333333335 0.30640083945435465 0.050555555555555555 0.0944386149003148
0 0.3375 0.2602308499475341 0.03722222222222222 0.060860440713536204
0 0.40055555555555555 0.24344176285414482 0.03333333333333333 0.07135362014690451
0 0.49083333333333334 0.07922350472193075 0.03388888888888889 0.06820566631689402
0 0.6216666666666667 0.25131164742917106 0.03777777777777778 0.09968520461699895
0 0.5111111111111111 0.24763903462749212 0.03888888888888889 0.08184679958027283
0 0.5783333333333334 0.34679958027282265 0.056666666666666664 0.1080797481636936
0 0.8194444444444444 0.39087093389296956 0.09444444444444444 0.19622245540398742
0 0.8769444444444444 0.28436516264428124 0.05611111111111111 0.13431269674711438
0 0.7738888888888888 0.23399790136411333 0.04111111111111111 0.09024134312696747