0 0.18461538461538463 0.35402298850574715 0.11692307692307692 0.21149425287356322
0 0.09692307692307692 0.2632183908045977 0.036923076923076927 0.06666666666666667
0 0.25384615384615383 0.32413793103448274 0.036923076923076927 0.08275862068965517
0 0.27076923076923076 0.2517241379310345 0.024615384615384615 0.04827586206896552
0 0.30230769230769233 0.22413793103448276 0.026153846153846153 0.04367816091954023
0 0.3223076923076923 0.2413793103448276 0.026153846153846153 0.04597701149425287
0 0.3292307692307692 0.30689655172413793 0.043076923076923075 0.08045977011494253
0 0.37538461538461537 0.2793103448275862 0.036923076923076927 0.06206896551724138
0 0.38 0.23563218390804597 0.03076923076923077 0.04827586206896552
0 0.4146153846153846 0.2218390804597701 0.026153846153846153 0.04827586206896552
0 0.4269230769230769 0.367816091954023 0.05076923076923077 0.08735632183908046
0 0.38076923076923075 0.42758620689655175 0.06307692307692307 0.11954022988505747
0 0.4276923076923077 0.27011494252873564 0.027692307692307693 0.052873563218390804
0 0.4546153846153846 0.2471264367816092 0.026153846153846153 0.04827586206896552
0 0.556923076923077 0.27816091954022987 0.033846153846153845 0.05517241379310345
0 0.5769230769230769 0.2482758620689655 0.03076923076923077 0.05517241379310345
0 0.6038461538461538 0.22528735632183908 0.026153846153846153 0.041379310344827586
0 0.6469230769230769 0.43908045977011495 0.07230769230769231 0.11494252873563218
0 0.67 0.37701149425287356 0.047692307692307694 0.08275862068965517
0 0.6961538461538461 0.3482758620689655 0.04461538461538461 0.08505747126436781
0 0.7053846153846154 0.2367816091954023 0.02923076923076923 0.05517241379310345
0 0.8176923076923077 0.22988505747126436 0.02923076923076923 0.05517241379310345
0 0.8369230769230769 0.2689655172413793 0.033846153846153845 0.059770114942528735
0 0.8346153846153846 0.34022988505747126 0.04461538461538461 0.09195402298850575
0 0.8738461538461538 0.30689655172413793 0.04 0.07126436781609195
0 0.8592307692307692 0.2747126436781609 0.03230769230769231 0.03908045977011494
0 0.9515384615384616 0.49770114942528737 0.08153846153846153 0.14022988505747128
0 0.9753846153846154 0.2632183908045977 0.027692307692307693 0.052873563218390804
0 0.9492307692307692 0.23448275862068965 0.027692307692307693 0.05057471264367816