0 0.7288888888888889 0.19610778443113772 0.05333333333333334 0.0688622754491018
0 0.7733333333333333 0.26646706586826346 0.07555555555555556 0.11976047904191617
0 0.8888888888888888 0.4116766467065868 0.09333333333333334 0.10479041916167664
0 0.9455555555555556 0.5149700598802395 0.09111111111111111 0.1317365269461078
0 0.6233333333333333 0.5973053892215568 0.13555555555555557 0.218562874251497
0 0.6288888888888889 0.7724550898203593 0.14666666666666667 0.18562874251497005
0 0.5866666666666667 0.3967065868263473 0.06666666666666667 0.0748502994011976
0 0.5377777777777778 0.3248502994011976 0.05333333333333334 0.0688622754491018
0 0.5788888888888889 0.2679640718562874 0.04666666666666667 0.0688622754491018
0 0.6088888888888889 0.23203592814371257 0.04 0.06287425149700598
0 0.46555555555555556 0.23802395209580837 0.042222222222222223 0.05089820359281437
0 0.37666666666666665 0.3937125748502994 0.06888888888888889 0.09880239520958084
0 0.43777777777777777 0.33532934131736525 0.08444444444444445 0.08982035928143713
0 0.3211111111111111 0.5538922155688623 0.09111111111111111 0.11377245508982035
0 0.14666666666666667 0.7290419161676647 0.14666666666666667 0.15868263473053892
0 0.1388888888888889 0.5164670658682635 0.10444444444444445 0.11077844311377245
0 0.18 0.41467065868263475 0.07555555555555556 0.08682634730538923
0 0.23777777777777778 0.3218562874251497 0.06222222222222222 0.08083832335329341
0 0.24666666666666667 0.27245508982035926 0.044444444444444446 0.041916167664670656
0 0.2922222222222222 0.23652694610778444 0.051111111111111114 0.0658682634730539
0 0.21333333333333335 0.23353293413173654 0.044444444444444446 0.059880239520958084
0 0.15555555555555556 0.26646706586826346 0.057777777777777775 0.07784431137724551
0 0.03111111111111111 0.32934131736526945 0.057777777777777775 0.08383233532934131