0 0.9 0.32706766917293234 0.045 0.08270676691729323
0 0.77875 0.3815789473684211 0.0175 0.03383458646616541
0 0.7375 0.40037593984962405 0.02 0.041353383458646614
0 0.69875 0.3890977443609023 0.0225 0.041353383458646614
0 0.64625 0.40977443609022557 0.0225 0.045112781954887216
0 0.64625 0.37406015037593987 0.0175 0.03383458646616541
0 0.56625 0.424812030075188 0.0275 0.05263157894736842
0 0.58375 0.3815789473684211 0.0175 0.03383458646616541
0 0.545 0.37969924812030076 0.02 0.03759398496240601
0 0.49125 0.4342105263157895 0.0375 0.05639097744360902
0 0.47375 0.4041353383458647 0.0175 0.041353383458646614
0 0.39 0.4680451127819549 0.04 0.07894736842105263
0 0.37625 0.41729323308270677 0.0275 0.03759398496240601
0 0.3325 0.3815789473684211 0.02 0.041353383458646614
0 0.3725 0.38345864661654133 0.015 0.03007518796992481
0 0.43375 0.38345864661654133 0.0175 0.03007518796992481
0 0.29 0.43045112781954886 0.025 0.05639097744360902
0 0.26125 0.38533834586466165 0.0275 0.04887218045112782
0 0.2425 0.40225563909774437 0.025 0.045112781954887216
0 0.21 0.4849624060150376 0.055 0.09022556390977443
0 0.14875 0.4492481203007519 0.0325 0.05639097744360902
0 0.18 0.41729323308270677 0.03 0.05263157894736842
0 0.1375 0.41353383458646614 0.02 0.03759398496240601
0 0.05125 0.4398496240601504 0.0325 0.05263157894736842
0 0.02625 0.4266917293233083 0.0325 0.04887218045112782