0 0.0560488346281909 0.6170833333333333 0.06326304106548279 0.0475
0 0.048834628190899 0.5745833333333333 0.03995560488346282 0.0375
0 0.10266370699223086 0.5645833333333333 0.05660377358490566 0.0425
0 0.24528301886792453 0.5545833333333333 0.03995560488346282 0.034166666666666665
0 0.3246392896781354 0.5925 0.06104328523862375 0.043333333333333335
0 0.3357380688124306 0.5529166666666666 0.038845726970033294 0.030833333333333334
0 0.43507214206437295 0.5583333333333333 0.05327413984461709 0.03333333333333333
0 0.5194228634850167 0.55375 0.05327413984461709 0.0325
0 0.4594894561598224 0.67375 0.10876803551609324 0.0925
0 0.40677025527192007 0.7945833333333333 0.20310765815760268 0.1825
0 0.7264150943396226 0.6066666666666667 0.09433962264150944 0.08
0 0.6281908990011099 0.57 0.06659267480577137 0.055
0 0.6748057713651499 0.5445833333333333 0.042175360710321866 0.04083333333333333
0 0.7264150943396226 0.5516666666666666 0.04772475027746948 0.04
0 0.8401775804661488 0.5466666666666666 0.05549389567147614 0.041666666666666664
0 0.9250832408435072 0.5995833333333334 0.08324084350721421 0.0725
0 0.8718091009988901 0.7225 0.16759156492785793 0.14333333333333334