0 0.14916666666666667 0.7114285714285714 0.14833333333333334 0.30857142857142855
0 0.06916666666666667 0.4942857142857143 0.105 0.18285714285714286
0 0.16666666666666666 0.46714285714285714 0.07666666666666666 0.14
0 0.20583333333333334 0.24571428571428572 0.058333333333333334 0.10285714285714286
0 0.1075 0.37 0.06166666666666667 0.11714285714285715
0 0.10166666666666667 0.2642857142857143 0.05333333333333334 0.10571428571428572
0 0.03166666666666667 0.21142857142857144 0.05333333333333334 0.10857142857142857
0 0.4608333333333333 0.4157142857142857 0.045 0.07714285714285714
0 0.49416666666666664 0.3914285714285714 0.055 0.09714285714285714
0 0.5833333333333334 0.43 0.06333333333333334 0.11142857142857143
0 0.5725 0.39714285714285713 0.041666666666666664 0.08
0 0.6208333333333333 0.39285714285714285 0.045 0.08285714285714285
0 0.6566666666666666 0.38 0.03666666666666667 0.08571428571428572
0 0.7341666666666666 0.5328571428571428 0.08833333333333333 0.16857142857142857
0 0.7391666666666666 0.4228571428571429 0.058333333333333334 0.12
0 0.7625 0.44285714285714284 0.04833333333333333 0.09714285714285714
0 0.8675 0.43857142857142856 0.08833333333333333 0.15714285714285714
0 0.955 0.5842857142857143 0.08666666666666667 0.18
0 0.9591666666666666 0.4042857142857143 0.04833333333333333 0.09428571428571429
0 0.9858333333333333 0.42857142857142855 0.025 0.08571428571428572