0 0.11125 0.445 0.0725 0.11666666666666667
0 0.02875 0.4216666666666667 0.0525 0.07666666666666666
0 0.2625 0.415 0.07 0.09
0 0.21625 0.35 0.0375 0.06666666666666667
0 0.26375 0.35333333333333333 0.0425 0.06
0 0.35375 0.3566666666666667 0.0575 0.08
0 0.32875 0.31166666666666665 0.0375 0.05
0 0.18 0.35833333333333334 0.04 0.06333333333333334
0 0.135 0.36 0.045 0.06666666666666667
0 0.08625 0.3283333333333333 0.0325 0.05
0 0.06375 0.2633333333333333 0.0325 0.03333333333333333
0 0.0825 0.21333333333333335 0.025 0.03333333333333333
0 0.03 0.30833333333333335 0.02 0.03666666666666667
0 0.05875 0.32666666666666666 0.0275 0.04666666666666667
0 0.11125 0.305 0.0225 0.043333333333333335
0 0.10375 0.27666666666666667 0.0275 0.04
0 0.02125 0.25833333333333336 0.0325 0.03666666666666667
0 0.03375 0.21166666666666667 0.0225 0.03
0 0.18625 0.29333333333333333 0.0275 0.04
0 0.15125 0.27166666666666667 0.0225 0.03666666666666667
0 0.2225 0.265 0.025 0.03
0 0.2425 0.20166666666666666 0.02 0.03
0 0.27625 0.20666666666666667 0.0175 0.02666666666666667
0 0.275 0.27666666666666667 0.025 0.04
0 0.27 0.30666666666666664 0.025 0.04666666666666667
0 0.325 0.27 0.03 0.04
0 0.335 0.19166666666666668 0.02 0.03666666666666667
0 0.32125 0.20333333333333334 0.0175 0.03333333333333333
0 0.37375 0.20333333333333334 0.0225 0.03333333333333333
0 0.40375 0.19 0.0225 0.04
0 0.44 0.3433333333333333 0.045 0.08
0 0.42875 0.30333333333333334 0.0275 0.04666666666666667
0 0.39625 0.305 0.0325 0.05
0 0.3925 0.26 0.03 0.04666666666666667
0 0.43 0.25166666666666665 0.03 0.043333333333333335
0 0.44875 0.26 0.0275 0.04
0 0.47875 0.28 0.0275 0.04666666666666667
0 0.50625 0.31833333333333336 0.0375 0.07
0 0.51625 0.26666666666666666 0.0275 0.04666666666666667
0 0.48125 0.18166666666666667 0.0225 0.03666666666666667
0 0.4375 0.2 0.025 0.04
0 0.53625 0.24166666666666667 0.0275 0.043333333333333335
0 0.55 0.2866666666666667 0.025 0.05333333333333334
0 0.54375 0.175 0.0275 0.043333333333333335
0 0.5775 0.2 0.025 0.03333333333333333
0 0.6025 0.20333333333333334 0.025 0.04
0 0.5875 0.25 0.035 0.04666666666666667
0 0.585 0.3 0.035 0.05333333333333334
0 0.63 0.28 0.04 0.05333333333333334
0 0.64875 0.265 0.0325 0.056666666666666664
0 0.66375 0.23666666666666666 0.0275 0.04
0 0.645 0.17166666666666666 0.025 0.03666666666666667
0 0.6925 0.25166666666666665 0.02 0.043333333333333335
0 0.715 0.23666666666666666 0.025 0.04
0 0.71375 0.17666666666666667 0.0225 0.03333333333333333
0 0.755 0.17833333333333334 0.025 0.03
0 0.56 0.5933333333333334 0.105 0.16666666666666666
0 0.69 0.48 0.07 0.11333333333333333
0 0.7375 0.57 0.115 0.18666666666666668
0 0.79875 0.465 0.0875 0.13
0 0.70125 0.4033333333333333 0.0925 0.09333333333333334
0 0.75 0.345 0.055 0.07666666666666666
0 0.825 0.345 0.045 0.09
0 0.865 0.37 0.07 0.1
0 0.9125 0.36333333333333334 0.045 0.08
0 0.97625 0.5633333333333334 0.0425 0.16666666666666666
0 0.9775 0.45166666666666666 0.04 0.11666666666666667
0 0.9175 0.305 0.04 0.06333333333333334
0 0.95125 0.30666666666666664 0.0325 0.06666666666666667
0 0.965 0.27166666666666667 0.035 0.056666666666666664
0 0.9875 0.24166666666666667 0.015 0.043333333333333335
0 0.96875 0.22166666666666668 0.0225 0.043333333333333335
0 0.9225 0.25666666666666665 0.03 0.04
0 0.88875 0.2783333333333333 0.0325 0.06333333333333334
0 0.85 0.27166666666666667 0.035 0.06333333333333334
0 0.82125 0.18666666666666668 0.0325 0.04666666666666667
0 0.87875 0.17333333333333334 0.0225 0.04
0 0.935 0.17833333333333334 0.02 0.03666666666666667