0 0.12307692307692308 0.21593533487297922 0.08307692307692308 0.12240184757505773
0 0.07384615384615385 0.42609699769053117 0.055384615384615386 0.09006928406466513
0 0.32076923076923075 0.4214780600461894 0.047692307692307694 0.07621247113163972
0 0.2946153846153846 0.41916859122401845 0.04153846153846154 0.07621247113163972
0 0.3869230769230769 0.384526558891455 0.04153846153846154 0.08083140877598152
0 0.4723076923076923 0.4907621247113164 0.08 0.12240184757505773
0 0.5053846153846154 0.384526558891455 0.047692307692307694 0.08083140877598152
0 0.5676923076923077 0.39376443418013857 0.052307692307692305 0.07159353348729793
0 0.573076923076923 0.5254041570438799 0.11846153846153847 0.18244803695150116
0 0.67 0.4237875288683603 0.05692307692307692 0.10854503464203233
0 0.7176923076923077 0.4122401847575058 0.047692307692307694 0.07159353348729793
0 0.6715384615384615 0.2840646651270208 0.038461538461538464 0.06466512702078522
0 0.8407692307692308 0.640877598152425 0.1123076923076923 0.19168591224018475
0 0.8923076923076924 0.5565819861431871 0.09538461538461539 0.16166281755196305
0 0.93 0.46882217090069284 0.06923076923076923 0.10623556581986143
0 0.9 0.3972286374133949 0.06153846153846154 0.09237875288683603