0 0.09888888888888889 0.37333333333333335 0.09111111111111111 0.16666666666666666
0 0.22444444444444445 0.32 0.044444444444444446 0.06666666666666667
0 0.2922222222222222 0.33666666666666667 0.042222222222222223 0.08
0 0.37333333333333335 0.32166666666666666 0.03111111111111111 0.07
0 0.3433333333333333 0.325 0.03333333333333333 0.056666666666666664
0 0.4 0.32166666666666666 0.035555555555555556 0.06333333333333334
0 0.4677777777777778 0.29833333333333334 0.028888888888888888 0.05
0 0.6422222222222222 0.355 0.044444444444444446 0.08333333333333333
0 0.7266666666666667 0.5583333333333333 0.04888888888888889 0.08333333333333333
0 0.5 0.5 0.044444444444444446 0.06666666666666667
0 0.38666666666666666 0.525 0.05333333333333334 0.08333333333333333
0 0.26 0.5483333333333333 0.05333333333333334 0.07666666666666666
0 0.7366666666666667 0.47 0.024444444444444446 0.04666666666666667
0 0.76 0.45166666666666666 0.017777777777777778 0.03666666666666667
0 0.79 0.37833333333333335 0.024444444444444446 0.05
0 0.8577777777777778 0.35833333333333334 0.04 0.09666666666666666
0 0.8522222222222222 0.47833333333333333 0.11777777777777777 0.17
0 0.9688888888888889 0.6483333333333333 0.057777777777777775 0.10333333333333333