0 0.06660039761431412 0.6311787072243346 0.06560636182902585 0.13688212927756654
0 0.15606361829025844 0.7034220532319392 0.073558648111332 0.1596958174904943
0 0.25944333996023855 0.2338403041825095 0.09343936381709742 0.20152091254752852
0 0.3648111332007952 0.5817490494296578 0.05765407554671968 0.11406844106463879
0 0.4115308151093439 0.6387832699619772 0.05964214711729622 0.13688212927756654
0 0.2514910536779324 0.9296577946768061 0.11332007952286283 0.13307984790874525
0 0.5149105367793241 0.8041825095057035 0.09940357852882704 0.1634980988593156
0 0.4731610337972167 0.5399239543726235 0.04771371769383698 0.10646387832699619
0 0.5834990059642147 0.5760456273764258 0.04970178926441352 0.10266159695817491
0 0.5725646123260437 0.4923954372623574 0.04771371769383698 0.08745247148288973
0 0.6451292246520874 0.532319391634981 0.04572564612326044 0.10646387832699619
0 0.6749502982107356 0.5019011406844106 0.041749502982107355 0.09125475285171103
0 0.7027833001988072 0.6463878326996197 0.08548707753479125 0.1520912547528517
0 0.7246520874751491 0.811787072243346 0.11332007952286283 0.20912547528517111
0 0.7932405566600398 0.6958174904942965 0.07157057654075547 0.18250950570342206
0 0.8240556660039762 0.6216730038022814 0.05765407554671968 0.12547528517110265
0 0.8518886679920478 0.5703422053231939 0.041749502982107355 0.10646387832699619
0 0.7892644135188867 0.48859315589353614 0.039761431411530816 0.08745247148288973
0 0.7375745526838966 0.5057034220532319 0.03578528827037773 0.09125475285171103
0 0.9095427435387674 0.6768060836501901 0.06958250497017893 0.13688212927756654
0 0.9552683896620279 0.6178707224334601 0.04572564612326044 0.10266159695817491
0 0.9135188866799204 0.5532319391634981 0.04970178926441352 0.08745247148288973