0 0.9275 0.4001883239171375 0.045 0.0847457627118644
0 0.969375 0.3182674199623352 0.03375 0.05273069679849341
0 0.870625 0.3239171374764595 0.03125 0.04143126177024482
0 0.81875 0.4472693032015066 0.055 0.07721280602636535
0 0.638125 0.5037664783427496 0.06125 0.096045197740113
0 0.625 0.4331450094161959 0.0425 0.064030131826742
0 0.673125 0.3898305084745763 0.03125 0.060263653483992465
0 0.63375 0.3483992467043315 0.0225 0.04519774011299435
0 0.583125 0.4096045197740113 0.03125 0.04331450094161959
0 0.584375 0.3606403013182674 0.01875 0.03954802259887006
0 0.7275 0.3700564971751412 0.025 0.04331450094161959
0 0.750625 0.3531073446327684 0.01875 0.02824858757062147
0 0.765 0.3286252354048964 0.02 0.035781544256120526
0 0.711875 0.3465160075329567 0.01875 0.03389830508474576
0 0.70625 0.3229755178907721 0.0275 0.035781544256120526
0 0.68125 0.3540489642184557 0.02 0.04519774011299435
0 0.51125 0.2787193973634652 0.0175 0.026365348399246705
0 0.398125 0.3954802259887006 0.02125 0.030131826741996232
0 0.4675 0.2947269303201507 0.015 0.02448210922787194
0 0.449375 0.2947269303201507 0.01625 0.02071563088512241
0 0.420625 0.3097928436911488 0.01875 0.02071563088512241
0 0.423125 0.2777777777777778 0.01375 0.01694915254237288
0 0.396875 0.2909604519774011 0.01375 0.01694915254237288
0 0.373125 0.2862523540489642 0.01375 0.022598870056497175
0 0.373125 0.3097928436911488 0.01625 0.02824858757062147
0 0.35875 0.3286252354048964 0.02 0.02448210922787194
0 0.34375 0.2994350282485876 0.02 0.030131826741996232
0 0.328125 0.2645951035781544 0.01375 0.02071563088512241
0 0.29875 0.2645951035781544 0.0175 0.02071563088512241
0 0.31 0.3097928436911488 0.0225 0.032015065913371
0 0.278125 0.32015065913371 0.02125 0.026365348399246705
0 0.27125 0.2693032015065913 0.015 0.026365348399246705
0 0.235625 0.2834274952919021 0.01875 0.02824858757062147
0 0.20375 0.2909604519774011 0.0175 0.02448210922787194
0 0.20375 0.2504708097928437 0.02 0.026365348399246705
0 0.17 0.2580037664783427 0.02 0.022598870056497175
0 0.1 0.2580037664783427 0.0225 0.03389830508474576
0 0.141875 0.2711864406779661 0.01875 0.03389830508474576
0 0.078125 0.22033898305084745 0.01625 0.022598870056497175
0 0.02375 0.2278719397363465 0.02 0.030131826741996232
0 0.040625 0.2815442561205273 0.01875 0.02824858757062147
0 0.126875 0.6214689265536724 0.09125 0.128060263653484
0 0.21625 0.4595103578154426 0.0375 0.05273069679849341
0 0.275 0.4444444444444444 0.0325 0.060263653483992465
0 0.30625 0.4453860640301318 0.0475 0.07721280602636535
0 0.346875 0.4849340866290019 0.03125 0.05084745762711865
0 0.33875 0.384180790960452 0.02 0.03389830508474576
0 0.2725 0.3662900188323917 0.02 0.035781544256120526
0 0.23125 0.3314500941619586 0.0275 0.03766478342749529
0 0.1625 0.4265536723163842 0.03 0.05084745762711865
0 0.138125 0.371939736346516 0.02875 0.04331450094161959
0 0.120625 0.2975517890772128 0.02375 0.030131826741996232
0 0.09125 0.3154425612052731 0.025 0.04331450094161959
0 0.11375 0.4124293785310734 0.0225 0.03766478342749529
0 0.05625 0.4397363465160075 0.045 0.054613935969868174
0 0.056875 0.4962335216572505 0.05375 0.062146892655367235
0 0.0275 0.6148775894538606 0.0525 0.14124293785310735
0 0.015625 0.3766478342749529 0.02625 0.04519774011299435
0 0.0225 0.3512241054613936 0.0325 0.04331450094161959