0 0.1287037037037037 0.14345403899721448 0.046296296296296294 0.0807799442896936
0 0.1638888888888889 0.19498607242339833 0.053703703703703705 0.08356545961002786
0 0.1824074074074074 0.3328690807799443 0.05 0.07520891364902507
0 0.29074074074074074 0.3342618384401114 0.06666666666666667 0.116991643454039
0 0.38981481481481484 0.3551532033426184 0.06111111111111111 0.10306406685236769
0 0.30185185185185187 0.11977715877437325 0.044444444444444446 0.08356545961002786
0 0.43796296296296294 0.12256267409470752 0.046296296296296294 0.08356545961002786
0 0.43703703703703706 0.24930362116991645 0.044444444444444446 0.0807799442896936
0 0.4046296296296296 0.2214484679665738 0.05 0.09749303621169916
0 0.5370370370370371 0.11559888579387187 0.044444444444444446 0.08635097493036212
0 0.6907407407407408 0.16852367688022285 0.044444444444444446 0.08635097493036212
0 0.674074074074074 0.10724233983286909 0.044444444444444446 0.07520891364902507
0 0.7953703703703704 0.07938718662952646 0.053703703703703705 0.08635097493036212
0 0.8361111111111111 0.2604456824512535 0.046296296296296294 0.0807799442896936
0 0.7064814814814815 0.3816155988857939 0.046296296296296294 0.08913649025069638
0 0.9629629629629629 0.30919220055710306 0.05555555555555555 0.11142061281337047
0 0.9222222222222223 0.12813370473537605 0.040740740740740744 0.07799442896935933