0 0.27 0.5558333333333333 0.16666666666666666 0.30833333333333335
0 0.20055555555555554 0.3125 0.08777777777777777 0.155
0 0.15166666666666667 0.2708333333333333 0.06333333333333334 0.10833333333333334
0 0.04111111111111111 0.29833333333333334 0.05555555555555555 0.10333333333333333
0 0.3038888888888889 0.24583333333333332 0.04111111111111111 0.07833333333333334
0 0.36833333333333335 0.30916666666666665 0.07222222222222222 0.125
0 0.39555555555555555 0.205 0.042222222222222223 0.09
0 0.49277777777777776 0.2275 0.04555555555555556 0.095
0 0.5383333333333333 0.38333333333333336 0.13666666666666666 0.23666666666666666
0 0.5277777777777778 0.20333333333333334 0.04666666666666667 0.07
0 0.5805555555555556 0.22083333333333333 0.04111111111111111 0.085
0 0.6111111111111112 0.16166666666666665 0.028888888888888888 0.06
0 0.6805555555555556 0.2325 0.06333333333333334 0.115
0 0.6622222222222223 0.17333333333333334 0.051111111111111114 0.08333333333333333
0 0.7505555555555555 0.32666666666666666 0.11222222222222222 0.19
0 0.7655555555555555 0.19416666666666665 0.05555555555555555 0.08833333333333333
0 0.8661111111111112 0.18666666666666668 0.056666666666666664 0.08
0 0.9572222222222222 0.22583333333333333 0.08333333333333333 0.15166666666666667
0 0.9194444444444444 0.16 0.03888888888888889 0.07
0 0.7516666666666667 0.15 0.034444444444444444 0.05