0 0.043389484430832057 0.687102633969119 0.07350689127105667 0.13896457765667575
0 0.19576314446145993 0.592188919164396 0.0444104134762634 0.09264305177111716
0 0.2299642674834099 0.6734786557674841 0.0638080653394589 0.11898274296094459
0 0.25957120980091886 0.5435967302452316 0.042368555385400714 0.08083560399636694
0 0.3052577845839714 0.5118074477747502 0.03573251659009699 0.06085376930063579
0 0.3208269525267994 0.6008174386920981 0.043389484430832057 0.1044504995458674
0 0.3616641143440531 0.5554041780199819 0.030117406840224605 0.0681198910081744
0 0.3930576824910669 0.5208900999091735 0.026544155181214904 0.05722070844686648
0 0.40505359877488517 0.4913714804722979 0.026033690658499236 0.05994550408719346
0 0.39663093415007655 0.4695731153496821 0.022460438999489536 0.045413260672116255
0 0.41858090862685043 0.4445958219800182 0.02450229709035222 0.053587647593097185
0 0.5696784073506891 0.5944595821980018 0.04185809086268504 0.0971843778383288
0 0.6276161306789179 0.7111716621253406 0.061766207248596224 0.1307901907356948
0 0.5834609494640123 0.5572207084468664 0.030627871362940276 0.053587647593097185
0 0.5492598264420623 0.5204359673024523 0.02450229709035222 0.05812897366030881
0 0.5364982133741705 0.5104450499545867 0.021439509954058193 0.04904632152588556
0 0.5964777947932619 0.48365122615803813 0.019908116385911178 0.04087193460490463
0 0.6089841755997958 0.5063578564940963 0.025523226135783564 0.049954586739327886
0 0.633486472690148 0.5217983651226158 0.026544155181214904 0.06085376930063579
0 0.6602858601327207 0.5495004541326067 0.034201123021949976 0.06721162579473206
0 0.697294538029607 0.5967302452316077 0.045941807044410414 0.09809264305177112
0 0.7879019908116386 0.6966394187102634 0.07299642674834099 0.14895549500454133
0 0.743746809596733 0.5040871934604905 0.027565084226646247 0.05267938237965486
0 0.776416539050536 0.5231607629427792 0.025523226135783564 0.061762034514078114
0 0.7843287391526289 0.4818346957311535 0.019908116385911178 0.048138056312443236
0 0.8134252169474222 0.5036330608537694 0.02909647779479326 0.05903723887375113
0 0.857069933639612 0.5608537693006358 0.03471158754466565 0.07175295186194369
0 0.8644716692189893 0.5186194368755677 0.034201123021949976 0.05449591280653951
0 0.919346605410924 0.5118074477747502 0.02858601327207759 0.07175295186194369
0 0.942572741194487 0.5481380563124433 0.03828483920367534 0.07901907356948229
0 0.9777947932618682 0.6335149863760218 0.043389484430832057 0.10263396911898275
0 0.9854517611026034 0.49318801089918257 0.02807554874936192 0.05631244323342416
0 0.9272588055130169 0.48274296094459584 0.021949974476773864 0.03905540417801998