0 0.16292974588938713 0.37250996015936255 0.03288490284005979 0.06772908366533864
0 0.20328849028400597 0.36752988047808766 0.03886397608370702 0.053784860557768925
0 0.2384155455904335 0.350597609561753 0.04035874439461883 0.055776892430278883
0 0.4155455904334828 0.5617529880478087 0.11061285500747384 0.16733067729083664
0 0.3662182361733931 0.4551792828685259 0.07772795216741404 0.11354581673306773
0 0.4334828101644245 0.41434262948207173 0.06278026905829596 0.0796812749003984
0 0.34977578475336324 0.37350597609561753 0.04484304932735426 0.05776892430278884
0 0.5657698056801196 0.36254980079681276 0.0343796711509716 0.05179282868525897
0 0.5949177877428998 0.3954183266932271 0.04484304932735426 0.07768924302788845
0 0.6345291479820628 0.4033864541832669 0.05530642750373692 0.0697211155378486
0 0.6270553064275037 0.4442231075697211 0.04633781763826607 0.07569721115537849
0 0.6704035874439462 0.45617529880478086 0.05530642750373692 0.099601593625498
0 0.7115097159940209 0.48406374501992033 0.07473841554559044 0.11952191235059761
0 0.7047832585949177 0.6254980079681275 0.15695067264573992 0.1952191235059761
0 0.7840059790732437 0.5707171314741036 0.10911808669656203 0.15338645418326693