0 0.1015625 0.3489583333333333 0.1140625 0.17708333333333334
0 0.173828125 0.2604166666666667 0.05546875 0.0875
0 0.24375 0.28072916666666664 0.0625 0.096875
0 0.3515625 0.23645833333333333 0.0390625 0.06875
0 0.401171875 0.409375 0.13515625 0.20625
0 0.45078125 0.2609375 0.04375 0.078125
0 0.51484375 0.2791666666666667 0.078125 0.11875
0 0.566015625 0.32916666666666666 0.07421875 0.12083333333333333
0 0.64140625 0.4401041666666667 0.15 0.228125
0 0.619921875 0.24947916666666667 0.03671875 0.06145833333333333
0 0.67265625 0.25625 0.0515625 0.07708333333333334
0 0.754296875 0.2989583333333333 0.08671875 0.13958333333333334
0 0.83828125 0.2947916666666667 0.0515625 0.09375
0 0.96328125 0.26510416666666664 0.05625 0.103125
0 0.9484375 0.5604166666666667 0.1015625 0.2375