0 0.06942688579856722 0.7880452880452881 0.10598398651495997 0.19080919080919082
0 0.12884534344711335 0.6681651681651681 0.08997050147492626 0.14885114885114886
0 0.26464391066160975 0.6303696303696303 0.07796038769490098 0.14185814185814186
0 0.3089970501474926 0.7942057942057942 0.1763590391908976 0.2564102564102564
0 0.3935946059839865 0.7647352647352648 0.11378002528445007 0.17082917082917082
0 0.39043404972608514 0.6493506493506493 0.09608091024020228 0.14652014652014653
0 0.44627054361567636 0.6192141192141192 0.07163927517909818 0.15551115551115552
0 0.6341129372102824 0.37445887445887444 0.05962916139907291 0.11888111888111888
0 0.6485461441213654 0.6375291375291375 0.07711757269279393 0.1322011322011322
0 0.6921618204804045 0.6786546786546787 0.09270965023177413 0.12121212121212122
0 0.6812052254530131 0.7735597735597736 0.10029498525073746 0.1864801864801865
0 0.8632532659081331 0.6655011655011654 0.07585335018963338 0.12753912753912755
0 0.8954909397387274 0.6874791874791875 0.07248209018120523 0.12554112554112554
0 0.9611251580278128 0.7044622044622044 0.07732827644332069 0.22344322344322345