0 0.14296875 0.24444444444444444 0.0859375 0.18888888888888888
0 0.234375 0.13194444444444445 0.06875 0.1361111111111111
0 0.33046875 0.4513888888888889 0.1359375 0.2972222222222222
0 0.41171875 0.24305555555555555 0.1015625 0.19166666666666668
0 0.46171875 0.14166666666666666 0.0546875 0.12777777777777777
0 0.5109375 0.05138888888888889 0.053125 0.09722222222222222
0 0.63046875 0.1375 0.0546875 0.1527777777777778
0 0.603125 0.46111111111111114 0.109375 0.2722222222222222
0 0.69375 0.25833333333333336 0.0875 0.17222222222222222
0 0.6875 0.058333333333333334 0.053125 0.09444444444444444
0 0.87578125 0.13194444444444445 0.0734375 0.14166666666666666