0 0.138 0.21466666666666667 0.14 0.20533333333333334
0 0.286 0.4266666666666667 0.056 0.09066666666666667
0 0.315 0.36666666666666664 0.034 0.056
0 0.293 0.33866666666666667 0.026 0.042666666666666665
0 0.385 0.324 0.03 0.050666666666666665
0 0.39 0.4093333333333333 0.048 0.08266666666666667
0 0.447 0.4226666666666667 0.054 0.07733333333333334
0 0.453 0.332 0.026 0.04
0 0.519 0.476 0.066 0.10933333333333334
0 0.514 0.396 0.04 0.06133333333333333
0 0.552 0.37866666666666665 0.04 0.05333333333333334
0 0.532 0.3333333333333333 0.028 0.048
0 0.659 0.48933333333333334 0.07 0.09333333333333334
0 0.625 0.41733333333333333 0.054 0.08266666666666667
0 0.654 0.396 0.048 0.072
0 0.651 0.3253333333333333 0.026 0.048
0 0.726 0.3293333333333333 0.024 0.04
0 0.766 0.41333333333333333 0.044 0.064
0 0.762 0.552 0.096 0.128
0 0.891 0.4693333333333333 0.082 0.10133333333333333
0 0.787 0.38666666666666666 0.034 0.048
0 0.768 0.34933333333333333 0.032 0.048
0 0.813 0.33066666666666666 0.03 0.048
0 0.875 0.36933333333333335 0.042 0.06133333333333333
0 0.953 0.3933333333333333 0.05 0.072
0 0.915 0.3466666666666667 0.026 0.048