0 0.11959876543209877 0.6116803278688525 0.08179012345679013 0.0942622950819672
0 0.022376543209876542 0.5576331967213115 0.041666666666666664 0.07735655737704918
0 0.2864583333333333 0.5704405737704918 0.03279320987654321 0.04047131147540984
0 0.3541666666666667 0.46900614754098363 0.033179012345679014 0.05584016393442623
0 0.36766975308641975 0.5965676229508197 0.0470679012345679 0.08043032786885246
0 0.3966049382716049 0.7628073770491803 0.19212962962962962 0.25614754098360654
0 0.45601851851851855 0.5873463114754098 0.043209876543209874 0.07428278688524591
0 0.47820216049382713 0.5778688524590164 0.03356481481481482 0.05327868852459016
0 0.5108024691358025 0.5876024590163934 0.04089506172839506 0.0584016393442623
0 0.6502700617283951 0.6365266393442623 0.050540123456790126 0.07428278688524591
0 0.7260802469135802 0.608094262295082 0.043209876543209874 0.06557377049180328
0 0.7123842592592593 0.592469262295082 0.02816358024691358 0.04047131147540984
0 0.5974151234567902 0.5151127049180327 0.02507716049382716 0.04047131147540984
0 0.8096064814814815 0.610655737704918 0.027391975308641976 0.04405737704918033
0 0.8234953703703703 0.5945184426229508 0.02662037037037037 0.038422131147540985
0 0.8420138888888888 0.6370389344262295 0.05131172839506173 0.07325819672131148
0 0.9185956790123457 0.6895491803278688 0.11651234567901235 0.14344262295081966
0 0.8726851851851852 0.6226946721311475 0.047839506172839504 0.06608606557377049