0 0.17168141592920355 0.43862275449101795 0.049557522123893805 0.08682634730538923
0 0.22566371681415928 0.6616766467065869 0.12920353982300886 0.23952095808383234
0 0.268141592920354 0.4535928143712575 0.047787610619469026 0.08682634730538923
0 0.46017699115044247 0.5254491017964071 0.06725663716814159 0.12275449101796407
0 0.4433628318584071 0.4655688622754491 0.04424778761061947 0.0748502994011976
0 0.49380530973451325 0.36676646706586824 0.04247787610619469 0.0748502994011976
0 0.5964601769911504 0.5389221556886228 0.06725663716814159 0.12574850299401197
0 0.6221238938053097 0.49101796407185627 0.047787610619469026 0.10179640718562874
0 0.7380530973451327 0.4940119760479042 0.049557522123893805 0.08982035928143713
0 0.8035398230088495 0.2994011976047904 0.035398230088495575 0.0718562874251497
0 0.915929203539823 0.2844311377245509 0.05132743362831858 0.08383233532934131