0 0.16738351254480285 0.7901554404145078 0.07526881720430108 0.14507772020725387
0 0.2537634408602151 0.6534974093264249 0.06738351254480286 0.13601036269430053
0 0.25053763440860216 0.4268134715025907 0.03942652329749104 0.07124352331606218
0 0.18566308243727597 0.37305699481865284 0.032974910394265235 0.06735751295336788
0 0.07634408602150537 0.4896373056994819 0.055197132616487454 0.11139896373056994
0 0.07921146953405019 0.3950777202072539 0.04516129032258064 0.08808290155440414
0 0.21039426523297491 0.35751295336787564 0.02795698924731183 0.06476683937823834
0 0.221505376344086 0.3322538860103627 0.02724014336917563 0.04533678756476684
0 0.25949820788530464 0.3238341968911917 0.024372759856630826 0.04922279792746114
0 0.3053763440860215 0.3387305699481865 0.025806451612903226 0.042746113989637305
0 0.3204301075268817 0.31088082901554404 0.01863799283154122 0.038860103626943004
0 0.3254480286738351 0.4650259067357513 0.035842293906810034 0.08031088082901554
0 0.3387096774193548 0.4326424870466321 0.026523297491039426 0.05699481865284974
0 0.36308243727598566 0.5492227979274611 0.056630824372759854 0.10362694300518134
0 0.41397849462365593 0.6353626943005182 0.056630824372759854 0.12305699481865284
0 0.41792114695340504 0.7558290155440415 0.07025089605734768 0.16709844559585493
0 0.5351254480286738 0.663860103626943 0.07526881720430108 0.16191709844559585
0 0.4906810035842294 0.43911917098445596 0.05089605734767025 0.10880829015544041
0 0.4344086021505376 0.3963730569948187 0.03870967741935484 0.08290155440414508
0 0.414336917562724 0.36593264248704666 0.022939068100358423 0.06088082901554404
0 0.3906810035842294 0.36593264248704666 0.022939068100358423 0.05829015544041451
0 0.3910394265232975 0.3316062176165803 0.023655913978494623 0.04404145077720207
0 0.37060931899641575 0.3477979274611399 0.02007168458781362 0.042746113989637305
0 0.4243727598566308 0.26424870466321243 0.021505376344086023 0.04922279792746114
0 0.4491039426523297 0.25 0.02078853046594982 0.04922279792746114
0 0.5046594982078854 0.32189119170984454 0.01863799283154122 0.04015544041450777
0 0.5204301075268817 0.3322538860103627 0.021505376344086023 0.04533678756476684
0 0.5634408602150538 0.3542746113989637 0.024372759856630826 0.04792746113989637
0 0.592831541218638 0.23186528497409326 0.02724014336917563 0.05958549222797927
0 0.5731182795698925 0.24546632124352333 0.02078853046594982 0.042746113989637305
0 0.6487455197132617 0.25259067357512954 0.031541218637992835 0.05958549222797927
0 0.6405017921146954 0.3873056994818653 0.03369175627240143 0.08031088082901554
0 0.6594982078853047 0.35621761658031087 0.025806451612903226 0.06476683937823834
0 0.6795698924731183 0.40932642487046633 0.03727598566308244 0.08031088082901554
0 0.7304659498207885 0.36852331606217614 0.030107526881720432 0.04792746113989637
0 0.6831541218637993 0.5731865284974094 0.05448028673835126 0.133419689119171
0 0.793189964157706 0.4637305699481865 0.04372759856630824 0.11398963730569948
0 0.860931899641577 0.42940414507772023 0.031541218637992835 0.07383419689119171
0 0.8573476702508961 0.6794041450777202 0.05878136200716846 0.14637305699481865
0 0.9698924731182795 0.6735751295336787 0.05878136200716846 0.13730569948186527
0 0.9838709677419355 0.44365284974093266 0.03082437275985663 0.09196891191709844