0 0.03929570895522388 0.8771067415730337 0.078125 0.13553370786516855
0 0.027635261194029852 0.7003160112359551 0.053404850746268655 0.12745786516853932
0 0.04617537313432836 0.6429073033707865 0.03684701492537314 0.05196629213483146
0 0.059468283582089554 0.6125351123595506 0.03311567164179104 0.04810393258426966
0 0.042094216417910446 0.5610955056179775 0.03474813432835821 0.05337078651685393
0 0.09958022388059702 0.5726825842696629 0.028917910447761194 0.038623595505617975
0 0.10587686567164178 0.5435393258426966 0.03031716417910448 0.0351123595505618
0 0.12091884328358209 0.6012991573033708 0.02728544776119403 0.045997191011235956
0 0.1531016791044776 0.6783707865168539 0.05293843283582089 0.09269662921348315
0 0.16674440298507462 0.6283356741573034 0.03591417910447761 0.06074438202247191
0 0.14307369402985073 0.6330758426966292 0.034281716417910446 0.059691011235955056
0 0.19776119402985073 0.5563553370786517 0.02845149253731343 0.04389044943820225
0 0.19741138059701493 0.5393258426966292 0.021222014925373133 0.0351123595505618
0 0.2170009328358209 0.5753160112359551 0.02728544776119403 0.04529494382022472
0 0.2392723880597015 0.616748595505618 0.030783582089552237 0.05301966292134831
0 0.25291511194029853 0.636060393258427 0.03754664179104478 0.05723314606741573
0 0.25478078358208955 0.6971558988764045 0.06879664179104478 0.1113061797752809
0 0.28777985074626866 0.6339536516853933 0.049440298507462684 0.0684691011235955
0 0.33955223880597013 0.8037219101123596 0.08722014925373134 0.16502808988764045
0 0.4216417910447761 0.8843047752808989 0.1166044776119403 0.1738061797752809
0 0.425839552238806 0.6913623595505618 0.08069029850746269 0.11657303370786516
0 0.32532649253731344 0.516502808988764 0.02658582089552239 0.04424157303370786
0 0.26282649253731344 0.39325842696629215 0.02332089552238806 0.03581460674157303
0 0.3615904850746269 0.534936797752809 0.024953358208955223 0.04037921348314607
0 0.37546641791044777 0.5560042134831461 0.02658582089552239 0.037570224719101125
0 0.41895988805970147 0.5298455056179775 0.02028917910447761 0.03160112359550562
0 0.4312033582089552 0.5370435393258427 0.02005597014925373 0.03616573033707865
0 0.44169776119402987 0.5696980337078652 0.026119402985074626 0.04810393258426966
0 0.5290345149253731 0.6081460674157303 0.037080223880597014 0.054775280898876406
0 0.5185401119402985 0.585498595505618 0.03194962686567164 0.05231741573033708
0 0.4844916044776119 0.5161516853932584 0.02728544776119403 0.033707865168539325
0 0.48950559701492535 0.4887640449438202 0.026119402985074626 0.04353932584269663
0 0.5187733208955224 0.522998595505618 0.025419776119402986 0.04529494382022472
0 0.5384794776119403 0.48490168539325845 0.026119402985074626 0.051264044943820225
0 0.5412779850746269 0.5131671348314607 0.021455223880597014 0.030547752808988762
0 0.5811567164179104 0.5221207865168539 0.026119402985074626 0.04564606741573034
0 0.593633395522388 0.5033356741573034 0.022621268656716417 0.04037921348314607
0 0.6120569029850746 0.6095505617977528 0.045942164179104475 0.08146067415730338
0 0.5944496268656716 0.5837429775280899 0.03451492537313433 0.05933988764044944
0 0.6077425373134329 0.5640800561797753 0.030783582089552237 0.05021067415730337
0 0.5762593283582089 0.7747542134831461 0.07789179104477612 0.12254213483146068
0 0.6669776119402985 0.7851123595505618 0.10914179104477612 0.15941011235955055
0 0.6353777985074627 0.5105337078651685 0.03474813432835821 0.047752808988764044
0 0.6433069029850746 0.4866573033707865 0.030083955223880597 0.03581460674157303
0 0.6649953358208955 0.5521418539325843 0.035680970149253734 0.05372191011235955
0 0.6715251865671642 0.5684691011235955 0.03194962686567164 0.05407303370786517
0 0.7021921641791045 0.6146418539325843 0.051305970149253734 0.10007022471910113
0 0.7312266791044776 0.5696980337078652 0.04081156716417911 0.060042134831460675
0 0.7005597014925373 0.535814606741573 0.03404850746268657 0.042134831460674156
0 0.7023087686567164 0.5107092696629213 0.029617537313432835 0.04459269662921348
0 0.6953125 0.47138342696629215 0.0240205223880597 0.03827247191011236
0 0.7833488805970149 0.5833918539325843 0.05177238805970149 0.07900280898876405
0 0.7497667910447762 0.48753511235955055 0.02332089552238806 0.037570224719101125
0 0.7466184701492538 0.46558988764044945 0.02028917910447761 0.028089887640449437
0 0.7782182835820896 0.46734550561797755 0.02332089552238806 0.0351123595505618
0 0.7954757462686567 0.4566362359550562 0.018190298507462687 0.034058988764044944
0 0.8375699626865671 0.5444171348314607 0.047807835820895525 0.06566011235955056
0 0.8336054104477612 0.5001755617977528 0.02728544776119403 0.04459269662921348
0 0.8407182835820896 0.46734550561797755 0.020988805970149255 0.042134831460674156
0 0.8361707089552238 0.44417134831460675 0.019822761194029852 0.026685393258426966
0 0.8603078358208955 0.46558988764044945 0.020522388059701493 0.030196629213483147
0 0.8734841417910447 0.48753511235955055 0.021688432835820896 0.04950842696629214
0 0.8950559701492538 0.49297752808988765 0.03544776119402985 0.04564606741573034
0 0.8889925373134329 0.4647120786516854 0.02332089552238806 0.033356741573033706
0 0.9070662313432836 0.48560393258426965 0.021688432835820896 0.03932584269662921
0 0.9527751865671642 0.5059691011235955 0.035680970149253734 0.047050561797752806
0 0.9618703358208955 0.5547752808988764 0.03801305970149254 0.0625
0 0.9847248134328358 0.5760182584269663 0.030083955223880597 0.06566011235955056
0 0.9118470149253731 0.5893609550561798 0.052705223880597014 0.07689606741573034
0 0.8660214552238806 0.648876404494382 0.07719216417910447 0.12429775280898876
0 0.9675839552238806 0.4822682584269663 0.024253731343283583 0.034058988764044944
0 0.9738805970149254 0.460498595505618 0.02332089552238806 0.03686797752808989