0 0.0698992443324937 0.46859903381642515 0.07682619647355164 0.14492753623188406
0 0.01322418136020151 0.2608695652173913 0.02392947103274559 0.10144927536231885
0 0.10138539042821158 0.3647342995169082 0.06423173803526448 0.13043478260869565
0 0.1517632241813602 0.35990338164251207 0.0491183879093199 0.13526570048309178
0 0.2506297229219144 0.3007246376811594 0.030226700251889168 0.09420289855072464
0 0.3595717884130982 0.2463768115942029 0.028967254408060455 0.057971014492753624
0 0.3633501259445844 0.3671497584541063 0.04659949622166247 0.0966183574879227
0 0.6303526448362721 0.3285024154589372 0.04408060453400504 0.07246376811594203
0 0.6945843828715366 0.39492753623188404 0.061712846347607056 0.11835748792270531
0 0.7865239294710328 0.3333333333333333 0.04408060453400504 0.10144927536231885
0 0.9527707808564232 0.35628019323671495 0.06423173803526448 0.11835748792270531
0 0.6385390428211587 0.6533816425120773 0.11586901763224182 0.22946859903381642