0 0.227 0.5522151898734177 0.082 0.12974683544303797
0 0.308 0.40189873417721517 0.068 0.10759493670886076
0 0.25 0.3623417721518987 0.052 0.07911392405063292
0 0.273 0.30537974683544306 0.042 0.07911392405063292
0 0.184 0.3876582278481013 0.06 0.09177215189873418
0 0.109 0.2927215189873418 0.062 0.09177215189873418
0 0.036 0.3275316455696203 0.048 0.09177215189873418
0 0.375 0.3401898734177215 0.05 0.0981012658227848
0 0.475 0.4699367088607595 0.102 0.2120253164556962
0 0.467 0.37658227848101267 0.058 0.08860759493670886
0 0.55 0.3322784810126582 0.04 0.06962025316455696
0 0.639 0.3069620253164557 0.038 0.0759493670886076
0 0.701 0.37341772151898733 0.054 0.08860759493670886
0 0.635 0.47151898734177217 0.078 0.12658227848101267
0 0.668 0.6613924050632911 0.096 0.17721518987341772
0 0.917 0.5253164556962026 0.086 0.18354430379746836
0 0.972 0.3860759493670886 0.052 0.0949367088607595
0 0.9 0.3829113924050633 0.056 0.0949367088607595
0 0.814 0.3227848101265823 0.052 0.0949367088607595