0 0.13839285714285715 0.8244047619047619 0.07539682539682539 0.1078042328042328
0 0.1463293650793651 0.9454365079365079 0.12301587301587301 0.1078042328042328
0 0.20386904761904762 0.7767857142857143 0.06845238095238096 0.08664021164021164
0 0.27628968253968256 0.8171296296296297 0.07738095238095238 0.10515873015873016
0 0.3990575396825397 0.83994708994709 0.07390873015873016 0.10317460317460317
0 0.48660714285714285 0.8935185185185185 0.10416666666666667 0.15211640211640212
0 0.5868055555555556 0.7986111111111112 0.09027777777777778 0.12632275132275134
0 0.7100694444444444 0.5363756613756614 0.06597222222222222 0.11507936507936507
0 0.7061011904761905 0.8125 0.07886904761904762 0.09986772486772487
0 0.7309027777777778 0.9232804232804233 0.10466269841269842 0.1349206349206349
0 0.8891369047619048 0.7853835978835979 0.07490079365079365 0.09193121693121693