0 0.09132007233273057 0.7125603864734299 0.10669077757685352 0.14009661835748793
0 0.12477396021699819 0.8840579710144928 0.15913200723327306 0.2028985507246377
0 0.20162748643761302 0.7053140096618358 0.06690777576853527 0.10144927536231885
0 0.2694394213381555 0.6654589371980676 0.05063291139240506 0.07971014492753623
0 0.15732368896925858 0.6642512077294686 0.05063291139240506 0.0821256038647343
0 0.321880650994575 0.711352657004831 0.06871609403254973 0.09903381642512077
0 0.36256781193490056 0.7270531400966184 0.081374321880651 0.0821256038647343
0 0.43309222423146476 0.6727053140096618 0.0705244122965642 0.08454106280193237
0 0.5325497287522604 0.6666666666666666 0.048824593128390596 0.06763285024154589
0 0.6166365280289331 0.782608695652174 0.13381555153707053 0.1642512077294686
0 0.6645569620253164 0.5652173913043478 0.04159132007233273 0.06280193236714976
0 0.8471971066907775 0.6714975845410628 0.05244122965641953 0.06763285024154589
0 0.8236889692585895 0.643719806763285 0.045207956600361664 0.06521739130434782
0 0.7992766726943942 0.6642512077294686 0.05063291139240506 0.06280193236714976
0 0.8933092224231465 0.6739130434782609 0.0433996383363472 0.06763285024154589
0 0.9412296564195298 0.7584541062801933 0.11392405063291139 0.17391304347826086
0 0.3887884267631103 0.8864734299516909 0.30018083182640143 0.21739130434782608