0 0.048 0.5 0.08 0.104
0 0.153 0.432 0.07 0.09066666666666667
0 0.15 0.38533333333333336 0.064 0.072
0 0.122 0.31333333333333335 0.044 0.06666666666666667
0 0.264 0.2986666666666667 0.048 0.058666666666666666
0 0.333 0.2946666666666667 0.038 0.06133333333333333
0 0.29 0.36133333333333334 0.048 0.072
0 0.315 0.4266666666666667 0.07 0.096
0 0.257 0.5693333333333334 0.094 0.136
0 0.371 0.36666666666666664 0.05 0.06666666666666667
0 0.456 0.3973333333333333 0.056 0.07466666666666667
0 0.453 0.3373333333333333 0.042 0.056
0 0.428 0.5053333333333333 0.076 0.12533333333333332
0 0.554 0.5186666666666667 0.084 0.10933333333333334
0 0.592 0.724 0.136 0.19466666666666665
0 0.804 0.5933333333333334 0.116 0.15733333333333333
0 0.692 0.4226666666666667 0.06 0.09333333333333334
0 0.768 0.4106666666666667 0.06 0.08533333333333333
0 0.814 0.4226666666666667 0.044 0.08266666666666667
0 0.756 0.35733333333333334 0.044 0.05333333333333334
0 0.756 0.32666666666666666 0.032 0.050666666666666665
0 0.794 0.328 0.04 0.064
0 0.668 0.31066666666666665 0.032 0.056
0 0.635 0.324 0.038 0.056
0 0.602 0.36666666666666664 0.048 0.06133333333333333
0 0.576 0.336 0.036 0.05333333333333334
0 0.535 0.36133333333333334 0.05 0.072
0 0.901 0.34933333333333333 0.05 0.06933333333333333
0 0.935 0.3453333333333333 0.042 0.072