0 0.38416666666666666 0.225 0.08166666666666667 0.13
0 0.3275 0.73 0.10166666666666667 0.165
0 0.4166666666666667 0.495 0.06666666666666667 0.105
0 0.48333333333333334 0.50875 0.07 0.1275
0 0.5925 0.6625 0.11166666666666666 0.17
0 0.625 0.5325 0.08333333333333333 0.13
0 0.6333333333333333 0.4425 0.04666666666666667 0.075
0 0.5691666666666667 0.36625 0.041666666666666664 0.0625
0 0.5108333333333334 0.365 0.041666666666666664 0.07
0 0.6108333333333333 0.32125 0.035 0.0625
0 0.6608333333333334 0.3175 0.041666666666666664 0.075
0 0.7125 0.42625 0.058333333333333334 0.0875
0 0.7591666666666667 0.37625 0.058333333333333334 0.0925
0 0.8116666666666666 0.33125 0.03666666666666667 0.0525
0 0.7908333333333334 0.3125 0.03166666666666667 0.05
0 0.8716666666666667 0.33 0.03 0.06
0 0.9116666666666666 0.3675 0.03 0.055
0 0.93 0.33875 0.02666666666666667 0.0425