0 0.12454545454545454 0.5994550408719346 0.11818181818181818 0.16893732970027248
0 0.31363636363636366 0.5626702997275205 0.07818181818181819 0.1553133514986376
0 0.3418181818181818 0.40735694822888285 0.05454545454545454 0.09536784741144415
0 0.34454545454545454 0.164850136239782 0.05272727272727273 0.08991825613079019
0 0.4809090909090909 0.4768392370572207 0.06727272727272728 0.11989100817438691
0 0.6472727272727272 0.7615803814713896 0.15636363636363637 0.21525885558583105
0 0.7709090909090909 0.5912806539509536 0.09818181818181818 0.1362397820163488
0 0.6654545454545454 0.35149863760217986 0.04727272727272727 0.07084468664850137
0 0.7245454545454545 0.33651226158038144 0.04181818181818182 0.06267029972752043
0 0.7636363636363637 0.3801089918256131 0.05454545454545454 0.08446866485013624
0 0.82 0.3460490463215259 0.04 0.07629427792915532
0 0.8936363636363637 0.3569482288828338 0.05272727272727273 0.08174386920980926
0 0.9572727272727273 0.4332425068119891 0.07090909090909091 0.1307901907356948