0 0.11170212765957446 0.1 0.11914893617021277 0.17209302325581396
0 0.300531914893617 0.22945736434108527 0.09893617021276596 0.12713178294573643
0 0.20691489361702128 0.2310077519379845 0.022340425531914895 0.040310077519379844
0 0.42925531914893617 0.27054263565891473 0.06489361702127659 0.09767441860465116
0 0.4723404255319149 0.27286821705426356 0.04042553191489362 0.08062015503875969
0 0.5159574468085106 0.2937984496124031 0.0425531914893617 0.07906976744186046
0 0.5569148936170213 0.313953488372093 0.02872340425531915 0.05736434108527132
0 0.5994680851063829 0.32868217054263565 0.030851063829787233 0.06511627906976744
0 0.6659574468085107 0.3387596899224806 0.027659574468085105 0.05426356589147287
0 0.6968085106382979 0.3798449612403101 0.02127659574468085 0.037209302325581395
0 0.7265957446808511 0.386046511627907 0.019148936170212766 0.031007751937984496
0 0.750531914893617 0.39147286821705424 0.018085106382978722 0.03565891472868217
0 0.7680851063829788 0.3953488372093023 0.01702127659574468 0.027906976744186046
0 0.7872340425531915 0.3984496124031008 0.01702127659574468 0.027906976744186046
0 0.9297872340425531 0.2527131782945736 0.05319148936170213 0.06821705426356589