0 0.078 0.6216216216216216 0.048 0.07207207207207207
0 0.057 0.5930930930930931 0.03 0.057057057057057055
0 0.145 0.6036036036036037 0.038 0.06006006006006006
0 0.165 0.5885885885885885 0.022 0.04804804804804805
0 0.397 0.5375375375375375 0.03 0.05405405405405406
0 0.394 0.5825825825825826 0.032 0.06006006006006006
0 0.436 0.6051051051051051 0.04 0.08108108108108109
0 0.474 0.6456456456456456 0.056 0.08408408408408409
0 0.494 0.5675675675675675 0.032 0.04804804804804805
0 0.473 0.46546546546546547 0.022 0.036036036036036036
0 0.555 0.6021021021021021 0.046 0.06906906906906907
0 0.573 0.6996996996996997 0.086 0.14414414414414414
0 0.625 0.6516516516516516 0.058 0.09009009009009009
0 0.659 0.5570570570570571 0.026 0.04504504504504504
0 0.686 0.5735735735735735 0.028 0.042042042042042045
0 0.712 0.5570570570570571 0.024 0.03903903903903904
0 0.77 0.8153153153153153 0.14 0.23123123123123124
0 0.769 0.6891891891891891 0.078 0.12312312312312312
0 0.772 0.5975975975975976 0.048 0.07807807807807808
0 0.786 0.5690690690690691 0.032 0.057057057057057055
0 0.86 0.5540540540540541 0.036 0.05105105105105105
0 0.873 0.6246246246246246 0.05 0.08408408408408409
0 0.895 0.5375375375375375 0.03 0.04804804804804805
0 0.921 0.5645645645645646 0.034 0.05405405405405406
0 0.948 0.6141141141141141 0.052 0.08108108108108109