0 0.06416666666666666 0.3288888888888889 0.035 0.04888888888888889
0 0.095 0.3466666666666667 0.04 0.04888888888888889
0 0.14666666666666667 0.35888888888888887 0.03666666666666667 0.05555555555555555
0 0.18416666666666667 0.37333333333333335 0.045 0.057777777777777775
0 0.2725 0.3488888888888889 0.03166666666666667 0.044444444444444446
0 0.30666666666666664 0.3488888888888889 0.03333333333333333 0.04888888888888889
0 0.3458333333333333 0.3211111111111111 0.021666666666666667 0.03333333333333333
0 0.3775 0.3488888888888889 0.03166666666666667 0.044444444444444446
0 0.3875 0.41 0.06166666666666667 0.08666666666666667
0 0.45166666666666666 0.3466666666666667 0.02666666666666667 0.04
0 0.4741666666666667 0.3477777777777778 0.028333333333333332 0.04666666666666667
0 0.525 0.3233333333333333 0.03 0.04666666666666667
0 0.6483333333333333 0.2722222222222222 0.03666666666666667 0.051111111111111114
0 0.5016666666666667 0.42777777777777776 0.07 0.10444444444444445
0 0.5825 0.3844444444444444 0.041666666666666664 0.07111111111111111
0 0.6716666666666666 0.39 0.05333333333333334 0.07777777777777778
0 0.71 0.35 0.04 0.051111111111111114
0 0.7633333333333333 0.37333333333333335 0.04 0.06222222222222222
0 0.8066666666666666 0.43555555555555553 0.06333333333333334 0.10222222222222223
0 0.8933333333333333 0.4888888888888889 0.11666666666666667 0.16
0 0.905 0.38222222222222224 0.06 0.08444444444444445