0 0.44627659574468087 0.3242811501597444 0.1351063829787234 0.2523961661341853
0 0.33404255319148934 0.36261980830670926 0.05531914893617021 0.08306709265175719
0 0.36914893617021277 0.32028753993610226 0.031914893617021274 0.06230031948881789
0 0.5771276595744681 0.23083067092651757 0.026595744680851064 0.036741214057507986
0 0.6335106382978724 0.2971246006389776 0.015957446808510637 0.02875399361022364
0 0.6457446808510638 0.30431309904153353 0.01702127659574468 0.036741214057507986
0 0.6611702127659574 0.329073482428115 0.02021276595744681 0.04153354632587859
0 0.6851063829787234 0.2707667731629393 0.04893617021276596 0.08146964856230032
0 0.7468085106382979 0.3218849840255591 0.02127659574468085 0.039936102236421724
0 0.7712765957446809 0.3586261980830671 0.02553191489361702 0.0463258785942492
0 0.7978723404255319 0.41373801916932906 0.04042553191489362 0.07028753993610223
0 0.8175531914893617 0.3682108626198083 0.02872340425531915 0.04952076677316294
0 0.8042553191489362 0.3586261980830671 0.019148936170212766 0.0463258785942492
0 0.7930851063829787 0.33466453674121405 0.02021276595744681 0.039936102236421724
0 0.8361702127659575 0.33865814696485624 0.01702127659574468 0.038338658146964855
0 0.8558510638297873 0.36022364217252395 0.02872340425531915 0.04952076677316294
0 0.8670212765957447 0.3354632587859425 0.01702127659574468 0.02875399361022364
0 0.875531914893617 0.3250798722044728 0.01276595744680851 0.027156549520766772
0 0.8957446808510638 0.3753993610223642 0.036170212765957444 0.06389776357827476
0 0.9154255319148936 0.33626198083067094 0.02446808510638298 0.03354632587859425
0 0.9207446808510639 0.36661341853035145 0.02021276595744681 0.039936102236421724
0 0.9356382978723404 0.3330670926517572 0.015957446808510637 0.036741214057507986
0 0.9526595744680851 0.3722044728434505 0.02446808510638298 0.04153354632587859
0 0.9845744680851064 0.36022364217252395 0.022340425531914895 0.04313099041533546
0 0.9845744680851064 0.4225239616613419 0.02872340425531915 0.07188498402555911
0 0.9414893617021277 0.4273162939297125 0.0574468085106383 0.07507987220447285
0 0.8925531914893617 0.43929712460063897 0.04042553191489362 0.07028753993610223