0 0.15892053973013492 0.616 0.07796101949025487 0.056
0 0.2376311844077961 0.5975 0.05547226386806597 0.047
0 0.36656671664167917 0.6315 0.08545727136431784 0.053
0 0.36731634182908546 0.5785 0.06296851574212893 0.041
0 0.35082458770614694 0.6905 0.13493253373313344 0.089
0 0.6806596701649176 0.5935 0.050974512743628186 0.039
0 0.7743628185907047 0.6265 0.06746626686656672 0.049
0 0.8320839580209896 0.5905 0.07796101949025487 0.041
0 0.93928035982009 0.682 0.11544227886056972 0.092
0 0.9475262368815592 0.6295 0.08995502248875563 0.059
0 0.5727136431784108 0.491 0.050974512743628186 0.032