0 0.09375 0.5222222222222223 0.0575 0.08888888888888889
0 0.02625 0.5407407407407407 0.0425 0.08888888888888889
0 0.25625 0.30925925925925923 0.0725 0.14444444444444443
0 0.37875 0.4166666666666667 0.0425 0.06296296296296296
0 0.36625 0.3814814814814815 0.0475 0.06666666666666667
0 0.44875 0.15555555555555556 0.0325 0.07407407407407407
0 0.4775 0.22777777777777777 0.03 0.06296296296296296
0 0.4975 0.21481481481481482 0.03 0.05925925925925926
0 0.53375 0.20925925925925926 0.0325 0.06296296296296296
0 0.56375 0.23148148148148148 0.0275 0.05555555555555555
0 0.5625 0.1962962962962963 0.03 0.05185185185185185
0 0.585 0.2111111111111111 0.025 0.044444444444444446
0 0.62125 0.23333333333333334 0.0425 0.05925925925925926
0 0.6175 0.2037037037037037 0.03 0.037037037037037035
0 0.6175 0.17407407407407408 0.03 0.037037037037037035
0 0.66 0.17592592592592593 0.03 0.04814814814814815
0 0.685 0.2111111111111111 0.03 0.05185185185185185
0 0.66875 0.21851851851851853 0.0275 0.05185185185185185
0 0.455 0.37407407407407406 0.04 0.06666666666666667
0 0.13125 0.9037037037037037 0.1025 0.17777777777777778
0 0.26125 0.9092592592592592 0.1275 0.17407407407407408
0 0.405 0.8685185185185185 0.14 0.24814814814814815
0 0.4725 0.9277777777777778 0.14 0.13703703703703704
0 0.6425 0.8518518518518519 0.14 0.2
0 0.7625 0.9259259259259259 0.145 0.14074074074074075
0 0.9275 0.8962962962962963 0.14 0.18518518518518517
0 0.84625 0.8425925925925926 0.1075 0.15925925925925927
0 0.7825 0.7870370370370371 0.12 0.2037037037037037
0 0.9425 0.7333333333333333 0.1 0.17037037037037037
0 0.84625 0.587037037037037 0.0725 0.09259259259259259
0 0.8925 0.5388888888888889 0.06 0.10740740740740741
0 0.83125 0.5074074074074074 0.0525 0.08148148148148149
0 0.8225 0.4462962962962963 0.055 0.08518518518518518
0 0.79 0.4703703703703704 0.045 0.08148148148148149
0 0.80375 0.4166666666666667 0.0425 0.05555555555555555
0 0.80625 0.37777777777777777 0.0425 0.05925925925925926
0 0.7375 0.4166666666666667 0.045 0.07037037037037037
0 0.7075 0.32407407407407407 0.04 0.05555555555555555
0 0.74625 0.35 0.0475 0.06296296296296296
0 0.78875 0.30925925925925923 0.0475 0.05555555555555555
0 0.8025 0.3537037037037037 0.04 0.05555555555555555
0 0.7475 0.21481481481481482 0.035 0.05925925925925926
0 0.715 0.17777777777777778 0.025 0.05185185185185185
0 0.67375 0.4685185185185185 0.0525 0.09259259259259259
0 0.62125 0.49444444444444446 0.0575 0.09259259259259259
0 0.63625 0.5833333333333334 0.0825 0.1
0 0.5925 0.4722222222222222 0.045 0.08518518518518518
0 0.56375 0.43148148148148147 0.0425 0.07777777777777778
0 0.60375 0.4222222222222222 0.0425 0.06666666666666667
0 0.605 0.3611111111111111 0.04 0.07777777777777778
0 0.56125 0.3888888888888889 0.0375 0.05925925925925926
0 0.56 0.34629629629629627 0.035 0.05555555555555555
0 0.49625 0.3611111111111111 0.0375 0.06296296296296296
0 0.5175 0.35 0.04 0.07037037037037037
0 0.67 0.3648148148148148 0.04 0.07037037037037037
0 0.6025 0.3111111111111111 0.025 0.044444444444444446
0 0.865 0.3296296296296296 0.045 0.07407407407407407
0 0.89125 0.4185185185185185 0.0475 0.0962962962962963
0 0.91625 0.387037037037037 0.0375 0.07037037037037037
0 0.97125 0.24814814814814815 0.0325 0.05925925925925926
0 0.975 0.20185185185185187 0.035 0.06296296296296296
0 0.95125 0.16296296296296298 0.0225 0.044444444444444446
0 0.93 0.16111111111111112 0.03 0.05555555555555555
0 0.91875 0.21296296296296297 0.0425 0.06296296296296296
0 0.85125 0.23148148148148148 0.0425 0.06296296296296296
0 0.82 0.2111111111111111 0.025 0.044444444444444446
0 0.79875 0.25555555555555554 0.0325 0.06666666666666667
0 0.77375 0.19074074074074074 0.0325 0.06296296296296296
0 0.735 0.16111111111111112 0.03 0.05555555555555555
0 0.8 0.14814814814814814 0.03 0.05925925925925926
0 0.82375 0.17222222222222222 0.0275 0.04814814814814815
0 0.85875 0.17962962962962964 0.0275 0.040740740740740744
0 0.8775 0.16296296296296298 0.025 0.044444444444444446
0 0.97875 0.13703703703703704 0.0275 0.05925925925925926