0 0.47696476964769646 0.53125 0.08130081300813008 0.1375
0 0.4010840108401084 0.49375 0.07046070460704607 0.12916666666666668
0 0.1111111111111111 0.3958333333333333 0.06504065040650407 0.09166666666666666
0 0.07723577235772358 0.34791666666666665 0.02981029810298103 0.04583333333333333
0 0.03929539295392954 0.38958333333333334 0.04607046070460705 0.07083333333333333
0 0.04607046070460705 0.3458333333333333 0.032520325203252036 0.05
0 0.13414634146341464 0.3375 0.024390243902439025 0.058333333333333334
0 0.14905149051490515 0.3229166666666667 0.02710027100271003 0.04583333333333333
0 0.16260162601626016 0.3770833333333333 0.037940379403794036 0.07083333333333333
0 0.2046070460704607 0.37916666666666665 0.02981029810298103 0.058333333333333334
0 0.21544715447154472 0.32083333333333336 0.02981029810298103 0.05
0 0.25609756097560976 0.3229166666666667 0.024390243902439025 0.04583333333333333
0 0.2953929539295393 0.40208333333333335 0.04878048780487805 0.07083333333333333
0 0.3333333333333333 0.42083333333333334 0.04336043360433604 0.06666666666666667
0 0.2804878048780488 0.3416666666666667 0.02981029810298103 0.05
0 0.3333333333333333 0.30833333333333335 0.02168021680216802 0.041666666666666664
0 0.3604336043360434 0.31666666666666665 0.02710027100271003 0.03333333333333333
0 0.41192411924119243 0.32916666666666666 0.032520325203252036 0.041666666666666664
0 0.4281842818428184 0.375 0.04336043360433604 0.058333333333333334
0 0.44850948509485095 0.30833333333333335 0.02981029810298103 0.058333333333333334
0 0.489159891598916 0.3729166666666667 0.03523035230352303 0.0625
0 0.508130081300813 0.33958333333333335 0.02981029810298103 0.04583333333333333
0 0.4823848238482385 0.3145833333333333 0.02710027100271003 0.04583333333333333
0 0.4986449864498645 0.29791666666666666 0.02168021680216802 0.0375
0 0.5284552845528455 0.30625 0.02168021680216802 0.0375
0 0.5528455284552846 0.3020833333333333 0.016260162601626018 0.04583333333333333
0 0.5718157181571816 0.36041666666666666 0.037940379403794036 0.0625
0 0.6097560975609756 0.35833333333333334 0.02710027100271003 0.05
0 0.6070460704607046 0.3104166666666667 0.016260162601626018 0.0375
0 0.6436314363143631 0.30625 0.024390243902439025 0.05416666666666667
0 0.6815718157181572 0.3104166666666667 0.018970189701897018 0.04583333333333333
0 0.7046070460704607 0.24375 0.02168021680216802 0.029166666666666667
0 0.5460704607046071 0.45416666666666666 0.056910569105691054 0.09166666666666666
0 0.6246612466124661 0.4354166666666667 0.04607046070460705 0.0875
0 0.6910569105691057 0.4666666666666667 0.05962059620596206 0.1
0 0.7574525745257452 0.5791666666666667 0.08943089430894309 0.175
0 0.8319783197831978 0.5145833333333333 0.06504065040650407 0.12083333333333333
0 0.8861788617886179 0.4354166666666667 0.04878048780487805 0.07916666666666666
0 0.8346883468834688 0.3854166666666667 0.037940379403794036 0.0625
0 0.7872628726287263 0.39375 0.04607046070460705 0.07916666666666666
0 0.7344173441734417 0.35208333333333336 0.02710027100271003 0.04583333333333333
0 0.7086720867208672 0.32916666666666666 0.024390243902439025 0.041666666666666664
0 0.7899728997289973 0.3375 0.024390243902439025 0.05
0 0.7588075880758808 0.3416666666666667 0.02710027100271003 0.05
0 0.8333333333333334 0.35 0.02981029810298103 0.05
0 0.8631436314363143 0.3645833333333333 0.02981029810298103 0.05416666666666667
0 0.8983739837398373 0.36041666666666666 0.024390243902439025 0.04583333333333333
0 0.8970189701897019 0.33541666666666664 0.02168021680216802 0.0375
0 0.962059620596206 0.3854166666666667 0.032520325203252036 0.0625
0 0.967479674796748 0.3375 0.02710027100271003 0.05
0 0.9850948509485095 0.3645833333333333 0.024390243902439025 0.04583333333333333
0 0.9281842818428184 0.36666666666666664 0.024390243902439025 0.058333333333333334