0 0.083 0.467680608365019 0.118 0.2585551330798479
0 0.198 0.3574144486692015 0.08 0.19011406844106463
0 0.166 0.2832699619771863 0.076 0.13307984790874525
0 0.24 0.29277566539923955 0.06 0.12927756653992395
0 0.374 0.2984790874524715 0.048 0.09505703422053231
0 0.475 0.2965779467680608 0.038 0.09125475285171103
0 0.611 0.31749049429657794 0.042 0.09505703422053231
0 0.718 0.344106463878327 0.048 0.12547528517110265
0 0.761 0.279467680608365 0.034 0.07984790874524715
0 0.777 0.34980988593155893 0.062 0.13688212927756654
0 0.876 0.33460076045627374 0.056 0.11406844106463879
0 0.915 0.435361216730038 0.086 0.17110266159695817
0 0.965 0.3650190114068441 0.054 0.11406844106463879