0 0.1162109375 0.446875 0.069921875 0.1
0 0.244140625 0.47994791666666664 0.075 0.1203125
0 0.3173828125 0.3690104166666667 0.047265625 0.08385416666666666
0 0.24609375 0.3299479166666667 0.03671875 0.06197916666666667
0 0.2693359375 0.30078125 0.033984375 0.04635416666666667
0 0.1810546875 0.32526041666666666 0.034765625 0.05677083333333333
0 0.1 0.35651041666666666 0.04375 0.07135416666666666
0 0.043359375 0.3528645833333333 0.03828125 0.06197916666666667
0 0.333203125 0.29583333333333334 0.03359375 0.05
0 0.351171875 0.27578125 0.028125 0.0421875
0 0.4041015625 0.28411458333333334 0.025390625 0.043229166666666666
0 0.41796875 0.26484375 0.021875 0.033854166666666664
0 0.4669921875 0.26536458333333335 0.027734375 0.0390625
0 0.46015625 0.25494791666666666 0.0203125 0.03802083333333333
0 0.507421875 0.26119791666666664 0.021875 0.04114583333333333
0 0.4939453125 0.31015625 0.030859375 0.0609375
0 0.519140625 0.3299479166666667 0.0375 0.0640625
0 0.44609375 0.33619791666666665 0.0375 0.06302083333333333
0 0.4263671875 0.3776041666666667 0.045703125 0.07708333333333334
0 0.5595703125 0.29401041666666666 0.029296875 0.058854166666666666
0 0.5818359375 0.30026041666666664 0.033984375 0.0546875
0 0.6046875 0.2708333333333333 0.02265625 0.04375
0 0.634375 0.2828125 0.03046875 0.052083333333333336
0 0.643359375 0.25234375 0.025 0.0390625
0 0.6787109375 0.26484375 0.024609375 0.0421875
0 0.71171875 0.23828125 0.0234375 0.034895833333333334
0 0.7275390625 0.5247395833333334 0.086328125 0.16927083333333334
0 0.7955078125 0.43645833333333334 0.073828125 0.109375
0 0.8345703125 0.334375 0.043359375 0.08541666666666667
0 0.8556640625 0.2682291666666667 0.033203125 0.057291666666666664
0 0.8712890625 0.24505208333333334 0.026953125 0.0390625
0 0.8748046875 0.27708333333333335 0.021484375 0.04895833333333333
0 0.9427734375 0.25807291666666665 0.026953125 0.043229166666666666
0 0.962890625 0.2911458333333333 0.0390625 0.075