0 0.12036596958174905 0.6701858108108109 0.10622623574144487 0.23986486486486486
0 0.1030180608365019 0.5663006756756757 0.07961026615969581 0.13429054054054054
0 0.08222433460076045 0.42778716216216217 0.039923954372623575 0.08868243243243243
0 0.0992157794676806 0.39928209459459457 0.028754752851711026 0.07052364864864864
0 0.15292300380228138 0.41934121621621623 0.025903041825095056 0.060810810810810814
0 0.1435361216730038 0.3781672297297297 0.02376425855513308 0.04349662162162162
0 0.18227186311787072 0.41490709459459457 0.02994296577946768 0.05954391891891892
0 0.1953422053231939 0.4514358108108108 0.04467680608365019 0.07347972972972973
0 0.2504752851711027 0.40688344594594594 0.029467680608365018 0.05363175675675676
0 0.24738593155893537 0.5160472972972973 0.055133079847908745 0.11570945945945946
0 0.36406844106463876 0.5812922297297297 0.06226235741444867 0.1414695945945946
0 0.4199144486692015 0.6564611486486487 0.10266159695817491 0.18792229729729729
0 0.37000950570342206 0.41047297297297297 0.029467680608365018 0.06841216216216216
0 0.38818916349809884 0.41047297297297297 0.0278041825095057 0.05067567567567568
0 0.406962927756654 0.43665540540540543 0.032081749049429654 0.05827702702702703
0 0.43322243346007605 0.4049831081081081 0.02043726235741445 0.04983108108108108
0 0.4594819391634981 0.44298986486486486 0.03635931558935361 0.060810810810810814
0 0.498574144486692 0.44277871621621623 0.026615969581749048 0.04603040540540541
0 0.5437262357414449 0.46896114864864863 0.03564638783269962 0.078125
0 0.5395674904942965 0.41131756756756754 0.020199619771863117 0.04222972972972973
0 0.5171102661596958 0.41300675675675674 0.019011406844106463 0.03885135135135135
0 0.5534695817490495 0.42103040540540543 0.016159695817490494 0.044763513513513514
0 0.6000475285171103 0.42166385135135137 0.022338403041825095 0.04603040540540541
0 0.6182271863117871 0.5019003378378378 0.03493346007604563 0.07474662162162163
0 0.6149001901140685 0.44721283783783783 0.021625475285171104 0.03969594594594594
0 0.6331986692015209 0.4267314189189189 0.017347908745247147 0.048564189189189186
0 0.6611216730038023 0.4396114864864865 0.02043726235741445 0.04983108108108108
0 0.6760931558935361 0.46199324324324326 0.02376425855513308 0.052364864864864864
0 0.7135218631178707 0.5061233108108109 0.05109315589353612 0.11782094594594594
0 0.7383555133079848 0.46326013513513514 0.025190114068441065 0.05489864864864865
0 0.6901140684410646 0.4222972972972973 0.015209125475285171 0.037162162162162164
0 0.7296815589353612 0.4267314189189189 0.020199619771863117 0.03842905405405406
0 0.7873098859315589 0.48817567567567566 0.040399239543726234 0.07685810810810811
0 0.7817252851711026 0.44277871621621623 0.018298479087452472 0.040962837837837836
0 0.8039448669201521 0.45206925675675674 0.02376425855513308 0.05447635135135135
0 0.7999049429657795 0.558277027027027 0.04182509505703422 0.09543918918918919
0 0.8659695817490495 0.5724239864864865 0.08032319391634982 0.109375
0 0.8382842205323194 0.49978885135135137 0.032081749049429654 0.08065878378378379
0 0.8254515209125475 0.4482685810810811 0.024477186311787073 0.0620777027027027
0 0.8854562737642585 0.4674831081081081 0.028517110266159697 0.0633445945945946
0 0.938569391634981 0.5701013513513513 0.0663022813688213 0.12162162162162163
0 0.9592442965779467 0.5211148648648649 0.04348859315589353 0.0785472972972973
0 0.9896625475285171 0.5181587837837838 0.020199619771863117 0.08277027027027027
0 0.9707699619771863 0.4700168918918919 0.028517110266159697 0.060810810810810814
0 0.9256178707224335 0.46875 0.030893536121673004 0.06587837837837837