0 0.050955414012738856 0.524731182795699 0.050955414012738856 0.06451612903225806
0 0.14012738853503184 0.5129032258064516 0.03821656050955414 0.05806451612903226
0 0.18710191082802546 0.5043010752688172 0.03980891719745223 0.053763440860215055
0 0.21735668789808918 0.5086021505376344 0.030254777070063694 0.04516129032258064
0 0.24203821656050956 0.5182795698924731 0.025477707006369428 0.043010752688172046
0 0.2611464968152866 0.5236559139784946 0.03184713375796178 0.05806451612903226
0 0.2802547770700637 0.543010752688172 0.041401273885350316 0.06236559139784946
0 0.30095541401273884 0.5053763440860215 0.028662420382165606 0.03870967741935484
0 0.339171974522293 0.510752688172043 0.028662420382165606 0.04516129032258064
0 0.34156050955414013 0.5774193548387097 0.0589171974522293 0.08387096774193549
0 0.3781847133757962 0.5301075268817205 0.030254777070063694 0.04946236559139785
0 0.3519108280254777 0.7204301075268817 0.1178343949044586 0.14193548387096774
0 0.42197452229299365 0.5419354838709678 0.03821656050955414 0.047311827956989246
0 0.4307324840764331 0.5129032258064516 0.03343949044585987 0.04086021505376344
0 0.4171974522292994 0.635483870967742 0.07006369426751592 0.09247311827956989
0 0.4872611464968153 0.6612903225806451 0.07006369426751592 0.12258064516129032
0 0.5374203821656051 0.5709677419354838 0.042993630573248405 0.05806451612903226
0 0.5278662420382165 0.535483870967742 0.03662420382165605 0.05161290322580645
0 0.5222929936305732 0.5021505376344086 0.03184713375796178 0.04516129032258064
0 0.4753184713375796 0.5559139784946237 0.03662420382165605 0.05806451612903226
0 0.48009554140127386 0.5204301075268817 0.030254777070063694 0.03870967741935484
0 0.4769108280254777 0.4946236559139785 0.02388535031847134 0.030107526881720432
0 0.5668789808917197 0.510752688172043 0.022292993630573247 0.03225806451612903
0 0.5509554140127388 0.4978494623655914 0.025477707006369428 0.04086021505376344
0 0.5740445859872612 0.5494623655913978 0.030254777070063694 0.05806451612903226
0 0.5955414012738853 0.5935483870967742 0.050955414012738856 0.07311827956989247
0 0.60828025477707 0.543010752688172 0.03503184713375796 0.04516129032258064
0 0.643312101910828 0.5602150537634408 0.044585987261146494 0.07526881720430108
0 0.6393312101910829 0.5161290322580645 0.027070063694267517 0.03870967741935484
0 0.6202229299363057 0.5 0.030254777070063694 0.04086021505376344
0 0.6632165605095541 0.553763440860215 0.027070063694267517 0.053763440860215055
0 0.7101910828025477 0.5182795698924731 0.028662420382165606 0.05161290322580645
0 0.7038216560509554 0.5752688172043011 0.04777070063694268 0.06236559139784946
0 0.714171974522293 0.6387096774193548 0.06210191082802548 0.08602150537634409
0 0.5732484076433121 0.7053763440860215 0.09235668789808917 0.12043010752688173
0 0.8272292993630573 0.7698924731182796 0.12579617834394904 0.16774193548387098
0 0.7619426751592356 0.5408602150537635 0.03343949044585987 0.04516129032258064
0 0.7412420382165605 0.5688172043010753 0.03980891719745223 0.053763440860215055
0 0.8423566878980892 0.5827956989247312 0.03503184713375796 0.047311827956989246
0 0.8367834394904459 0.5580645161290323 0.030254777070063694 0.03655913978494624
0 0.8359872611464968 0.524731182795699 0.03184713375796178 0.043010752688172046
0 0.9116242038216561 0.5526881720430108 0.027070063694267517 0.03870967741935484
0 0.910828025477707 0.6043010752688172 0.03503184713375796 0.05591397849462366
0 0.9410828025477707 0.6451612903225806 0.044585987261146494 0.07311827956989247
0 0.9530254777070064 0.7483870967741936 0.06210191082802548 0.11612903225806452
0 0.9331210191082803 0.5731182795698925 0.03503184713375796 0.04946236559139785