0 0.07333333333333333 0.44611528822055135 0.04666666666666667 0.07518796992481203
0 0.08333333333333333 0.42105263157894735 0.043333333333333335 0.07017543859649122
0 0.16 0.4398496240601504 0.04 0.06265664160401002
0 0.12166666666666667 0.5025062656641605 0.05 0.09273182957393483
0 0.16166666666666665 0.38721804511278196 0.04 0.05263157894736842
0 0.25416666666666665 0.41478696741854637 0.03166666666666667 0.05263157894736842
0 0.355 0.4197994987468672 0.03333333333333333 0.05263157894736842
0 0.4775 0.4323308270676692 0.03166666666666667 0.047619047619047616
0 0.5091666666666667 0.40726817042606517 0.028333333333333332 0.047619047619047616
0 0.47833333333333333 0.36716791979949875 0.03 0.05764411027568922
0 0.5625 0.41604010025062654 0.025 0.045112781954887216
0 0.5791666666666667 0.39974937343358397 0.03166666666666667 0.05263157894736842
0 0.6658333333333334 0.38471177944862156 0.035 0.06265664160401002
0 0.725 0.42857142857142855 0.03 0.06015037593984962
0 0.7758333333333334 0.4223057644110276 0.03833333333333333 0.07268170426065163
0 0.825 0.43734335839599 0.05 0.07769423558897243
0 0.8775 0.44360902255639095 0.051666666666666666 0.08020050125313283
0 0.9441666666666667 0.42857142857142855 0.07166666666666667 0.10025062656641603