0 0.1181640625 0.35651537335285505 0.05859375 0.11566617862371889
0 0.2109375 0.3323572474377745 0.07421875 0.12884333821376281
0 0.34765625 0.43484626647144947 0.1328125 0.24597364568081992
0 0.3447265625 0.31551976573938506 0.041015625 0.0629575402635432
0 0.39794921875 0.3257686676427526 0.0498046875 0.08931185944363104
0 0.48974609375 0.31551976573938506 0.0517578125 0.08345534407027819
0 0.56396484375 0.30600292825768666 0.0380859375 0.08199121522693997
0 0.6416015625 0.33821376281112736 0.083984375 0.1493411420204978
0 0.79541015625 0.35651537335285505 0.1748046875 0.25036603221083453
0 0.939453125 0.3001464128843338 0.06640625 0.12298682284040996
0 0.876953125 0.3579795021961933 0.08203125 0.17423133235724744