0 0.14333333333333334 0.13802083333333334 0.12444444444444444 0.234375
0 0.17 0.7673611111111112 0.19777777777777777 0.3958333333333333
0 0.3711111111111111 0.3541666666666667 0.12222222222222222 0.2465277777777778
0 0.3488888888888889 0.21961805555555555 0.08666666666666667 0.13368055555555555
0 0.4 0.15625 0.07111111111111111 0.1423611111111111
0 0.27055555555555555 0.049479166666666664 0.09222222222222222 0.0954861111111111
0 0.5727777777777778 0.2152777777777778 0.13 0.2534722222222222
0 0.49277777777777776 0.3654513888888889 0.09888888888888889 0.17881944444444445
0 0.6583333333333333 0.10069444444444445 0.07888888888888888 0.16319444444444445
0 0.7966666666666666 0.2170138888888889 0.08888888888888889 0.2013888888888889
0 0.9161111111111111 0.3663194444444444 0.11666666666666667 0.2361111111111111
0 0.7161111111111111 0.7109375 0.21222222222222223 0.4114583333333333