0 0.11474609375 0.1733102253032929 0.0517578125 0.08665511265164645
0 0.30859375 0.3327556325823224 0.02734375 0.045060658578856154
0 0.36572265625 0.33362218370883884 0.0283203125 0.04679376083188908
0 0.4130859375 0.3214904679376083 0.02734375 0.060658578856152515
0 0.4609375 0.3119584055459272 0.025390625 0.06239168110918544
0 0.4931640625 0.32322357019064124 0.025390625 0.05719237435008666
0 0.51611328125 0.24090121317157712 0.0283203125 0.04852686308492201
0 0.53173828125 0.31542461005199307 0.0322265625 0.058925476603119586
0 0.5654296875 0.3275563258232236 0.029296875 0.0658578856152513
0 0.6005859375 0.3327556325823224 0.03125 0.05545927209705372
0 0.6357421875 0.3188908145580589 0.03515625 0.0658578856152513
0 0.59130859375 0.2270363951473137 0.0224609375 0.04852686308492201
0 0.70263671875 0.3466204506065858 0.0439453125 0.08665511265164645
0 0.7626953125 0.3830155979202773 0.048828125 0.09358752166377816
0 0.8017578125 0.43500866551126516 0.064453125 0.11438474870017332
0 0.77734375 0.6949740034662045 0.111328125 0.21837088388214904
0 0.8623046875 0.5649913344887348 0.09375 0.17677642980935876
0 0.8642578125 0.46533795493934144 0.087890625 0.1265164644714038
0 0.81982421875 0.35528596187175043 0.0556640625 0.10398613518197573
0 0.783203125 0.18977469670710573 0.02734375 0.053726169844020795
0 0.8701171875 0.16897746967071056 0.029296875 0.05719237435008666