0 0.09140625 0.38472222222222224 0.0515625 0.09722222222222222
0 0.04765625 0.34444444444444444 0.0359375 0.06666666666666667
0 0.18984375 0.3958333333333333 0.0515625 0.11388888888888889
0 0.16796875 0.3486111111111111 0.0328125 0.058333333333333334
0 0.2328125 0.33055555555555555 0.025 0.05
0 0.2609375 0.37222222222222223 0.040625 0.08333333333333333
0 0.32421875 0.3625 0.0328125 0.08611111111111111
0 0.39296875 0.33611111111111114 0.0390625 0.08333333333333333
0 0.45078125 0.33055555555555555 0.0296875 0.08333333333333333
0 0.44296875 0.5513888888888889 0.1078125 0.18055555555555555
0 0.565625 0.43472222222222223 0.090625 0.21944444444444444
0 0.515625 0.37222222222222223 0.0625 0.14444444444444443
0 0.65703125 0.4166666666666667 0.0671875 0.14444444444444443
0 0.77265625 0.5208333333333334 0.1078125 0.225
0 0.7546875 0.35694444444444445 0.05 0.11944444444444445
0 0.71875 0.35555555555555557 0.025 0.07222222222222222
0 0.80625 0.33611111111111114 0.04375 0.08333333333333333
0 0.9046875 0.4013888888888889 0.0625 0.14166666666666666