0 0.9742857142857143 0.32095238095238093 0.04857142857142857 0.09714285714285714
0 0.8592857142857143 0.2780952380952381 0.06142857142857143 0.09523809523809523
0 0.8578571428571429 0.22857142857142856 0.05 0.0761904761904762
0 0.7442857142857143 0.30857142857142855 0.06285714285714286 0.11047619047619048
0 0.6878571428571428 0.2219047619047619 0.047142857142857146 0.08571428571428572
0 0.5892857142857143 0.2438095238095238 0.055714285714285716 0.09142857142857143
0 0.4878571428571429 0.259047619047619 0.09 0.12571428571428572
0 0.26357142857142857 0.32285714285714284 0.08428571428571428 0.12761904761904763
0 0.2257142857142857 0.2276190476190476 0.06285714285714286 0.09714285714285714
0 0.14214285714285715 0.4095238095238095 0.10142857142857142 0.14095238095238094
0 0.08142857142857143 0.5352380952380953 0.13428571428571429 0.13333333333333333
0 0.11785714285714285 0.6685714285714286 0.15571428571428572 0.19428571428571428
0 0.335 0.8923809523809524 0.1957142857142857 0.18857142857142858