0 0.11958333333333333 0.351875 0.21416666666666667 0.25875
0 0.06458333333333334 0.046875 0.060833333333333336 0.08375
0 0.14458333333333334 0.1975 0.0725 0.105
0 0.25666666666666665 0.213125 0.09833333333333333 0.15875
0 0.39125 0.250625 0.14416666666666667 0.22875
0 0.47291666666666665 0.159375 0.0975 0.14375
0 0.33875 0.08375 0.07083333333333333 0.105
0 0.6854166666666667 0.11625 0.1125 0.2025
0 0.8141666666666667 0.3125 0.21 0.3525
0 0.9291666666666667 0.14375 0.14 0.2475
0 0.4583333333333333 0.025625 0.043333333333333335 0.04625