0 0.0846590909090909 0.6535836177474402 0.0715909090909091 0.10580204778156997
0 0.07102272727272728 0.6151877133105802 0.06931818181818182 0.09726962457337884
0 0.3119318181818182 0.5059726962457338 0.0375 0.06313993174061433
0 0.39431818181818185 0.6075085324232082 0.03636363636363636 0.06143344709897611
0 0.4409090909090909 0.6040955631399317 0.05227272727272727 0.08873720136518772
0 0.48579545454545453 0.6075085324232082 0.04659090909090909 0.08191126279863481
0 0.540340909090909 0.5964163822525598 0.05568181818181818 0.10068259385665529
0 0.5875 0.6680887372013652 0.06136363636363636 0.09385665529010238
0 0.6488636363636363 0.6177474402730375 0.07727272727272727 0.13993174061433447
0 0.7806818181818181 0.6757679180887372 0.07954545454545454 0.1296928327645051
0 0.6977272727272728 0.6168941979522184 0.045454545454545456 0.10068259385665529
0 0.7392045454545455 0.5955631399317406 0.035227272727272725 0.06825938566552901
0 0.79375 0.6109215017064846 0.042045454545454546 0.06484641638225255
0 0.8267045454545454 0.6151877133105802 0.03068181818181818 0.06996587030716724
0 0.8738636363636364 0.6279863481228669 0.07954545454545454 0.13651877133105803
0 0.9482954545454545 0.636518771331058 0.05795454545454545 0.08873720136518772
0 0.7443181818181818 0.40784982935153585 0.03636363636363636 0.06484641638225255