0 0.1015 0.406 0.065 0.1
0 0.036 0.36866666666666664 0.03 0.05733333333333333
0 0.187 0.46 0.078 0.12266666666666666
0 0.2325 0.41333333333333333 0.043 0.058666666666666666
0 0.205 0.36666666666666664 0.036 0.05333333333333334
0 0.241 0.32066666666666666 0.02 0.030666666666666665
0 0.1555 0.31333333333333335 0.019 0.034666666666666665
0 0.3155 0.372 0.031 0.04533333333333334
0 0.2755 0.364 0.023 0.04
0 0.2915 0.34933333333333333 0.021 0.037333333333333336
0 0.2525 0.3526666666666667 0.019 0.036
0 0.2385 0.36 0.021 0.04
0 0.173 0.37 0.026 0.028
0 0.3935 0.4046666666666667 0.039 0.05733333333333333
0 0.3405 0.374 0.019 0.036
0 0.3335 0.318 0.021 0.030666666666666665
0 0.362 0.30733333333333335 0.014 0.036
0 0.366 0.3453333333333333 0.018 0.029333333333333333
0 0.397 0.348 0.026 0.029333333333333333
0 0.438 0.3426666666666667 0.02 0.02666666666666667
0 0.422 0.35 0.012 0.028
0 0.454 0.314 0.014 0.030666666666666665
0 0.679 0.4593333333333333 0.076 0.108
0 0.9055 0.6053333333333333 0.175 0.2613333333333333
0 0.8465 0.4513333333333333 0.073 0.092
0 0.7705 0.38533333333333336 0.037 0.058666666666666666
0 0.7255 0.3933333333333333 0.047 0.05333333333333334
0 0.715 0.356 0.026 0.042666666666666665
0 0.7145 0.30866666666666664 0.023 0.03866666666666667
0 0.7465 0.348 0.019 0.032
0 0.739 0.3393333333333333 0.014 0.017333333333333333
0 0.7705 0.31133333333333335 0.023 0.036
0 0.808 0.37333333333333335 0.03 0.050666666666666665
0 0.838 0.354 0.02 0.04133333333333333
0 0.8805 0.362 0.019 0.036
0 0.9225 0.3606666666666667 0.023 0.044
0 0.96 0.41533333333333333 0.064 0.08666666666666667
0 0.88 0.4166666666666667 0.05 0.06533333333333333
0 0.6655 0.35533333333333333 0.023 0.025333333333333333
0 0.6425 0.37 0.031 0.044
0 0.601 0.4106666666666667 0.052 0.064
0 0.5765 0.38533333333333336 0.039 0.048
0 0.564 0.368 0.026 0.04
0 0.5535 0.3486666666666667 0.025 0.030666666666666665
0 0.5355 0.35 0.015 0.02
0 0.5275 0.352 0.013 0.021333333333333333
0 0.6095 0.3506666666666667 0.023 0.042666666666666665
0 0.595 0.3506666666666667 0.018 0.029333333333333333
0 0.675 0.3433333333333333 0.018 0.02266666666666667
0 0.6885 0.3353333333333333 0.015 0.025333333333333333
0 0.6535 0.3426666666666667 0.017 0.02666666666666667