0 0.08682634730538923 0.7696969696969697 0.1217564870259481 0.16363636363636364
0 0.08083832335329341 0.6742424242424242 0.08982035928143713 0.1303030303030303
0 0.0748502994011976 0.6090909090909091 0.07784431137724551 0.10303030303030303
0 0.35429141716566864 0.33484848484848484 0.0658682634730539 0.11212121212121212
0 0.2834331337325349 0.6530303030303031 0.08782435129740519 0.14242424242424243
0 0.36427145708582837 0.6621212121212121 0.08982035928143713 0.15454545454545454
0 0.436127744510978 0.6954545454545454 0.1217564870259481 0.19090909090909092
0 0.5139720558882236 0.7803030303030303 0.1536926147704591 0.20909090909090908
0 0.6087824351297405 0.9136363636363637 0.20359281437125748 0.16666666666666666
0 0.590818363273453 0.6696969696969697 0.08782435129740519 0.12727272727272726
0 0.7135728542914171 0.6378787878787879 0.08582834331337326 0.1484848484848485
0 0.8053892215568862 0.6742424242424242 0.11377245508982035 0.19090909090909092
0 0.8632734530938124 0.6045454545454545 0.08582834331337326 0.13636363636363635
0 0.9590818363273453 0.65 0.07784431137724551 0.1303030303030303