0 0.14895833333333333 0.3359375 0.09375 0.153125
0 0.12916666666666668 0.240625 0.058333333333333334 0.09375
0 0.24375 0.3078125 0.0625 0.103125
0 0.21875 0.259375 0.05416666666666667 0.0875
0 0.2916666666666667 0.2421875 0.05 0.096875
0 0.37395833333333334 0.3328125 0.06875 0.121875
0 0.3802083333333333 0.25625 0.05625 0.09375
0 0.503125 0.334375 0.07708333333333334 0.125
0 0.4864583333333333 0.234375 0.052083333333333336 0.0875
0 0.5854166666666667 0.3140625 0.06666666666666667 0.109375
0 0.653125 0.5015625 0.12291666666666666 0.196875
0 0.6875 0.3265625 0.0625 0.115625
0 0.7229166666666667 0.2890625 0.04583333333333333 0.084375
0 0.7 0.246875 0.05416666666666667 0.075
0 0.609375 0.25625 0.05625 0.0875
0 0.6458333333333334 0.2046875 0.0375 0.078125
0 0.7916666666666666 0.2078125 0.041666666666666664 0.078125
0 0.8260416666666667 0.28125 0.04791666666666667 0.10625
0 0.8520833333333333 0.253125 0.041666666666666664 0.08125
0 0.9239583333333333 0.5328125 0.12708333333333333 0.253125
0 0.9166666666666666 0.4171875 0.10416666666666667 0.159375
0 0.9229166666666667 0.278125 0.05416666666666667 0.1
0 0.95625 0.2296875 0.041666666666666664 0.071875