0 0.08517196625567813 0.4737873591376776 0.029526281635301754 0.04703576678098971
0 0.19662556781310836 0.4639882410583048 0.03309539260220636 0.06271435570798628
0 0.1573653471771577 0.580107790298873 0.029201817001946788 0.03821656050955414
0 0.22647631408176508 0.6161195492405683 0.0317975340687865 0.04752572268495835
0 0.26508760545100585 0.6217540421362078 0.03439325113562622 0.050955414012738856
0 0.26119402985074625 0.5889269965703087 0.021414665801427646 0.03135717785399314
0 0.2381570408825438 0.5781479666829985 0.022063595068137574 0.030377266046055854
0 0.30126541207008434 0.6026457618814307 0.024334847501622323 0.03723664870161685
0 0.3338741077222583 0.6170994610485057 0.03244646333549643 0.03968642822146007
0 0.3744321868916288 0.6166095051445369 0.029850746268656716 0.04654581087702107
0 0.34409474367293963 0.5859872611464968 0.02563270603504218 0.03331700146986771
0 0.3239779364049319 0.5759431651151397 0.01719662556781311 0.029887310142087214
0 0.39552238805970147 0.5911317981381675 0.02465931213497729 0.043606075453209214
0 0.399740428293316 0.5781479666829985 0.022063595068137574 0.03233708966193043
0 0.3716742375081116 0.582312591866732 0.018494484101232965 0.02596766291033807
0 0.4307268007787151 0.6058304752572269 0.028877352368591822 0.03968642822146007
0 0.43137573004542507 0.5828025477707006 0.02628163530175211 0.030867221950024497
0 0.4583062946138871 0.5739833414992651 0.03017521090201168 0.04262616364527193
0 0.4597663854639844 0.6095051445369917 0.0317975340687865 0.04899559039686428
0 0.4824789097988319 0.6396374326310632 0.04282933160285529 0.059284664380205784
0 0.48669695003244645 0.5896619304262616 0.02465931213497729 0.040666340029397355
0 0.5197923426346528 0.5791278784909358 0.027903958468526932 0.036256736893679566
0 0.545425048669695 0.6271435570798628 0.0317975340687865 0.06369426751592357
0 0.5893900064892926 0.6389024987751103 0.03731343283582089 0.06271435570798628
0 0.5902011680726801 0.595296423321901 0.0317975340687865 0.04997550220480157
0 0.6333549643088904 0.6109750122488976 0.03958468526930565 0.06467417932386085
0 0.6633679428942245 0.6406173444390005 0.03731343283582089 0.059284664380205784
0 0.658825438027255 0.6058304752572269 0.02693056456846204 0.03968642822146007
0 0.6958144062297209 0.6202841744243018 0.028877352368591822 0.046055854973052424
0 0.7370214146658014 0.6447819696227339 0.04769630110317975 0.06369426751592357
0 0.7185269305645685 0.6065654091131798 0.028877352368591822 0.04997550220480157
0 0.763140817650876 0.6090151886330231 0.03374432186891629 0.04997550220480157
0 0.7876378974691759 0.6401273885350318 0.04445165476963011 0.07104360607545321
0 0.7946138870863076 0.5977462028417443 0.0317975340687865 0.050955414012738856
0 0.8380921479558728 0.6077902988731014 0.04023361453601557 0.06908378245957864
0 0.8565866320571057 0.5984811366976972 0.0317975340687865 0.05438510534051935
0 0.8708630759247242 0.6736893679568838 0.046073977936404935 0.08133268005879471
0 0.7144711226476315 0.46864282214600683 0.02336145360155743 0.040666340029397355