0 0.2412974683544304 0.2626582278481013 0.13765822784810128 0.17088607594936708
0 0.3987341772151899 0.5137130801687764 0.06329113924050633 0.12025316455696203
0 0.497626582278481 0.4630801687763713 0.05221518987341772 0.08649789029535865
0 0.564873417721519 0.41455696202531644 0.04746835443037975 0.08649789029535865
0 0.5767405063291139 0.34177215189873417 0.030063291139240507 0.046413502109704644
0 0.6368670886075949 0.40717299578059074 0.023734177215189875 0.03375527426160337
0 0.6582278481012658 0.4029535864978903 0.012658227848101266 0.02531645569620253
0 0.6772151898734177 0.4208860759493671 0.0189873417721519 0.03164556962025317
0 0.7159810126582279 0.4050632911392405 0.02689873417721519 0.04219409282700422
0 0.8900316455696202 0.370253164556962 0.020569620253164556 0.027426160337552744
0 0.9074367088607594 0.3987341772151899 0.023734177215189875 0.04219409282700422
0 0.935126582278481 0.5063291139240507 0.08227848101265822 0.12658227848101267