0 0.05541666666666667 0.46 0.0275 0.04888888888888889
0 0.11708333333333333 0.47185185185185186 0.03916666666666667 0.0725925925925926
0 0.19 0.4674074074074074 0.028333333333333332 0.0637037037037037
0 0.2075 0.40814814814814815 0.025 0.04888888888888889
0 0.24916666666666668 0.4614814814814815 0.023333333333333334 0.037037037037037035
0 0.2654166666666667 0.4740740740740741 0.020833333333333332 0.03851851851851852
0 0.2808333333333333 0.4614814814814815 0.021666666666666667 0.037037037037037035
0 0.30125 0.4540740740740741 0.025833333333333333 0.04888888888888889
0 0.38875 0.44962962962962966 0.04416666666666667 0.08444444444444445
0 0.42041666666666666 0.4696296296296296 0.025833333333333333 0.06814814814814815
0 0.43375 0.4533333333333333 0.024166666666666666 0.05037037037037037
0 0.45375 0.45037037037037037 0.0225 0.05333333333333334
0 0.4683333333333333 0.4437037037037037 0.02 0.04
0 0.48041666666666666 0.4888888888888889 0.0425 0.06814814814814815
0 0.505 0.4474074074074074 0.03 0.05333333333333334
0 0.5254166666666666 0.4577777777777778 0.029166666666666667 0.056296296296296296
0 0.5370833333333334 0.3896296296296296 0.020833333333333332 0.035555555555555556
0 0.6725 0.4777777777777778 0.03166666666666667 0.04296296296296296
0 0.7158333333333333 0.4577777777777778 0.025 0.05037037037037037
0 0.7425 0.4577777777777778 0.03 0.05925925925925926
0 0.7666666666666667 0.4614814814814815 0.02 0.04
0 0.7854166666666667 0.47703703703703704 0.034166666666666665 0.07407407407407407
0 0.8145833333333333 0.4703703703703704 0.030833333333333334 0.054814814814814816
0 0.8520833333333333 0.4622222222222222 0.0425 0.08592592592592592
0 0.89 0.44296296296296295 0.035 0.08
0 0.9354166666666667 0.46444444444444444 0.05416666666666667 0.09037037037037036