0 0.871875 0.4387186629526462 0.05 0.10306406685236769
0 0.5703125 0.575208913649025 0.046875 0.09192200557103064
0 0.509375 0.541782729805014 0.05625 0.10863509749303621
0 0.4125 0.5793871866295265 0.0625 0.11142061281337047
0 0.4203125 0.5250696378830083 0.053125 0.09749303621169916
0 0.325 0.5919220055710307 0.0625 0.11977715877437325
0 0.34296875 0.5459610027855153 0.0453125 0.0947075208913649
0 0.24921875 0.5487465181058496 0.0546875 0.0947075208913649
0 0.271875 0.5445682451253482 0.0375 0.10306406685236769
0 0.19453125 0.5250696378830083 0.0484375 0.10306406685236769
0 0.14765625 0.5933147632311978 0.0546875 0.10027855153203342
0 0.13515625 0.5181058495821727 0.0484375 0.08356545961002786
0 0.08203125 0.6559888579387186 0.0703125 0.13649025069637882
0 0.0875 0.5501392757660167 0.059375 0.10306406685236769
0 0.0234375 0.5097493036211699 0.0375 0.0947075208913649