0 0.09636363636363636 0.5860655737704918 0.11636363636363636 0.1557377049180328
0 0.22363636363636363 0.3770491803278688 0.05090909090909091 0.07650273224043716
0 0.3190909090909091 0.3756830601092896 0.045454545454545456 0.07923497267759563
0 0.3118181818181818 0.31830601092896177 0.034545454545454546 0.040983606557377046
0 0.36727272727272725 0.28688524590163933 0.03272727272727273 0.060109289617486336
0 0.38636363636363635 0.31010928961748635 0.04181818181818182 0.08469945355191257
0 0.41545454545454547 0.3674863387978142 0.04909090909090909 0.10109289617486339
0 0.4863636363636364 0.33060109289617484 0.04909090909090909 0.08743169398907104
0 0.44636363636363635 0.30191256830601093 0.034545454545454546 0.07377049180327869
0 0.4109090909090909 0.25956284153005466 0.03636363636363636 0.07650273224043716
0 0.47909090909090907 0.2677595628415301 0.03090909090909091 0.060109289617486336
0 0.5236363636363637 0.2896174863387978 0.03272727272727273 0.07650273224043716
0 0.5709090909090909 0.27049180327868855 0.03272727272727273 0.07103825136612021
0 0.5618181818181818 0.3879781420765027 0.05454545454545454 0.09836065573770492
0 0.6 0.33879781420765026 0.03272727272727273 0.08196721311475409
0 0.6281818181818182 0.3073770491803279 0.03090909090909091 0.07923497267759563
0 0.65 0.2978142076502732 0.03090909090909091 0.06557377049180328
0 0.66 0.24180327868852458 0.04 0.07923497267759563
0 0.7236363636363636 0.38524590163934425 0.05090909090909091 0.1092896174863388
0 0.7536363636363637 0.34289617486338797 0.034545454545454546 0.08469945355191257
0 0.7563636363636363 0.2923497267759563 0.03272727272727273 0.06557377049180328