0 0.059375 0.30572916666666666 0.1171875 0.22395833333333334
0 0.33046875 0.40625 0.05625 0.08333333333333333
0 0.384765625 0.4328125 0.04921875 0.084375
0 0.4296875 0.465625 0.075 0.11458333333333333
0 0.53359375 0.484375 0.0859375 0.14166666666666666
0 0.48515625 0.4083333333333333 0.0546875 0.07916666666666666
0 0.460546875 0.3723958333333333 0.04296875 0.06145833333333333
0 0.38046875 0.3697916666666667 0.0453125 0.06458333333333334
0 0.543359375 0.38645833333333335 0.05546875 0.08125
0 0.64140625 0.3776041666666667 0.0359375 0.07604166666666666
0 0.6765625 0.4203125 0.059375 0.08645833333333333
0 0.7828125 0.5005208333333333 0.13125 0.19270833333333334
0 0.74296875 0.390625 0.05 0.07708333333333334
0 0.85390625 0.4088541666666667 0.0625 0.090625