0 0.038125 0.29833333333333334 0.03375 0.03333333333333333
0 0.034375 0.41333333333333333 0.01875 0.03666666666666667
0 0.058125 0.4191666666666667 0.03375 0.03833333333333333
0 0.108125 0.4275 0.04375 0.051666666666666666
0 0.076875 0.43666666666666665 0.02625 0.03
0 0.1675 0.3416666666666667 0.02 0.03
0 0.205625 0.34 0.01625 0.02666666666666667
0 0.256875 0.3466666666666667 0.01875 0.03
0 0.28125 0.35083333333333333 0.02 0.028333333333333332
0 0.325 0.3466666666666667 0.02 0.03333333333333333
0 0.225 0.54 0.08 0.09666666666666666
0 0.191875 0.49166666666666664 0.06125 0.09333333333333334
0 0.15625 0.4266666666666667 0.035 0.05
0 0.1425 0.40166666666666667 0.025 0.03333333333333333
0 0.18875 0.415 0.0325 0.05333333333333334
0 0.211875 0.3975 0.02375 0.035
0 0.238125 0.44583333333333336 0.04125 0.065
0 0.276875 0.43666666666666665 0.04125 0.05333333333333334
0 0.26625 0.4041666666666667 0.035 0.03833333333333333
0 0.29625 0.4125 0.025 0.035
0 0.3175 0.3975 0.0225 0.03166666666666667
0 0.32625 0.44166666666666665 0.035 0.05333333333333334
0 0.36875 0.4266666666666667 0.0325 0.04666666666666667
0 0.396875 0.4 0.02375 0.03666666666666667
0 0.425625 0.5658333333333333 0.14125 0.22166666666666668
0 0.4575 0.4558333333333333 0.055 0.075
0 0.45125 0.4066666666666667 0.03 0.043333333333333335
0 0.50625 0.3958333333333333 0.025 0.03166666666666667
0 0.5375 0.445 0.04 0.05333333333333334
0 0.586875 0.4525 0.04875 0.07166666666666667
0 0.561875 0.41 0.02625 0.03666666666666667
0 0.524375 0.3908333333333333 0.01875 0.03166666666666667
0 0.61875 0.4141666666666667 0.03 0.035
0 0.6825 0.4225 0.0275 0.03833333333333333
0 0.665 0.4116666666666667 0.0225 0.03
0 0.70375 0.44333333333333336 0.0275 0.043333333333333335
0 0.745 0.4583333333333333 0.0525 0.08
0 0.641875 0.5283333333333333 0.06875 0.1
0 0.756875 0.5991666666666666 0.10625 0.16166666666666665
0 0.825 0.5441666666666667 0.0775 0.11833333333333333
0 0.91875 0.4841666666666667 0.07 0.085
0 0.845625 0.4575 0.05125 0.06166666666666667
0 0.785 0.44166666666666665 0.035 0.05333333333333334
0 0.770625 0.4175 0.02375 0.035
0 0.725 0.41 0.0225 0.03333333333333333
0 0.854375 0.4091666666666667 0.02875 0.03833333333333333
0 0.83375 0.39416666666666667 0.0225 0.025
0 0.883125 0.43333333333333335 0.03375 0.043333333333333335
0 0.96 0.625 0.0725 0.16333333333333333
0 0.98875 0.4508333333333333 0.02 0.045
0 0.96375 0.42833333333333334 0.03 0.043333333333333335
0 0.933125 0.43666666666666665 0.03125 0.04666666666666667
0 0.918125 0.3983333333333333 0.01875 0.03
0 0.94375 0.405 0.02 0.03
0 0.986875 0.4033333333333333 0.01625 0.02666666666666667