0 0.9196969696969697 0.4159090909090909 0.15454545454545454 0.3409090909090909
0 0.18636363636363637 0.6045454545454545 0.10606060606060606 0.13636363636363635
0 0.3484848484848485 0.4909090909090909 0.09696969696969697 0.13636363636363635
0 0.47878787878787876 0.41818181818181815 0.07272727272727272 0.10909090909090909
0 0.5621212121212121 0.3431818181818182 0.05757575757575758 0.09545454545454546
0 0.6530303030303031 0.28863636363636364 0.03939393939393939 0.07727272727272727
0 0.7242424242424242 0.2409090909090909 0.04242424242424243 0.07272727272727272
0 0.8045454545454546 0.17727272727272728 0.03939393939393939 0.07272727272727272
0 0.843939393939394 0.16590909090909092 0.02727272727272727 0.05
0 0.7363636363636363 0.12727272727272726 0.030303030303030304 0.05454545454545454
0 0.6863636363636364 0.15454545454545454 0.02727272727272727 0.05454545454545454
0 0.6075757575757575 0.1159090909090909 0.02727272727272727 0.04090909090909091
0 0.5636363636363636 0.20454545454545456 0.030303030303030304 0.06363636363636363
0 0.5590909090909091 0.12954545454545455 0.02727272727272727 0.05
0 0.5272727272727272 0.07954545454545454 0.030303030303030304 0.05
0 0.4696969696969697 0.11363636363636363 0.030303030303030304 0.05454545454545454
0 0.45 0.07727272727272727 0.021212121212121213 0.03636363636363636
0 0.45606060606060606 0.17727272727272728 0.02727272727272727 0.05454545454545454
0 0.5196969696969697 0.22045454545454546 0.03939393939393939 0.05909090909090909
0 0.43333333333333335 0.2681818181818182 0.04242424242424243 0.07272727272727272
0 0.4 0.19545454545454546 0.030303030303030304 0.06363636363636363
0 0.37272727272727274 0.1318181818181818 0.030303030303030304 0.03636363636363636
0 0.4 0.09090909090909091 0.024242424242424242 0.045454545454545456
0 0.3212121212121212 0.08409090909090909 0.024242424242424242 0.04090909090909091
0 0.3 0.12727272727272726 0.024242424242424242 0.03636363636363636
0 0.31363636363636366 0.14772727272727273 0.02727272727272727 0.04090909090909091
0 0.2545454545454545 0.10681818181818181 0.024242424242424242 0.04090909090909091
0 0.23939393939393938 0.12727272727272726 0.030303030303030304 0.045454545454545456
0 0.24393939393939393 0.18181818181818182 0.03333333333333333 0.045454545454545456
0 0.3181818181818182 0.20681818181818182 0.04242424242424243 0.05909090909090909
0 0.346969696969697 0.2909090909090909 0.045454545454545456 0.08181818181818182
0 0.22575757575757577 0.34545454545454546 0.05757575757575758 0.08181818181818182
0 0.2409090909090909 0.24545454545454545 0.045454545454545456 0.07272727272727272
0 0.08636363636363636 0.4159090909090909 0.07575757575757576 0.09545454545454546
0 0.04242424242424243 0.31136363636363634 0.05454545454545454 0.08636363636363636
0 0.0696969696969697 0.2318181818181818 0.03636363636363636 0.05454545454545454
0 0.06515151515151515 0.13636363636363635 0.03939393939393939 0.045454545454545456
0 0.13484848484848486 0.2818181818181818 0.03939393939393939 0.06363636363636363
0 0.16666666666666666 0.19772727272727272 0.03636363636363636 0.05909090909090909
0 0.17424242424242425 0.14772727272727273 0.02727272727272727 0.05
0 0.1893939393939394 0.11818181818181818 0.02727272727272727 0.045454545454545456
0 0.12121212121212122 0.1318181818181818 0.030303030303030304 0.045454545454545456
0 0.10151515151515152 0.17045454545454544 0.045454545454545456 0.05909090909090909