0 0.09910714285714285 0.417312661498708 0.08392857142857142 0.12144702842377261
0 0.21071428571428572 0.12919896640826872 0.05714285714285714 0.09819121447028424
0 0.29464285714285715 0.3165374677002584 0.06428571428571428 0.10594315245478036
0 0.39375 0.3023255813953488 0.0625 0.07751937984496124
0 0.3982142857142857 0.2558139534883721 0.05357142857142857 0.06718346253229975
0 0.5116071428571428 0.2441860465116279 0.048214285714285716 0.08010335917312661
0 0.4767857142857143 0.458656330749354 0.06785714285714285 0.12661498708010335
0 0.5232142857142857 0.38242894056847543 0.05714285714285714 0.10852713178294573
0 0.6196428571428572 0.33462532299741604 0.06428571428571428 0.08527131782945736
0 0.6732142857142858 0.2958656330749354 0.05357142857142857 0.09560723514211886
0 0.8848214285714285 0.4870801033591731 0.0875 0.1524547803617571
0 0.95 0.35400516795865633 0.05714285714285714 0.09819121447028424