0 0.8709090909090909 0.7535667963683528 0.04181818181818182 0.07003891050583658
0 0.8695454545454545 0.7010376134889753 0.035454545454545454 0.05058365758754864
0 0.7686363636363637 0.6867704280155642 0.03727272727272727 0.0609597924773022
0 0.7081818181818181 0.685473411154345 0.03272727272727273 0.05317769130998703
0 0.6259090909090909 0.7224383916990921 0.03 0.05966277561608301
0 0.5918181818181818 0.7146562905317769 0.04181818181818182 0.07522697795071336
0 0.5468181818181819 0.7354085603112841 0.03 0.05188067444876784
0 0.5281818181818182 0.7405966277561609 0.03272727272727273 0.06744487678339818
0 0.4759090909090909 0.7444876783398184 0.03363636363636364 0.06744487678339818
0 0.4909090909090909 0.7399481193255513 0.02727272727272727 0.055771725032425425
0 0.4177272727272727 0.7522697795071336 0.03909090909090909 0.057068741893644616
0 0.4354545454545454 0.7444876783398184 0.025454545454545455 0.0648508430609598
0 0.36772727272727274 0.7607003891050583 0.035454545454545454 0.058365758754863814
0 0.36727272727272725 0.72568093385214 0.03636363636363636 0.0609597924773022
0 0.33045454545454545 0.7859922178988327 0.024545454545454544 0.04928664072632944
0 0.28363636363636363 0.7477302204928664 0.03636363636363636 0.0609597924773022
0 0.3004545454545455 0.7568093385214008 0.03 0.055771725032425425
0 0.23863636363636365 0.75810635538262 0.03727272727272727 0.0609597924773022
0 0.20363636363636364 0.7944228274967574 0.04363636363636364 0.07133592736705577
0 0.15545454545454546 0.8060959792477302 0.03090909090909091 0.058365758754863814
0 0.0959090909090909 0.7840466926070039 0.03727272727272727 0.058365758754863814
0 0.12 0.7788586251621271 0.025454545454545455 0.0609597924773022
0 0.07590909090909091 0.7976653696498055 0.031818181818181815 0.0622568093385214
0 0.03363636363636364 0.7931258106355382 0.04 0.0609597924773022