0 0.135 0.8283132530120482 0.102 0.18674698795180722
0 0.136 0.7063253012048193 0.056 0.08132530120481928
0 0.053 0.6581325301204819 0.034 0.05120481927710843
0 0.033 0.6129518072289156 0.026 0.0391566265060241
0 0.052 0.5978915662650602 0.024 0.0391566265060241
0 0.043 0.5798192771084337 0.014 0.02710843373493976
0 0.082 0.5828313253012049 0.02 0.02710843373493976
0 0.092 0.5933734939759037 0.024 0.030120481927710843
0 0.107 0.6280120481927711 0.026 0.045180722891566265
0 0.12 0.5753012048192772 0.02 0.030120481927710843
0 0.147 0.6280120481927711 0.022 0.03313253012048193
0 0.158 0.6129518072289156 0.02 0.03313253012048193
0 0.141 0.5933734939759037 0.014 0.024096385542168676
0 0.155 0.572289156626506 0.022 0.03614457831325301
0 0.185 0.5843373493975904 0.022 0.03614457831325301
0 0.189 0.7153614457831325 0.054 0.09939759036144578
0 0.264 0.7289156626506024 0.052 0.09036144578313253
0 0.261 0.6671686746987951 0.038 0.045180722891566265
0 0.297 0.641566265060241 0.03 0.04819277108433735
0 0.296 0.5963855421686747 0.02 0.03614457831325301
0 0.343 0.6641566265060241 0.034 0.05120481927710843
0 0.342 0.6069277108433735 0.024 0.0391566265060241
0 0.386 0.6626506024096386 0.048 0.07228915662650602
0 0.377 0.7364457831325302 0.062 0.11144578313253012
0 0.389 0.8493975903614458 0.094 0.14457831325301204
0 0.484 0.9186746987951807 0.208 0.1566265060240964
0 0.604 0.7921686746987951 0.092 0.18072289156626506
0 0.525 0.7530120481927711 0.078 0.15060240963855423
0 0.504 0.6837349397590361 0.04 0.0783132530120482
0 0.507 0.6355421686746988 0.038 0.05421686746987952
0 0.46 0.6370481927710844 0.032 0.05120481927710843
0 0.438 0.6039156626506024 0.024 0.02710843373493976
0 0.447 0.49096385542168675 0.018 0.024096385542168676
0 0.82 0.8975903614457831 0.156 0.19879518072289157
0 0.791 0.7349397590361446 0.098 0.16265060240963855
0 0.716 0.6400602409638554 0.04 0.06927710843373494
0 0.653 0.7259036144578314 0.054 0.1144578313253012
0 0.596 0.7033132530120482 0.052 0.06927710843373494
0 0.549 0.6671686746987951 0.034 0.0572289156626506
0 0.59 0.6385542168674698 0.028 0.05421686746987952
0 0.62 0.6490963855421686 0.024 0.045180722891566265
0 0.646 0.6551204819277109 0.028 0.045180722891566265
0 0.817 0.625 0.038 0.06927710843373494