0 0.054705882352941174 0.35929203539823007 0.04823529411764706 0.06371681415929203
0 0.10764705882352942 0.3991150442477876 0.027058823529411764 0.04424778761061947
0 0.16294117647058823 0.3743362831858407 0.024705882352941175 0.05486725663716814
0 0.19647058823529412 0.368141592920354 0.04 0.05663716814159292
0 0.2782352941176471 0.3530973451327434 0.052941176470588235 0.07964601769911504
0 0.32 0.3672566371681416 0.03764705882352941 0.0584070796460177
0 0.3776470588235294 0.3787610619469027 0.02823529411764706 0.05309734513274336
0 0.4011764705882353 0.38761061946902653 0.021176470588235293 0.04247787610619469
0 0.4388235294117647 0.3787610619469027 0.03294117647058824 0.06017699115044248
0 0.4788235294117647 0.38672566371681416 0.018823529411764704 0.04424778761061947
0 0.5358823529411765 0.3584070796460177 0.052941176470588235 0.09734513274336283
0 0.6105882352941177 0.37964601769911505 0.04 0.0831858407079646
0 0.6405882352941177 0.3938053097345133 0.03176470588235294 0.0584070796460177
0 0.7005882352941176 0.4 0.03411764705882353 0.06725663716814159
0 0.7511764705882353 0.42123893805309737 0.02235294117647059 0.03893805309734513
0 0.9441176470588235 0.3247787610619469 0.024705882352941175 0.04070796460176991