0 0.31328125 0.6194379391100703 0.0421875 0.07728337236533958
0 0.2578125 0.6100702576112412 0.03125 0.0585480093676815
0 0.23359375 0.5702576112412178 0.0296875 0.053864168618266976
0 0.27421875 0.5269320843091335 0.0265625 0.03747072599531616
0 0.34453125 0.5327868852459017 0.0234375 0.03981264637002342
0 0.3890625 0.6744730679156908 0.046875 0.08899297423887588
0 0.43125 0.5901639344262295 0.025 0.05152224824355972
0 0.39375 0.5597189695550351 0.021875 0.03278688524590164
0 0.378125 0.550351288056206 0.01875 0.03278688524590164
0 0.38671875 0.47892271662763464 0.0203125 0.03044496487119438
0 0.4265625 0.5339578454332553 0.015625 0.03747072599531616
0 0.4546875 0.5257611241217799 0.01875 0.03044496487119438
0 0.48984375 0.5749414519906323 0.0359375 0.06323185011709602
0 0.50390625 0.5339578454332553 0.0171875 0.03747072599531616
0 0.52890625 0.5245901639344263 0.0171875 0.02810304449648712
0 0.54765625 0.5538641686182669 0.0265625 0.03981264637002342
0 0.56171875 0.5304449648711944 0.0203125 0.03044496487119438
0 0.59375 0.5936768149882904 0.04375 0.07259953161592506
0 0.61640625 0.5245901639344263 0.0203125 0.02810304449648712
0 0.6953125 0.6065573770491803 0.040625 0.07962529274004684
0 0.7375 0.5667447306791569 0.03125 0.06088992974238876
0 0.78828125 0.6088992974238876 0.0484375 0.06088992974238876
0 0.765625 0.5386416861826698 0.021875 0.03747072599531616
0 0.759375 0.5210772833723654 0.015625 0.03044496487119438
0 0.7390625 0.5175644028103045 0.0125 0.0234192037470726
0 0.859375 0.531615925058548 0.028125 0.05152224824355972
0 0.83984375 0.5409836065573771 0.0203125 0.04215456674473068
0 0.89453125 0.5292740046838408 0.0203125 0.03747072599531616
0 0.93515625 0.550351288056206 0.0234375 0.04215456674473068
0 0.92421875 0.5175644028103045 0.0203125 0.02810304449648712