0 0.3793770358306189 0.6431159420289855 0.09955211726384365 0.20217391304347826
0 0.22251628664495113 0.533695652173913 0.05252442996742671 0.08623188405797101
0 0.16490228013029315 0.4882246376811594 0.05252442996742671 0.10253623188405797
0 0.11441368078175895 0.48442028985507246 0.04275244299674267 0.08768115942028985
0 0.07471498371335505 0.46648550724637683 0.041938110749185666 0.08369565217391305
0 0.049776058631921825 0.45815217391304347 0.027483713355048858 0.06485507246376812
0 0.02168159609120521 0.4221014492753623 0.021783387622149836 0.04492753623188406
0 0.12245521172638436 0.39891304347826084 0.020969055374592833 0.0463768115942029
0 0.17121335504885993 0.4170289855072464 0.028908794788273615 0.05507246376811594
0 0.2091815960912052 0.4407608695652174 0.028705211726384364 0.05471014492753623
0 0.25050895765472314 0.4418478260869565 0.031555374592833876 0.05253623188405797
0 0.28817182410423453 0.4326086956521739 0.03236970684039088 0.05652173913043478
0 0.3291938110749186 0.47807971014492756 0.04275244299674267 0.06992753623188405
0 0.37276058631921827 0.4494565217391304 0.028908794788273615 0.06485507246376812
0 0.4134771986970684 0.4688405797101449 0.04560260586319218 0.06884057971014493
0 0.4907369706840391 0.46757246376811595 0.04987785016286645 0.08152173913043478
0 0.4615228013029316 0.41884057971014493 0.033794788273615636 0.06884057971014493
0 0.495928338762215 0.3963768115942029 0.019543973941368076 0.05144927536231884
0 0.3565757328990228 0.3170289855072464 0.03440553745928339 0.06231884057971015
0 0.5629071661237784 0.39202898550724635 0.02035830618892508 0.04492753623188406
0 0.5846905537459284 0.427536231884058 0.035830618892508145 0.07101449275362319
0 0.6486156351791531 0.45942028985507244 0.05130293159609121 0.08985507246376812
0 0.6275447882736156 0.41956521739130437 0.031555374592833876 0.060144927536231886
0 0.6243892508143323 0.3713768115942029 0.012622149837133551 0.02391304347826087
0 0.661950325732899 0.36630434782608695 0.013232899022801304 0.036231884057971016
0 0.6457654723127035 0.39257246376811594 0.02035830618892508 0.051086956521739134
0 0.6830211726384365 0.4494565217391304 0.03175895765472313 0.06992753623188405
0 0.6959486970684039 0.411231884057971 0.023819218241042345 0.041304347826086954
0 0.6935057003257329 0.36141304347826086 0.013232899022801304 0.03152173913043478
0 0.7135586319218241 0.3670289855072464 0.016693811074918567 0.02753623188405797
0 0.7174267100977199 0.33894927536231884 0.016286644951140065 0.02644927536231884
0 0.7620114006514658 0.3101449275362319 0.015472312703583062 0.036231884057971016
0 0.800285016286645 0.37518115942028984 0.02035830618892508 0.03369565217391304
0 0.7957043973941368 0.3483695652173913 0.016897394136807818 0.019927536231884056
0 0.7780944625407166 0.38514492753623186 0.021172638436482084 0.034057971014492754
0 0.7462337133550488 0.4101449275362319 0.021783387622149836 0.043478260869565216
0 0.7289291530944625 0.3938405797101449 0.016897394136807818 0.036231884057971016
0 0.7609934853420195 0.43768115942028984 0.03298045602605863 0.058695652173913045
0 0.7901058631921825 0.4295289855072464 0.021172638436482084 0.03731884057971015
0 0.8321457654723127 0.4206521739130435 0.023819218241042345 0.04492753623188406
0 0.8497557003257329 0.35507246376811596 0.015472312703583062 0.041304347826086954
0 0.8771376221498371 0.37028985507246376 0.019747557003257327 0.036231884057971016
0 0.8869096091205212 0.3545289855072464 0.019747557003257327 0.0322463768115942
0 0.9276262214983714 0.3463768115942029 0.016897394136807818 0.02391304347826087
0 0.9522597719869706 0.36829710144927535 0.018118892508143324 0.04021739130434782
0 0.9729234527687296 0.35887681159420287 0.014657980456026058 0.03152173913043478
0 0.9915513029315961 0.39402173913043476 0.015268729641693811 0.03876811594202899
0 0.9879885993485342 0.453804347826087 0.02239413680781759 0.06630434782608696
0 0.9346498371335505 0.6025362318840579 0.08835504885993485 0.1608695652173913
0 0.8992263843648208 0.501268115942029 0.057003257328990226 0.09384057971014492
0 0.8837540716612378 0.434963768115942 0.03013029315960912 0.05615942028985507
0 0.8623778501628665 0.4295289855072464 0.025244299674267102 0.059782608695652176
0 0.9486970684039088 0.4076086956521739 0.02239413680781759 0.04855072463768116
0 0.7419584690553745 0.5701086956521739 0.08082247557003257 0.15108695652173912
0 0.6427117263843648 0.673731884057971 0.11237785016286644 0.21340579710144927