0 0.11481481481481481 0.7258796821793416 0.05185185185185185 0.10102156640181612
0 0.10814814814814815 0.6821793416572077 0.04148148148148148 0.049943246311010214
0 0.09296296296296297 0.656072644721907 0.03185185185185185 0.056753688989784334
0 0.07777777777777778 0.6424517593643587 0.03111111111111111 0.04767309875141884
0 0.05555555555555555 0.626560726447219 0.023703703703703703 0.04767309875141884
0 0.04111111111111111 0.6118047673098751 0.018518518518518517 0.0340522133938706
0 0.034444444444444444 0.5913734392735528 0.02 0.0340522133938706
0 0.09444444444444444 0.5964812712826334 0.02148148148148148 0.03745743473325766
0 0.11777777777777777 0.6146424517593644 0.02074074074074074 0.03745743473325766
0 0.12481481481481481 0.5913734392735528 0.017037037037037038 0.029511918274687854
0 0.14037037037037037 0.5919409761634506 0.014074074074074074 0.032917139614074914
0 0.14888888888888888 0.619750283768445 0.02666666666666667 0.03859250851305335
0 0.15074074074074073 0.6430192962542566 0.027407407407407408 0.0510783200908059
0 0.17777777777777778 0.6407491486946651 0.03259259259259259 0.06242905788876277
0 0.17777777777777778 0.6061293984108967 0.02074074074074074 0.036322360953461974
0 0.20222222222222222 0.6157775255391601 0.022222222222222223 0.046538024971623154
0 0.20851851851851852 0.6850170261066969 0.0362962962962963 0.07832009080590238
0 0.2518518518518518 0.7202043132803633 0.05185185185185185 0.09194097616345062
0 0.23037037037037036 0.6384790011350738 0.025185185185185185 0.0510783200908059
0 0.25703703703703706 0.6503972758229285 0.03111111111111111 0.05221339387060159
0 0.25296296296296295 0.5885357548240636 0.017037037037037038 0.032917139614074914
0 0.24185185185185185 0.5754824063564131 0.015555555555555555 0.03178206583427923
0 0.28185185185185185 0.5885357548240636 0.018518518518518517 0.028376844494892167
0 0.2974074074074074 0.6032917139614075 0.02148148148148148 0.03745743473325766
0 0.31333333333333335 0.6827468785471056 0.037037037037037035 0.07832009080590238
0 0.37555555555555553 0.724744608399546 0.05037037037037037 0.10102156640181612
0 0.32666666666666666 0.6163450624290578 0.02074074074074074 0.043132803632236094
0 0.3296296296296296 0.5845629965947786 0.017777777777777778 0.0340522133938706
0 0.3388888888888889 0.5874006810442679 0.012592592592592593 0.03064699205448354
0 0.3477777777777778 0.6089670828603859 0.017037037037037038 0.03518728717366629
0 0.36703703703703705 0.6203178206583428 0.02148148148148148 0.04426787741203178
0 0.35518518518518516 0.5896708286038592 0.014074074074074074 0.019296254256526674
0 0.38074074074074077 0.6129398410896708 0.016296296296296295 0.036322360953461974
0 0.4025925925925926 0.6293984108967083 0.02148148148148148 0.04880817253121453
0 0.39740740740740743 0.5902383654937571 0.015555555555555555 0.03178206583427923
0 0.42777777777777776 0.6214528944381384 0.025925925925925925 0.046538024971623154
0 0.45666666666666667 0.6452894438138479 0.03037037037037037 0.05788876276958002
0 0.47333333333333333 0.6328036322360954 0.02074074074074074 0.04880817253121453
0 0.46555555555555556 0.6027241770715096 0.018518518518518517 0.02724177071509648
0 0.4451851851851852 0.5879682179341658 0.011851851851851851 0.02043132803632236
0 0.4192592592592593 0.6010215664018161 0.016296296296296295 0.02383654937570942
0 0.4192592592592593 0.5874006810442679 0.014814814814814815 0.019296254256526674
0 0.47814814814814816 0.5908059023836549 0.014074074074074074 0.028376844494892167
0 0.4785185185185185 0.6106696935300795 0.013333333333333334 0.03178206583427923
0 0.5122222222222222 0.6651532349602725 0.03037037037037037 0.06129398410896708
0 0.5088888888888888 0.6282633371169126 0.02666666666666667 0.039727582292849034
0 0.5325925925925926 0.6328036322360954 0.02074074074074074 0.046538024971623154
0 0.5114814814814815 0.6140749148694665 0.024444444444444446 0.03178206583427923
0 0.5018518518518519 0.5964812712826334 0.02 0.03064699205448354
0 0.5148148148148148 0.5777525539160046 0.016296296296296295 0.022701475595913734
0 0.6118518518518519 0.6651532349602725 0.037037037037037035 0.06583427922814983
0 0.5929629629629629 0.6345062429057888 0.024444444444444446 0.03859250851305335
0 0.572962962962963 0.6367763904653803 0.02 0.04086265607264472
0 0.5696296296296296 0.6169125993189557 0.01925925925925926 0.032917139614074914
0 0.5625925925925926 0.6061293984108967 0.018518518518518517 0.029511918274687854
0 0.5481481481481482 0.6004540295119183 0.013333333333333334 0.024971623155505107
0 0.5555555555555556 0.5885357548240636 0.011851851851851851 0.021566401816118047
0 0.562962962962963 0.5851305334846765 0.01037037037037037 0.02383654937570942
0 0.5711111111111111 0.5930760499432464 0.013333333333333334 0.02383654937570942
0 0.5888888888888889 0.5919409761634506 0.016296296296296295 0.026106696935300794
0 0.5974074074074074 0.6072644721906924 0.015555555555555555 0.024971623155505107
0 0.6162962962962963 0.619750283768445 0.023703703703703703 0.04086265607264472
0 0.6129629629629629 0.5896708286038592 0.014074074074074074 0.026106696935300794
0 0.6411111111111111 0.6135073779795687 0.018518518518518517 0.032917139614074914
0 0.6403703703703704 0.5902383654937571 0.015555555555555555 0.024971623155505107
0 0.662962962962963 0.5925085130533485 0.011851851851851851 0.024971623155505107
0 0.6837037037037037 0.6515323496027242 0.035555555555555556 0.07037457434733257
0 0.6681481481481482 0.623155505107832 0.028148148148148148 0.04540295119182747
0 0.7111111111111111 0.6435868331441543 0.02666666666666667 0.056753688989784334
0 0.7196296296296296 0.6101021566401816 0.018518518518518517 0.03745743473325766
0 0.6855555555555556 0.6038592508513053 0.02 0.0340522133938706
0 0.6962962962962963 0.594211123723042 0.011851851851851851 0.021566401816118047
0 0.752962962962963 0.6095346197502838 0.02 0.0340522133938706
0 0.7429629629629629 0.5908059023836549 0.014814814814814815 0.028376844494892167
0 0.7737037037037037 0.6583427922814983 0.03777777777777778 0.07491486946651532
0 0.7659259259259259 0.6237230419977299 0.025185185185185185 0.04199772985244041
0 0.7718518518518519 0.6038592508513053 0.016296296296296295 0.0340522133938706
0 0.7892592592592592 0.6044267877412032 0.015555555555555555 0.03518728717366629
0 0.7996296296296296 0.6027241770715096 0.014074074074074074 0.03178206583427923
0 0.825925925925926 0.6498297389330306 0.02666666666666667 0.060158910329171394
0 0.8277777777777777 0.6055618615209989 0.018518518518518517 0.03745743473325766
0 0.857037037037037 0.6367763904653803 0.02962962962962963 0.06129398410896708
0 0.8851851851851852 0.6112372304199774 0.02074074074074074 0.03745743473325766
0 0.8633333333333333 0.6066969353007946 0.02148148148148148 0.03745743473325766
0 0.8525925925925926 0.5936435868331441 0.02074074074074074 0.036322360953461974
0 0.9122222222222223 0.6367763904653803 0.03333333333333333 0.05902383654937571
0 0.9414814814814815 0.6356413166855845 0.028148148148148148 0.05902383654937571
0 0.9248148148148149 0.6061293984108967 0.025925925925925925 0.043132803632236094