0 0.02772671568627451 0.5492238562091504 0.050551470588235295 0.09354575163398693
0 0.08746936274509803 0.5175653594771242 0.06893382352941177 0.0915032679738562
0 0.11825980392156862 0.5189950980392157 0.04779411764705882 0.07066993464052287
0 0.19699754901960784 0.5204248366013072 0.05759803921568627 0.07598039215686274
0 0.24846813725490197 0.5253267973856209 0.05024509803921569 0.06781045751633986
0 0.35232843137254904 0.5841503267973857 0.11274509803921569 0.13970588235294118
0 0.4021139705882353 0.536968954248366 0.04013480392156863 0.08047385620915033
0 0.4325980392156863 0.5243055555555556 0.037377450980392156 0.08374183006535947
0 0.5186887254901961 0.5553513071895425 0.06433823529411764 0.11151960784313726
0 0.6262254901960784 0.6231617647058824 0.09865196078431372 0.1556372549019608
0 0.6931678921568627 0.5571895424836601 0.09650735294117647 0.1315359477124183
0 0.5586703431372549 0.4889705882352941 0.05606617647058824 0.08251633986928104
0 0.8915441176470589 0.5578022875816994 0.05392156862745098 0.08292483660130719
0 0.9587928921568627 0.5404411764705882 0.0628063725490196 0.1053921568627451