0 0.1 0.6274752475247525 0.11379310344827587 0.15594059405940594
0 0.07672413793103448 0.5470297029702971 0.08103448275862069 0.10891089108910891
0 0.2663793103448276 0.5631188118811881 0.09827586206896552 0.14108910891089108
0 0.13448275862068965 0.8477722772277227 0.2482758620689655 0.2747524752475248
0 0.43448275862068964 0.5853960396039604 0.07241379310344828 0.12623762376237624
0 0.4603448275862069 0.5482673267326733 0.06896551724137931 0.10643564356435643
0 0.42844827586206896 0.3787128712871287 0.04310344827586207 0.07425742574257425
0 0.5836206896551724 0.818069306930693 0.1879310344827586 0.29455445544554454
0 0.7706896551724138 0.7648514851485149 0.15862068965517243 0.26732673267326734
0 0.9353448275862069 0.6757425742574258 0.11551724137931034 0.21782178217821782
0 0.743103448275862 0.5346534653465347 0.06896551724137931 0.09900990099009901
0 0.6 0.5804455445544554 0.06206896551724138 0.10148514851485149
0 0.5974137931034482 0.5012376237623762 0.06379310344827586 0.08663366336633663