0 0.07984790874524715 0.3341121495327103 0.057034220532319393 0.06542056074766354
0 0.14638783269961977 0.36565420560747663 0.06463878326996197 0.06775700934579439
0 0.21673003802281368 0.4591121495327103 0.08745247148288973 0.12850467289719625
0 0.2880228136882129 0.5245327102803738 0.13878326996197718 0.18925233644859812
0 0.25 0.38434579439252337 0.06653992395437262 0.10046728971962617
0 0.37072243346007605 0.338785046728972 0.057034220532319393 0.06074766355140187
0 0.41159695817490494 0.4182242990654206 0.09695817490494296 0.14485981308411214
0 0.47243346007604564 0.3492990654205608 0.051330798479087454 0.08177570093457943
0 0.5998098859315589 0.42990654205607476 0.11596958174904944 0.14953271028037382
0 0.7633079847908745 0.35630841121495327 0.0741444866920152 0.10981308411214953
0 0.8944866920152091 0.39953271028037385 0.09315589353612168 0.1261682242990654
0 0.6996197718631179 0.24766355140186916 0.034220532319391636 0.0514018691588785