0 0.8284722222222223 0.7638888888888888 0.0763888888888889 0.11296296296296296
0 0.9402777777777778 0.7314814814814815 0.06388888888888888 0.08518518518518518
0 0.9784722222222222 0.6805555555555556 0.0375 0.06111111111111111
0 0.9847222222222223 0.6277777777777778 0.027777777777777776 0.05555555555555555
0 0.8097222222222222 0.5944444444444444 0.027777777777777776 0.040740740740740744
0 0.8305555555555556 0.5787037037037037 0.025 0.046296296296296294
0 0.7493055555555556 0.6111111111111112 0.0375 0.05185185185185185
0 0.71875 0.5888888888888889 0.02638888888888889 0.040740740740740744
0 0.7444444444444445 0.5731481481481482 0.022222222222222223 0.03518518518518519
0 0.6965277777777777 0.6370370370370371 0.0375 0.05925925925925926
0 0.6465277777777778 0.6166666666666667 0.0375 0.04814814814814815
0 0.6493055555555556 0.5574074074074075 0.020833333333333332 0.03333333333333333
0 0.6118055555555556 0.6268518518518519 0.034722222222222224 0.053703703703703705
0 0.5923611111111111 0.6648148148148149 0.04027777777777778 0.06296296296296296
0 0.5423611111111111 0.7231481481481481 0.05694444444444444 0.07592592592592592
0 0.49166666666666664 0.6583333333333333 0.04722222222222222 0.06481481481481481
0 0.35208333333333336 0.6796296296296296 0.059722222222222225 0.07407407407407407
0 0.3388888888888889 0.6148148148148148 0.03888888888888889 0.05555555555555555
0 0.3770833333333333 0.5851851851851851 0.02638888888888889 0.05185185185185185
0 0.425 0.6074074074074074 0.03611111111111111 0.044444444444444446
0 0.46805555555555556 0.5740740740740741 0.027777777777777776 0.040740740740740744
0 0.5229166666666667 0.5814814814814815 0.03194444444444444 0.040740740740740744
0 0.5145833333333333 0.5564814814814815 0.02361111111111111 0.03888888888888889
0 0.4826388888888889 0.5453703703703704 0.018055555555555554 0.027777777777777776
0 0.4583333333333333 0.549074074074074 0.025 0.03518518518518519
0 0.43472222222222223 0.5601851851851852 0.019444444444444445 0.020370370370370372
0 0.3958333333333333 0.5601851851851852 0.019444444444444445 0.024074074074074074
0 0.3548611111111111 0.5574074074074075 0.02361111111111111 0.03333333333333333
0 0.29444444444444445 0.5611111111111111 0.025 0.040740740740740744
0 0.2652777777777778 0.6083333333333333 0.03611111111111111 0.05
0 0.26319444444444445 0.5703703703703704 0.02361111111111111 0.03333333333333333
0 0.20833333333333334 0.6416666666666667 0.05 0.06111111111111111
0 0.20694444444444443 0.575 0.027777777777777776 0.03888888888888889
0 0.15069444444444444 0.5898148148148148 0.03194444444444444 0.03888888888888889
0 0.1111111111111111 0.637962962962963 0.04722222222222222 0.053703703703703705
0 0.11041666666666666 0.5814814814814815 0.03194444444444444 0.040740740740740744
0 0.04375 0.6037037037037037 0.04027777777777778 0.044444444444444446