0 0.05571161048689138 0.456875 0.0852059925093633 0.11375
0 0.11750936329588015 0.371875 0.04400749063670412 0.06875
0 0.1849250936329588 0.358125 0.03651685393258427 0.06125
0 0.250936329588015 0.3725 0.033707865168539325 0.05
0 0.27902621722846443 0.356875 0.033707865168539325 0.04875
0 0.28323970037453183 0.419375 0.047752808988764044 0.07125
0 0.3445692883895131 0.35875 0.035580524344569285 0.0575
0 0.3782771535580524 0.343125 0.026217228464419477 0.04125
0 0.42837078651685395 0.343125 0.02902621722846442 0.04125
0 0.448501872659176 0.319375 0.020599250936329586 0.03625
0 0.47331460674157305 0.34 0.027153558052434457 0.045
0 0.5135767790262172 0.319375 0.025280898876404494 0.03625
0 0.5561797752808989 0.325625 0.02247191011235955 0.03625
0 0.5065543071161048 0.401875 0.05056179775280899 0.07125
0 0.40402621722846443 0.433125 0.0552434456928839 0.07625
0 0.40823970037453183 0.38875 0.04119850187265917 0.0525
0 0.3544007490636704 0.54625 0.10018726591760299 0.125
0 0.18867041198501872 0.48125 0.07584269662921349 0.1075
0 0.5936329588014981 0.4575 0.052434456928838954 0.11
0 0.6493445692883895 0.53625 0.12078651685393259 0.1575
0 0.8305243445692884 0.4825 0.08052434456928839 0.1225
0 0.75187265917603 0.41875 0.04681647940074907 0.08
0 0.900749063670412 0.415 0.052434456928838954 0.085
0 0.9307116104868914 0.37875 0.0449438202247191 0.0775
0 0.9419475655430711 0.341875 0.03745318352059925 0.06125
0 0.9367977528089888 0.303125 0.027153558052434457 0.03625
0 0.9616104868913857 0.320625 0.03932584269662921 0.05375
0 0.8707865168539326 0.331875 0.03745318352059925 0.05125
0 0.8230337078651685 0.3725 0.0449438202247191 0.0625
0 0.8146067415730337 0.33375 0.03745318352059925 0.0475
0 0.7448501872659176 0.335625 0.03277153558052434 0.04875
0 0.7649812734082397 0.3225 0.026217228464419477 0.05
0 0.6165730337078652 0.3575 0.03089887640449438 0.055
0 0.6643258426966292 0.34375 0.03838951310861423 0.055
0 0.6882022471910112 0.315625 0.024344569288389514 0.04375
0 0.7144194756554307 0.315625 0.028089887640449437 0.04125
0 0.5978464419475655 0.356875 0.02153558052434457 0.04125