0 0.14714285714285713 0.40446841294298924 0.1457142857142857 0.1864406779661017
0 0.3414285714285714 0.2288135593220339 0.10571428571428572 0.12788906009244994
0 0.6135714285714285 0.4899845916795069 0.14714285714285713 0.20955315870570107
0 0.7442857142857143 0.23420647149460708 0.08571428571428572 0.12326656394453005
0 0.7271428571428571 0.062403697996918334 0.07428571428571429 0.10323574730354391
0 0.8757142857142857 0.10092449922958398 0.07142857142857142 0.0847457627118644
0 0.9642857142857143 0.10477657935285054 0.06 0.1016949152542373
0 0.5771428571428572 0.0901386748844376 0.08 0.09090909090909091
0 0.5328571428571428 0.16640986132511557 0.09428571428571429 0.11710323574730354
0 0.4957142857142857 0.08012326656394453 0.06857142857142857 0.08320493066255778
0 0.26571428571428574 0.10323574730354391 0.08285714285714285 0.07704160246533127
0 0.21642857142857144 0.04776579352850539 0.06428571428571428 0.07395993836671803
0 0.09142857142857143 0.054699537750385205 0.06571428571428571 0.07858243451463791