0 0.06333333333333334 0.4623955431754875 0.02666666666666667 0.05013927576601671
0 0.09333333333333334 0.44707520891364905 0.02666666666666667 0.04735376044568245
0 0.12166666666666667 0.43454038997214484 0.02666666666666667 0.06128133704735376
0 0.15833333333333333 0.4373259052924791 0.043333333333333335 0.07799442896935933
0 0.24 0.41086350974930363 0.06333333333333334 0.10306406685236769
0 0.28833333333333333 0.42618384401114207 0.03333333333333333 0.07799442896935933
0 0.35333333333333333 0.4415041782729805 0.02666666666666667 0.052924791086350974
0 0.4175 0.4373259052924791 0.035 0.07799442896935933
0 0.38083333333333336 0.4554317548746518 0.018333333333333333 0.04178272980501393
0 0.3358333333333333 0.45264623955431754 0.015 0.03064066852367688
0 0.325 0.4637883008356546 0.016666666666666666 0.036211699164345405
0 0.46 0.44986072423398327 0.02666666666666667 0.052924791086350974
0 0.5241666666666667 0.41643454038997213 0.055 0.11420612813370473
0 0.6 0.4331476323119777 0.04 0.09749303621169916
0 0.635 0.4582172701949861 0.03 0.06963788300835655
0 0.7016666666666667 0.4637883008356546 0.03666666666666667 0.0807799442896936
0 0.7575 0.49303621169916434 0.018333333333333333 0.05013927576601671
0 0.9658333333333333 0.3746518105849582 0.025 0.04735376044568245
0 0.9516666666666667 0.37604456824512533 0.023333333333333334 0.05013927576601671