0 0.11684782608695653 0.5653753026634383 0.15760869565217392 0.2106537530266344
0 0.05253623188405797 0.4092009685230024 0.07608695652173914 0.1016949152542373
0 0.19293478260869565 0.4491525423728814 0.09239130434782608 0.1089588377723971
0 0.22554347826086957 0.36561743341404357 0.07065217391304347 0.0774818401937046
0 0.3442028985507246 0.25907990314769974 0.05434782608695652 0.06779661016949153
0 0.3786231884057971 0.4067796610169492 0.07608695652173914 0.09200968523002422
0 0.4692028985507246 0.5811138014527845 0.13768115942028986 0.21307506053268765
0 0.4882246376811594 0.35472154963680386 0.05253623188405797 0.06537530266343826
0 0.4891304347826087 0.3159806295399516 0.043478260869565216 0.06053268765133172
0 0.42391304347826086 0.34019370460048426 0.043478260869565216 0.06537530266343826
0 0.5380434782608695 0.34624697336561744 0.04710144927536232 0.07263922518159806
0 0.5815217391304348 0.31476997578692495 0.036231884057971016 0.05811138014527845
0 0.615036231884058 0.39709443099273606 0.08152173913043478 0.1162227602905569
0 0.6295289855072463 0.3486682808716707 0.04891304347826087 0.0774818401937046
0 0.6648550724637681 0.33171912832929784 0.050724637681159424 0.05811138014527845
0 0.7735507246376812 0.18765133171912832 0.05434782608695652 0.06537530266343826
0 0.9465579710144928 0.3099273607748184 0.041666666666666664 0.053268765133171914