0 0.963 0.7183734939759037 0.07 0.12349397590361445
0 0.852 0.7153614457831325 0.072 0.1355421686746988
0 0.703 0.6626506024096386 0.066 0.12048192771084337
0 0.579 0.641566265060241 0.062 0.1144578313253012
0 0.438 0.6144578313253012 0.068 0.12048192771084337
0 0.357 0.6746987951807228 0.074 0.1144578313253012
0 0.155 0.6475903614457831 0.07 0.12048192771084337
0 0.069 0.5406626506024096 0.054 0.08132530120481928
0 0.022 0.47289156626506024 0.04 0.07228915662650602
0 0.085 0.4713855421686747 0.042 0.06325301204819277
0 0.074 0.4246987951807229 0.044 0.04819277108433735
0 0.031 0.4186746987951807 0.03 0.05421686746987952
0 0.111 0.42168674698795183 0.03 0.060240963855421686
0 0.148 0.4713855421686747 0.04 0.08132530120481928
0 0.171 0.42771084337349397 0.046 0.04819277108433735
0 0.188 0.4879518072289157 0.032 0.07228915662650602
0 0.229 0.49698795180722893 0.05 0.0783132530120482
0 0.226 0.4367469879518072 0.032 0.05421686746987952
0 0.286 0.42771084337349397 0.036 0.060240963855421686
0 0.343 0.5030120481927711 0.042 0.07228915662650602
0 0.344 0.44126506024096385 0.032 0.06325301204819277
0 0.398 0.4563253012048193 0.044 0.07530120481927711
0 0.441 0.49698795180722893 0.038 0.060240963855421686
0 0.512 0.4939759036144578 0.04 0.07228915662650602
0 0.535 0.4608433734939759 0.038 0.06626506024096386
0 0.586 0.5301204819277109 0.044 0.0783132530120482
0 0.603 0.4713855421686747 0.034 0.06927710843373494
0 0.656 0.4759036144578313 0.036 0.06626506024096386
0 0.687 0.5301204819277109 0.046 0.09036144578313253
0 0.77 0.5587349397590361 0.056 0.08734939759036145
0 0.754 0.47289156626506024 0.036 0.060240963855421686
0 0.818 0.4819277108433735 0.032 0.05421686746987952
0 0.868 0.5225903614457831 0.04 0.06927710843373494
0 0.908 0.5105421686746988 0.04 0.06927710843373494
0 0.962 0.5542168674698795 0.048 0.0783132530120482
0 0.934 0.3057228915662651 0.032 0.05120481927710843
0 0.902 0.30873493975903615 0.032 0.05120481927710843
0 0.884 0.30120481927710846 0.024 0.04216867469879518
0 0.856 0.30873493975903615 0.028 0.045180722891566265
0 0.822 0.29819277108433734 0.024 0.04216867469879518
0 0.787 0.3042168674698795 0.026 0.04216867469879518
0 0.773 0.2816265060240964 0.026 0.0391566265060241
0 0.805 0.2756024096385542 0.018 0.03313253012048193
0 0.85 0.27259036144578314 0.02 0.0391566265060241
0 0.835 0.17921686746987953 0.022 0.0391566265060241
0 0.806 0.16566265060240964 0.02 0.04216867469879518
0 0.77 0.17018072289156627 0.028 0.045180722891566265
0 0.746 0.1355421686746988 0.02 0.030120481927710843
0 0.728 0.16265060240963855 0.02 0.03614457831325301
0 0.713 0.16716867469879518 0.018 0.02710843373493976
0 0.69 0.16265060240963855 0.02 0.03614457831325301
0 0.666 0.17018072289156627 0.02 0.03313253012048193
0 0.653 0.1716867469879518 0.018 0.03614457831325301
0 0.626 0.16716867469879518 0.016 0.045180722891566265
0 0.613 0.16716867469879518 0.018 0.03313253012048193
0 0.577 0.17018072289156627 0.014 0.03313253012048193
0 0.556 0.17319277108433734 0.02 0.02710843373493976
0 0.513 0.1460843373493976 0.022 0.03313253012048193
0 0.496 0.16415662650602408 0.02 0.03313253012048193
0 0.472 0.16415662650602408 0.016 0.03313253012048193
0 0.734 0.30120481927710846 0.024 0.05421686746987952
0 0.747 0.2575301204819277 0.018 0.0391566265060241
0 0.709 0.28463855421686746 0.022 0.0391566265060241
0 0.69 0.2786144578313253 0.024 0.0391566265060241
0 0.668 0.28463855421686746 0.024 0.045180722891566265
0 0.65 0.27259036144578314 0.02 0.0391566265060241
0 0.624 0.28313253012048195 0.024 0.03614457831325301
0 0.619 0.25150602409638556 0.022 0.03313253012048193
0 0.604 0.2786144578313253 0.016 0.0391566265060241
0 0.576 0.2635542168674699 0.02 0.0391566265060241
0 0.557 0.26957831325301207 0.022 0.02710843373493976
0 0.506 0.286144578313253 0.024 0.04216867469879518
0 0.526 0.28313253012048195 0.024 0.04216867469879518
0 0.5 0.25903614457831325 0.02 0.03614457831325301
0 0.476 0.2680722891566265 0.02 0.03614457831325301
0 0.461 0.30120481927710846 0.026 0.04216867469879518
0 0.433 0.286144578313253 0.026 0.03614457831325301
0 0.439 0.25 0.026 0.04216867469879518
0 0.407 0.26656626506024095 0.022 0.03313253012048193
0 0.373 0.26656626506024095 0.022 0.0391566265060241
0 0.348 0.26656626506024095 0.024 0.045180722891566265
0 0.325 0.28313253012048195 0.022 0.04216867469879518
0 0.224 0.2891566265060241 0.036 0.04216867469879518
0 0.197 0.2680722891566265 0.034 0.04819277108433735
0 0.149 0.2921686746987952 0.026 0.04819277108433735
0 0.113 0.2921686746987952 0.03 0.04216867469879518
0 0.124 0.26656626506024095 0.024 0.045180722891566265
0 0.085 0.2756024096385542 0.026 0.03313253012048193
0 0.062 0.2876506024096386 0.024 0.0391566265060241
0 0.044 0.2710843373493976 0.024 0.03614457831325301
0 0.058 0.24096385542168675 0.02 0.030120481927710843
0 0.025 0.25903614457831325 0.022 0.030120481927710843
0 0.073 0.16415662650602408 0.022 0.03313253012048193
0 0.117 0.17921686746987953 0.022 0.03313253012048193
0 0.154 0.17018072289156627 0.024 0.0391566265060241
0 0.176 0.1716867469879518 0.02 0.03614457831325301
0 0.192 0.16716867469879518 0.016 0.02710843373493976
0 0.209 0.17018072289156627 0.018 0.0391566265060241
0 0.237 0.1686746987951807 0.022 0.030120481927710843
0 0.268 0.1686746987951807 0.016 0.03614457831325301
0 0.284 0.17018072289156627 0.024 0.0391566265060241
0 0.328 0.16566265060240964 0.016 0.030120481927710843
0 0.364 0.16566265060240964 0.02 0.030120481927710843
0 0.347 0.17620481927710843 0.014 0.03313253012048193
0 0.312 0.16265060240963855 0.016 0.030120481927710843
0 0.404 0.15210843373493976 0.02 0.03313253012048193
0 0.435 0.1686746987951807 0.022 0.03614457831325301