0 0.0875 0.42962962962962964 0.058333333333333334 0.07407407407407407
0 0.21319444444444444 0.4740740740740741 0.04027777777777778 0.06296296296296296
0 0.22013888888888888 0.42592592592592593 0.0375 0.05555555555555555
0 0.28541666666666665 0.4361111111111111 0.029166666666666667 0.04259259259259259
0 0.35625 0.48055555555555557 0.05694444444444444 0.09814814814814815
0 0.41944444444444445 0.4638888888888889 0.03888888888888889 0.06851851851851852
0 0.6583333333333333 0.4981481481481482 0.04722222222222222 0.07777777777777778
0 0.6076388888888888 0.4638888888888889 0.043055555555555555 0.07222222222222222
0 0.5659722222222222 0.4583333333333333 0.03194444444444444 0.046296296296296294
0 0.5611111111111111 0.41944444444444445 0.025 0.03888888888888889
0 0.6965277777777777 0.4305555555555556 0.034722222222222224 0.053703703703703705
0 0.7548611111111111 0.43796296296296294 0.029166666666666667 0.05740740740740741
0 0.7895833333333333 0.45555555555555555 0.0375 0.06666666666666667
0 0.8770833333333333 0.4685185185185185 0.05138888888888889 0.07777777777777778