0 0.2364620938628159 0.8493975903614458 0.26714801444043323 0.28674698795180725
0 0.7319494584837545 0.6843373493975904 0.14981949458483754 0.20722891566265061
0 0.9395306859205776 0.7024096385542169 0.11732851985559567 0.2674698795180723
0 0.8862815884476535 0.40481927710843374 0.04693140794223827 0.07710843373493977
0 0.9404332129963899 0.3795180722891566 0.05054151624548736 0.06987951807228916
0 0.7265342960288809 0.3614457831325301 0.0740072202166065 0.0963855421686747
0 0.6687725631768953 0.39759036144578314 0.03790613718411552 0.04819277108433735
0 0.5848375451263538 0.3674698795180723 0.07220216606498195 0.09879518072289156
0 0.4720216606498195 0.4036144578313253 0.052346570397111915 0.09879518072289156
0 0.42418772563176893 0.43132530120481927 0.08303249097472924 0.10120481927710843
0 0.34657039711191334 0.42048192771084336 0.05776173285198556 0.09397590361445783
0 0.3862815884476534 0.38072289156626504 0.032490974729241874 0.05301204819277108
0 0.29873646209386284 0.41325301204819276 0.04512635379061372 0.060240963855421686
0 0.18772563176895307 0.3650602409638554 0.05415162454873646 0.06987951807228916
0 0.15342960288808663 0.41566265060240964 0.09025270758122744 0.12771084337349398
0 0.09296028880866426 0.41445783132530123 0.048736462093862815 0.07228915662650602
0 0.048736462093862815 0.4036144578313253 0.061371841155234655 0.07951807228915662