0 0.07042253521126761 0.5060851926977687 0.06885758998435054 0.1075050709939148
0 0.07668231611893583 0.3752535496957404 0.03755868544600939 0.05273833671399594
0 0.12050078247261346 0.38336713995943206 0.03755868544600939 0.056795131845841784
0 0.1596244131455399 0.3924949290060852 0.03129890453834116 0.04259634888438134
0 0.1651017214397496 0.3509127789046653 0.026604068857589983 0.04056795131845842
0 0.19953051643192488 0.3691683569979716 0.026604068857589983 0.036511156186612576
0 0.2214397496087637 0.41379310344827586 0.04225352112676056 0.056795131845841784
0 0.19874804381846636 0.4817444219066937 0.056338028169014086 0.07099391480730223
0 0.19014084507042253 0.6511156186612576 0.09859154929577464 0.15010141987829614
0 0.27699530516431925 0.5354969574036511 0.06572769953051644 0.11764705882352941
0 0.3208137715179969 0.4949290060851927 0.046948356807511735 0.08519269776876268
0 0.2981220657276995 0.4290060851926978 0.0297339593114241 0.04665314401622718
0 0.32472613458528954 0.4056795131845842 0.026604068857589983 0.04462474645030426
0 0.3145539906103286 0.37322515212981744 0.02190923317683881 0.04056795131845842
0 0.2793427230046948 0.31947261663286003 0.02034428794992175 0.034482758620689655
0 0.24882629107981222 0.3225152129817444 0.02190923317683881 0.04056795131845842
0 0.3732394366197183 0.4178498985801217 0.023474178403755867 0.036511156186612576
0 0.37715179968701096 0.49290060851926976 0.03442879499217527 0.06490872210953347
0 0.4061032863849765 0.45841784989858014 0.026604068857589983 0.036511156186612576
0 0.41236306729264477 0.4158215010141988 0.023474178403755867 0.036511156186612576
0 0.4522691705790297 0.4553752535496957 0.028169014084507043 0.04665314401622718
0 0.46322378716744916 0.4148073022312373 0.02190923317683881 0.038539553752535496
0 0.4757433489827856 0.3742393509127789 0.018779342723004695 0.034482758620689655
0 0.5023474178403756 0.40162271805273836 0.025039123630672927 0.04462474645030426
0 0.4381846635367762 0.5425963488843814 0.06259780907668232 0.1075050709939148
0 0.5109546165884195 0.6196754563894523 0.08607198748043818 0.14807302231237324
0 0.4843505477308294 0.5020283975659229 0.048513302034428794 0.0872210953346856
0 0.5203442879499217 0.486815415821501 0.04538341158059468 0.07302231237322515
0 0.5563380281690141 0.39858012170385393 0.026604068857589983 0.05070993914807302
0 0.5860719874804382 0.39858012170385393 0.023474178403755867 0.038539553752535496
0 0.6283255086071987 0.4665314401622718 0.026604068857589983 0.04056795131845842
0 0.6298904538341158 0.4127789046653144 0.02034428794992175 0.034482758620689655
0 0.6486697965571205 0.3924949290060852 0.023474178403755867 0.04259634888438134
0 0.6784037558685446 0.4148073022312373 0.02034428794992175 0.038539553752535496
0 0.6643192488262911 0.4746450304259635 0.026604068857589983 0.04462474645030426
0 0.6870109546165885 0.4766734279918864 0.025039123630672927 0.0486815415821501
0 0.7018779342723005 0.4411764705882353 0.023474178403755867 0.04259634888438134
0 0.7112676056338029 0.4148073022312373 0.02034428794992175 0.038539553752535496
0 0.6979655712050078 0.3752535496957404 0.02190923317683881 0.032454361054766734
0 0.7464788732394366 0.42190669371196754 0.028169014084507043 0.04056795131845842
0 0.7511737089201878 0.46247464503042596 0.025039123630672927 0.04056795131845842
0 0.7230046948356808 0.4908722109533469 0.03755868544600939 0.06896551724137931
0 0.7809076682316118 0.5091277890466531 0.0406885758998435 0.07302231237322515
0 0.8317683881064163 0.5111561866125761 0.048513302034428794 0.09330628803245436
0 0.8888888888888888 0.5841784989858012 0.06885758998435054 0.11359026369168357
0 0.865414710485133 0.49290060851926976 0.03129890453834116 0.056795131845841784
0 0.9029733959311425 0.49391480730223125 0.03129890453834116 0.058823529411764705
0 0.9538341158059468 0.5101419878296146 0.054773082942097026 0.09533468559837728
0 0.9287949921752738 0.40162271805273836 0.0297339593114241 0.0486815415821501
0 0.8575899843505478 0.42697768762677485 0.03129890453834116 0.04665314401622718
0 0.8012519561815337 0.39655172413793105 0.025039123630672927 0.038539553752535496