0 0.4725 0.7016666666666667 0.1975 0.26
0 0.61 0.5683333333333334 0.145 0.20333333333333334
0 0.754375 0.4608333333333333 0.12625 0.20166666666666666
0 0.849375 0.43 0.09625 0.16
0 0.90625 0.3883333333333333 0.08 0.13
0 0.964375 0.35583333333333333 0.06125 0.12166666666666667
0 0.133125 0.4266666666666667 0.10125 0.14333333333333334
0 0.29 0.4075 0.0825 0.13166666666666665
0 0.4675 0.35083333333333333 0.08 0.105
0 0.5075 0.3225 0.0625 0.105
0 0.6025 0.2925 0.05 0.105
0 0.65375 0.285 0.0475 0.08333333333333333
0 0.683125 0.2475 0.05125 0.075
0 0.728125 0.26416666666666666 0.04375 0.075
0 0.7675 0.24833333333333332 0.0425 0.06333333333333334
0 0.794375 0.24416666666666667 0.03875 0.065
0 0.808125 0.21916666666666668 0.04125 0.065
0 0.84 0.2175 0.035 0.058333333333333334
0 0.866875 0.21916666666666668 0.03125 0.04833333333333333
0 0.881875 0.20083333333333334 0.03125 0.058333333333333334
0 0.080625 0.315 0.06125 0.08
0 0.209375 0.275 0.07375 0.09
0 0.299375 0.2941666666666667 0.05875 0.085
0 0.370625 0.2625 0.05125 0.07833333333333334
0 0.436875 0.2375 0.05125 0.07166666666666667
0 0.484375 0.23 0.04375 0.07
0 0.515625 0.22083333333333333 0.04375 0.058333333333333334
0 0.5675 0.21666666666666667 0.0375 0.06666666666666667
0 0.5975 0.21416666666666667 0.035 0.058333333333333334
0 0.6475 0.20916666666666667 0.035 0.04833333333333333
0 0.66 0.19833333333333333 0.025 0.04666666666666667
0 0.69875 0.20166666666666666 0.025 0.03666666666666667
0 0.018125 0.24666666666666667 0.03375 0.07666666666666666
0 0.026875 0.21833333333333332 0.03375 0.06333333333333334
0 0.081875 0.24916666666666668 0.04375 0.06833333333333333
0 0.078125 0.21333333333333335 0.03875 0.04666666666666667
0 0.12875 0.19416666666666665 0.0475 0.06166666666666667
0 0.15625 0.23 0.05 0.07333333333333333
0 0.205 0.22 0.0425 0.05
0 0.19375 0.195 0.035 0.03666666666666667
0 0.234375 0.195 0.03125 0.056666666666666664
0 0.260625 0.21416666666666667 0.03875 0.06166666666666667
0 0.2775 0.1825 0.03 0.045
0 0.32625 0.17583333333333334 0.0275 0.04833333333333333
0 0.313125 0.21666666666666667 0.03125 0.06
0 0.363125 0.2075 0.02625 0.055
0 0.354375 0.16583333333333333 0.02875 0.045
0 0.40375 0.20666666666666667 0.03 0.056666666666666664
0 0.400625 0.17166666666666666 0.03375 0.043333333333333335
0 0.423125 0.20083333333333334 0.02375 0.035
0 0.46125 0.19166666666666668 0.0325 0.043333333333333335
0 0.515625 0.1875 0.02875 0.035
0 0.5425 0.18333333333333332 0.0275 0.04