0 0.03271484375 0.34375 0.0361328125 0.052083333333333336
0 0.06396484375 0.3658854166666667 0.0478515625 0.0859375
0 0.10498046875 0.384765625 0.0537109375 0.08203125
0 0.1494140625 0.3203125 0.03125 0.052083333333333336
0 0.1748046875 0.3561197916666667 0.04296875 0.07161458333333333
0 0.21142578125 0.3268229166666667 0.0283203125 0.052083333333333336
0 0.2392578125 0.345703125 0.04296875 0.07161458333333333
0 0.26708984375 0.3346354166666667 0.0302734375 0.052083333333333336
0 0.259765625 0.4967447916666667 0.10546875 0.14713541666666666
0 0.38720703125 0.5084635416666666 0.0673828125 0.10546875
0 0.505859375 0.4563802083333333 0.06640625 0.11328125
0 0.46875 0.373046875 0.052734375 0.08463541666666667
0 0.43115234375 0.3606770833333333 0.0361328125 0.0625
0 0.3857421875 0.3463541666666667 0.037109375 0.06510416666666667
0 0.3720703125 0.2819010416666667 0.037109375 0.055989583333333336
0 0.416015625 0.3190104166666667 0.029296875 0.044270833333333336
0 0.4638671875 0.3209635416666667 0.029296875 0.037760416666666664
0 0.51806640625 0.328125 0.0224609375 0.046875
0 0.54150390625 0.349609375 0.0302734375 0.048177083333333336
0 0.55078125 0.3229166666666667 0.025390625 0.036458333333333336
0 0.5703125 0.359375 0.033203125 0.057291666666666664
0 0.58935546875 0.3359375 0.0283203125 0.052083333333333336
0 0.609375 0.3404947916666667 0.033203125 0.053385416666666664
0 0.662109375 0.2565104166666667 0.046875 0.07291666666666667
0 0.64990234375 0.4889322916666667 0.1103515625 0.15755208333333334
0 0.7412109375 0.435546875 0.0859375 0.13932291666666666
0 0.775390625 0.3795572916666667 0.064453125 0.07421875
0 0.744140625 0.330078125 0.033203125 0.053385416666666664
0 0.82177734375 0.4075520833333333 0.0498046875 0.0703125
0 0.8271484375 0.3587239583333333 0.03125 0.048177083333333336
0 0.85595703125 0.341796875 0.0341796875 0.061197916666666664
0 0.9208984375 0.3587239583333333 0.046875 0.06901041666666667
0 0.9755859375 0.3365885416666667 0.044921875 0.05859375