0 0.09753086419753086 0.47962962962962963 0.056790123456790124 0.09259259259259259
0 0.09876543209876543 0.3925925925925926 0.044444444444444446 0.07407407407407407
0 0.18395061728395062 0.5777777777777777 0.07160493827160494 0.1037037037037037
0 0.3296296296296296 0.6962962962962963 0.13580246913580246 0.2
0 0.14938271604938272 0.2037037037037037 0.03209876543209877 0.05185185185185185
0 0.3037037037037037 0.3351851851851852 0.03950617283950617 0.04814814814814815
0 0.3925925925925926 0.3333333333333333 0.044444444444444446 0.05185185185185185
0 0.40617283950617283 0.3 0.03209876543209877 0.044444444444444446
0 0.4901234567901235 0.31851851851851853 0.04197530864197531 0.06666666666666667
0 0.6037037037037037 0.37777777777777777 0.056790123456790124 0.07407407407407407
0 0.5987654320987654 0.3074074074074074 0.04197530864197531 0.07407407407407407
0 0.5925925925925926 0.2462962962962963 0.02962962962962963 0.04814814814814815
0 0.6419753086419753 0.24259259259259258 0.02962962962962963 0.05555555555555555
0 0.6580246913580247 0.26296296296296295 0.027160493827160494 0.044444444444444446
0 0.7530864197530864 0.2462962962962963 0.0345679012345679 0.05555555555555555
0 0.7888888888888889 0.25555555555555554 0.037037037037037035 0.05185185185185185
0 0.8604938271604938 0.2351851851851852 0.037037037037037035 0.05555555555555555
0 0.7592592592592593 0.3425925925925926 0.05185185185185185 0.08518518518518518
0 0.908641975308642 0.44074074074074077 0.09382716049382717 0.14074074074074075
0 0.9777777777777777 0.2518518518518518 0.03950617283950617 0.07407407407407407