0 0.16015625 0.5042492917847026 0.0703125 0.17563739376770537
0 0.21484375 0.5028328611898017 0.0796875 0.16147308781869688
0 0.5046875 0.5637393767705382 0.09375 0.23229461756373937
0 0.61875 0.5226628895184136 0.10625 0.23512747875354106
0 0.7359375 0.3668555240793201 0.059375 0.1501416430594901
0 0.91640625 0.41076487252124644 0.0734375 0.1813031161473088
0 0.78515625 0.26345609065155806 0.0390625 0.07932011331444759
0 0.984375 0.22237960339943344 0.028125 0.0708215297450425
0 0.93671875 0.26912181303116145 0.0421875 0.0906515580736544
0 0.7140625 0.29461756373937675 0.040625 0.08498583569405099
0 0.69296875 0.2747875354107649 0.0390625 0.10198300283286119
0 0.615625 0.29320113314447593 0.046875 0.09348441926345609
0 0.54140625 0.3342776203966006 0.0421875 0.0906515580736544
0 0.3953125 0.31728045325779036 0.05625 0.12464589235127478
0 0.4734375 0.23796033994334279 0.034375 0.0679886685552408
0 0.3625 0.26912181303116145 0.028125 0.0679886685552408
0 0.31328125 0.2507082152974504 0.0296875 0.0764872521246459
0 0.334375 0.22237960339943344 0.03125 0.06515580736543909
0 0.35625 0.19405099150141644 0.028125 0.06515580736543909
0 0.31015625 0.17138810198300283 0.0296875 0.04815864022662889
0 0.20390625 0.29461756373937675 0.0453125 0.07932011331444759
0 0.20546875 0.22662889518413598 0.0421875 0.06232294617563739
0 0.14375 0.2719546742209632 0.040625 0.08498583569405099
0 0.06640625 0.2747875354107649 0.0453125 0.0679886685552408