0 0.36640625 0.26941176470588235 0.0484375 0.06823529411764706
0 0.43125 0.3564705882352941 0.025 0.03529411764705882
0 0.41796875 0.32823529411764707 0.0265625 0.04
0 0.50625 0.2964705882352941 0.021875 0.03764705882352941
0 0.55 0.30941176470588233 0.025 0.04941176470588235
0 0.56640625 0.2529411764705882 0.0203125 0.04
0 0.63125 0.2917647058823529 0.01875 0.023529411764705882
0 0.65546875 0.29294117647058826 0.0171875 0.03529411764705882
0 0.7109375 0.23294117647058823 0.021875 0.03764705882352941
0 0.7265625 0.25882352941176473 0.025 0.03764705882352941
0 0.775 0.24 0.025 0.03764705882352941
0 0.82734375 0.26705882352941174 0.0265625 0.04
0 0.940625 0.3941176470588235 0.05 0.07764705882352942
0 0.95 0.35058823529411764 0.04375 0.047058823529411764
0 0.93515625 0.3058823529411765 0.0234375 0.042352941176470586
0 0.96484375 0.2811764705882353 0.0171875 0.04
0 0.91640625 0.28 0.0203125 0.03294117647058824
0 0.8921875 0.2752941176470588 0.015625 0.02823529411764706