0 0.607 0.4114114114114114 0.038 0.06006006006006006
0 0.957 0.7207207207207207 0.062 0.08408408408408409
0 0.944 0.5975975975975976 0.048 0.08408408408408409
0 0.917 0.6546546546546547 0.05 0.07807807807807808
0 0.877 0.6351351351351351 0.07 0.12912912912912913
0 0.803 0.6996996996996997 0.082 0.13213213213213212
0 0.749 0.6426426426426426 0.07 0.1021021021021021
0 0.736 0.5675675675675675 0.048 0.07807807807807808
0 0.666 0.7672672672672672 0.1 0.1891891891891892
0 0.464 0.7387387387387387 0.108 0.17417417417417416
0 0.541 0.6816816816816816 0.074 0.14414414414414414
0 0.6 0.6156156156156156 0.06 0.10810810810810811
0 0.675 0.5885885885885885 0.05 0.07807807807807808
0 0.554 0.575075075075075 0.056 0.08108108108108109
0 0.533 0.5465465465465466 0.042 0.07807807807807808
0 0.505 0.6036036036036037 0.054 0.08408408408408409
0 0.455 0.6291291291291291 0.07 0.10510510510510511
0 0.452 0.5570570570570571 0.048 0.07507507507507508
0 0.26 0.7207207207207207 0.096 0.15615615615615616
0 0.324 0.6201201201201201 0.068 0.12312312312312312
0 0.352 0.5615615615615616 0.032 0.07207207207207207
0 0.372 0.5330330330330331 0.036 0.06906906906906907
0 0.264 0.5645645645645646 0.048 0.0960960960960961
0 0.233 0.521021021021021 0.038 0.05105105105105105
0 0.232 0.5645645645645646 0.036 0.05405405405405406
0 0.167 0.5885885885885885 0.058 0.0960960960960961
0 0.127 0.5690690690690691 0.042 0.06906906906906907
0 0.099 0.5105105105105106 0.038 0.06006006006006006
0 0.06 0.524024024024024 0.044 0.057057057057057055
0 0.043 0.566066066066066 0.066 0.09309309309309309
0 0.058 0.6771771771771772 0.104 0.14114114114114115