0 0.079 0.58 0.07 0.12
0 0.138 0.508 0.06 0.08266666666666667
0 0.197 0.4 0.038 0.048
0 0.429 0.48933333333333334 0.042 0.072
0 0.513 0.5506666666666666 0.07 0.09333333333333334
0 0.405 0.45066666666666666 0.034 0.058666666666666666
0 0.378 0.436 0.028 0.04533333333333334
0 0.358 0.4066666666666667 0.024 0.04
0 0.45 0.384 0.028 0.037333333333333336
0 0.479 0.4066666666666667 0.026 0.04
0 0.509 0.416 0.026 0.042666666666666665
0 0.548 0.43066666666666664 0.032 0.050666666666666665
0 0.548 0.388 0.02 0.04
0 0.576 0.3973333333333333 0.02 0.032
0 0.621 0.456 0.03 0.058666666666666666
0 0.635 0.416 0.022 0.037333333333333336
0 0.683 0.424 0.026 0.042666666666666665
0 0.727 0.41333333333333333 0.026 0.037333333333333336
0 0.713 0.5026666666666667 0.038 0.07733333333333334
0 0.772 0.4493333333333333 0.032 0.056
0 0.835 0.5413333333333333 0.074 0.09066666666666667
0 0.862 0.47333333333333333 0.04 0.072
0 0.893 0.45066666666666666 0.042 0.05333333333333334
0 0.977 0.5346666666666666 0.042 0.08266666666666667