0 0.1109375 0.7136929460580913 0.05 0.14937759336099585
0 0.19453125 0.8257261410788381 0.0984375 0.23236514522821577
0 0.3171875 0.6099585062240664 0.034375 0.0995850622406639
0 0.40078125 0.6431535269709544 0.0421875 0.13278008298755187
0 0.37734375 0.58298755186722 0.0359375 0.08713692946058091
0 0.2078125 0.5684647302904564 0.025 0.058091286307053944
0 0.2296875 0.5705394190871369 0.015625 0.04564315352697095
0 0.2765625 0.5726141078838174 0.015625 0.04149377593360996
0 0.40859375 0.43775933609958506 0.0140625 0.029045643153526972
0 0.4328125 0.42531120331950206 0.009375 0.03734439834024896
0 0.45546875 0.4190871369294606 0.0140625 0.03319502074688797
0 0.4796875 0.4087136929460581 0.015625 0.03734439834024896
0 0.53046875 0.49377593360995853 0.0171875 0.058091286307053944
0 0.509375 0.5020746887966805 0.0125 0.04149377593360996
0 0.4921875 0.5124481327800829 0.015625 0.03734439834024896
0 0.57734375 0.45435684647302904 0.0140625 0.06224066390041494
0 0.721875 0.475103734439834 0.025 0.07053941908713693
0 0.76953125 0.44813278008298757 0.0296875 0.058091286307053944
0 0.76328125 0.516597510373444 0.0453125 0.1037344398340249
0 0.89375 0.4149377593360996 0.0375 0.0912863070539419
0 0.9265625 0.35477178423236516 0.028125 0.07053941908713693
0 0.909375 0.32987551867219916 0.025 0.07883817427385892
0 0.9234375 0.2551867219917012 0.021875 0.05394190871369295
0 0.98203125 0.4170124481327801 0.0328125 0.11203319502074689
0 0.87265625 0.2033195020746888 0.0140625 0.03319502074688797