0 0.140869140625 0.3365885416666667 0.04345703125 0.06901041666666667
0 0.19287109375 0.3515625 0.0458984375 0.08723958333333333
0 0.265380859375 0.3785807291666667 0.04345703125 0.07356770833333333
0 0.29931640625 0.3955078125 0.044921875 0.07096354166666667
0 0.277099609375 0.4541015625 0.06494140625 0.087890625
0 0.345458984375 0.4401041666666667 0.05224609375 0.078125
0 0.358642578125 0.3564453125 0.04931640625 0.07877604166666667
0 0.39111328125 0.4156901041666667 0.048828125 0.07486979166666667
0 0.44189453125 0.4095052083333333 0.0478515625 0.08333333333333333
0 0.37744140625 0.5530598958333334 0.064453125 0.09700520833333333
0 0.458984375 0.3473307291666667 0.048828125 0.09309895833333333
0 0.510498046875 0.4147135416666667 0.04736328125 0.08723958333333333
0 0.550048828125 0.3518880208333333 0.05419921875 0.09830729166666667
0 0.608154296875 0.4098307291666667 0.04345703125 0.08919270833333333
0 0.65673828125 0.3854166666666667 0.046875 0.09505208333333333
0 0.68359375 0.4459635416666667 0.0517578125 0.08203125
0 0.734619140625 0.3528645833333333 0.05615234375 0.0859375
0 0.76708984375 0.4290364583333333 0.052734375 0.09635416666666667