0 0.5291666666666667 0.22633136094674555 0.105 0.22189349112426035
0 0.7433333333333333 0.6153846153846154 0.05 0.10059171597633136
0 0.7025 0.5724852071005917 0.028333333333333332 0.05621301775147929
0 0.2758333333333333 0.735207100591716 0.045 0.07988165680473373
0 0.17083333333333334 0.7588757396449705 0.04833333333333333 0.09171597633136094
0 0.09583333333333334 0.7751479289940828 0.035 0.0650887573964497
0 0.0575 0.7085798816568047 0.021666666666666667 0.038461538461538464
0 0.11583333333333333 0.665680473372781 0.025 0.047337278106508875
0 0.165 0.6715976331360947 0.02 0.047337278106508875
0 0.2175 0.6730769230769231 0.025 0.05029585798816568
0 0.2733333333333333 0.636094674556213 0.023333333333333334 0.047337278106508875
0 0.30583333333333335 0.6420118343195266 0.03166666666666667 0.05917159763313609
0 0.32166666666666666 0.5887573964497042 0.016666666666666666 0.03550295857988166
0 0.4216666666666667 0.6124260355029586 0.02 0.04142011834319527
0 0.13833333333333334 0.5887573964497042 0.013333333333333334 0.029585798816568046
0 0.06 0.6109467455621301 0.016666666666666666 0.03254437869822485
0 0.050833333333333335 0.643491124260355 0.021666666666666667 0.03254437869822485
0 0.05416666666666667 0.6730769230769231 0.025 0.026627218934911243