0 0.05517578125 0.3353204172876304 0.0888671875 0.15201192250372578
0 0.16796875 0.37257824143070045 0.0703125 0.11028315946348734
0 0.20703125 0.4105812220566319 0.01953125 0.05216095380029806
0 0.21875 0.4046199701937407 0.01953125 0.04918032786885246
0 0.23828125 0.4403874813710879 0.033203125 0.05514157973174367
0 0.32861328125 0.4128166915052161 0.0634765625 0.09836065573770492
0 0.37158203125 0.39418777943368105 0.0458984375 0.08494783904619971
0 0.42236328125 0.40312965722801786 0.0458984375 0.08196721311475409
0 0.46240234375 0.4128166915052161 0.0341796875 0.06557377049180328
0 0.5166015625 0.4180327868852459 0.037109375 0.06408345752608048
0 0.49169921875 0.43219076005961254 0.0244140625 0.041728763040238454
0 0.56005859375 0.45081967213114754 0.0185546875 0.043219076005961254
0 0.59423828125 0.4202682563338301 0.0341796875 0.06259314456035768
0 0.6220703125 0.44485842026825634 0.01953125 0.03427719821162444
0 0.64111328125 0.4463487332339791 0.0244140625 0.046199701937406856
0 0.67529296875 0.4485842026825633 0.0302734375 0.041728763040238454
0 0.7109375 0.4463487332339791 0.0234375 0.040238450074515646
0 0.73876953125 0.4493293591654247 0.0185546875 0.040238450074515646
0 0.76123046875 0.44783904619970194 0.0224609375 0.037257824143070044