0 0.22 0.606312292358804 0.04888888888888889 0.07641196013289037
0 0.3022222222222222 0.6129568106312292 0.04888888888888889 0.07641196013289037
0 0.1288888888888889 0.3770764119601329 0.04888888888888889 0.07641196013289037
0 0.1922222222222222 0.4269102990033223 0.04666666666666667 0.07641196013289037
0 0.24666666666666667 0.4269102990033223 0.044444444444444446 0.06312292358803986
0 0.26 0.37375415282392027 0.04 0.07641196013289037
0 0.31222222222222223 0.4019933554817276 0.03777777777777778 0.0664451827242525
0 0.37 0.41029900332225916 0.042222222222222223 0.06976744186046512
0 0.43 0.40863787375415284 0.042222222222222223 0.07308970099667775
0 0.4922222222222222 0.38870431893687707 0.042222222222222223 0.07973421926910298
0 0.5722222222222222 0.43023255813953487 0.042222222222222223 0.06976744186046512
0 0.6311111111111111 0.44518272425249167 0.04888888888888889 0.07973421926910298
0 0.66 0.40863787375415284 0.035555555555555556 0.0664451827242525
0 0.6977777777777778 0.41029900332225916 0.044444444444444446 0.08305647840531562
0 0.7633333333333333 0.4169435215946844 0.042222222222222223 0.08305647840531562
0 0.6588888888888889 0.6046511627906976 0.04666666666666667 0.07973421926910298
0 0.75 0.6146179401993356 0.04666666666666667 0.07308970099667775
0 0.8144444444444444 0.4186046511627907 0.042222222222222223 0.07308970099667775
0 0.89 0.42524916943521596 0.05555555555555555 0.09302325581395349