0 0.050833333333333335 0.5281065088757396 0.07833333333333334 0.15680473372781065
0 0.1475 0.47485207100591714 0.085 0.15680473372781065
0 0.27166666666666667 0.4467455621301775 0.06333333333333334 0.1301775147928994
0 0.3408333333333333 0.4541420118343195 0.06166666666666667 0.11538461538461539
0 0.38666666666666666 0.6257396449704142 0.15 0.3047337278106509
0 0.5283333333333333 0.5784023668639053 0.11666666666666667 0.23964497041420119
0 0.5158333333333334 0.4452662721893491 0.06166666666666667 0.11538461538461539
0 0.4525 0.38461538461538464 0.03833333333333333 0.09467455621301775
0 0.4091666666666667 0.4437869822485207 0.058333333333333334 0.11834319526627218
0 0.385 0.3831360946745562 0.04666666666666667 0.09171597633136094
0 0.5383333333333333 0.386094674556213 0.05333333333333334 0.09763313609467456
0 0.585 0.3994082840236686 0.03666666666666667 0.08875739644970414
0 0.6775 0.3683431952662722 0.058333333333333334 0.10946745562130178
0 0.7 0.5162721893491125 0.10333333333333333 0.19822485207100593
0 0.7641666666666667 0.7085798816568047 0.20166666666666666 0.3698224852071006
0 0.9325 0.5931952662721893 0.12833333333333333 0.27514792899408286
0 0.8991666666666667 0.44970414201183434 0.06166666666666667 0.1242603550295858