0 0.06171875 0.3251121076233184 0.0546875 0.06726457399103139
0 0.1109375 0.3195067264573991 0.0625 0.07399103139013453
0 0.234375 0.4663677130044843 0.09375 0.11659192825112108
0 0.27890625 0.3688340807174888 0.0609375 0.08295964125560538
0 0.353125 0.3307174887892377 0.059375 0.07399103139013453
0 0.421875 0.31390134529147984 0.04375 0.06278026905829596
0 0.44453125 0.4080717488789238 0.0921875 0.10762331838565023
0 0.51796875 0.3295964125560538 0.0421875 0.06726457399103139
0 0.5234375 0.29596412556053814 0.034375 0.04484304932735426
0 0.6234375 0.2914798206278027 0.0375 0.04932735426008968
0 0.6921875 0.35874439461883406 0.078125 0.11210762331838565
0 0.69609375 0.29035874439461884 0.0515625 0.08295964125560538
0 0.796875 0.3015695067264574 0.0625 0.08744394618834081
0 0.8859375 0.3665919282511211 0.06875 0.07847533632286996
0 0.840625 0.33183856502242154 0.040625 0.07174887892376682
0 0.95859375 0.49551569506726456 0.0796875 0.16143497757847533
0 0.94296875 0.2623318385650224 0.0484375 0.04932735426008968