0 0.0616822429906542 0.37430555555555556 0.026168224299065422 0.04861111111111111
0 0.21542056074766355 0.4583333333333333 0.03644859813084112 0.05277777777777778
0 0.2995327102803738 0.4930555555555556 0.04579439252336449 0.05555555555555555
0 0.35514018691588783 0.45625 0.037383177570093455 0.05138888888888889
0 0.4280373831775701 0.48125 0.037383177570093455 0.059722222222222225
0 0.45373831775700935 0.45902777777777776 0.025233644859813085 0.0375
0 0.4733644859813084 0.41458333333333336 0.019626168224299065 0.03194444444444444
0 0.5453271028037383 0.53125 0.0514018691588785 0.07916666666666666
0 0.5873831775700935 0.4625 0.02149532710280374 0.03611111111111111
0 0.6289719626168224 0.4111111111111111 0.020560747663551402 0.030555555555555555
0 0.6616822429906543 0.45069444444444445 0.020560747663551402 0.029166666666666667
0 0.6752336448598131 0.4826388888888889 0.03271028037383177 0.04861111111111111
0 0.7537383177570094 0.5166666666666667 0.06261682242990654 0.11944444444444445
0 0.7925233644859813 0.46458333333333335 0.028037383177570093 0.05416666666666667
0 0.8228971962616822 0.4798611111111111 0.02149532710280374 0.04861111111111111
0 0.9107476635514019 0.5118055555555555 0.038317757009345796 0.07083333333333333
0 0.985981308411215 0.4895833333333333 0.024299065420560748 0.043055555555555555
0 0.9373831775700935 0.6243055555555556 0.06542056074766354 0.09583333333333334