0 0.4391304347826087 0.45551257253384914 0.08405797101449275 0.11798839458413926
0 0.8536231884057971 0.6595744680851063 0.13333333333333333 0.1895551257253385
0 0.9818840579710145 0.26305609284332687 0.03333333333333333 0.08897485493230174
0 0.9347826086956522 0.109284332688588 0.04927536231884058 0.07543520309477757
0 0.7666666666666667 0.1769825918762089 0.06666666666666667 0.08704061895551257
0 0.7130434782608696 0.08027079303675048 0.05217391304347826 0.08704061895551257
0 0.6144927536231884 0.1344294003868472 0.06376811594202898 0.08704061895551257
0 0.5572463768115942 0.029980657640232108 0.0391304347826087 0.05222437137330754
0 0.28405797101449276 0.06479690522243714 0.0463768115942029 0.05609284332688588
0 0.2528985507246377 0.19632495164410058 0.07391304347826087 0.09477756286266925
0 0.09347826086956522 0.05415860735009671 0.08260869565217391 0.08897485493230174