0 0.05 0.7192982456140351 0.09333333333333334 0.19548872180451127
0 0.18833333333333332 0.7644110275689223 0.16666666666666666 0.22055137844611528
0 0.14833333333333334 0.6052631578947368 0.08 0.11779448621553884
0 0.18 0.5739348370927319 0.07333333333333333 0.13032581453634084
0 0.2475 0.6328320802005013 0.09833333333333333 0.15789473684210525
0 0.4191666666666667 0.768170426065163 0.10166666666666667 0.15789473684210525
0 0.445 0.6478696741854637 0.08 0.13784461152882205
0 0.40166666666666667 0.6303258145363408 0.05333333333333334 0.09273182957393483
0 0.5516666666666666 0.7894736842105263 0.13333333333333333 0.2506265664160401
0 0.565 0.6177944862155389 0.056666666666666664 0.09774436090225563
0 0.6183333333333333 0.631578947368421 0.06666666666666667 0.10526315789473684
0 0.6983333333333334 0.7431077694235589 0.11 0.18295739348370926
0 0.7233333333333334 0.62531328320802 0.06666666666666667 0.08771929824561403
0 0.7983333333333333 0.6340852130325815 0.07333333333333333 0.13032581453634084
0 0.9075 0.7218045112781954 0.145 0.23558897243107768
0 0.8583333333333333 0.38471177944862156 0.05 0.07769423558897243