0 0.3591666666666667 0.25 0.025 0.03333333333333333
0 0.30833333333333335 0.5188888888888888 0.07 0.1
0 0.28833333333333333 0.43333333333333335 0.04666666666666667 0.06666666666666667
0 0.2875 0.37666666666666665 0.028333333333333332 0.042222222222222223
0 0.22 0.3522222222222222 0.023333333333333334 0.028888888888888888
0 0.1775 0.2911111111111111 0.025 0.03111111111111111
0 0.1975 0.3655555555555556 0.03166666666666667 0.03777777777777778
0 0.165 0.4022222222222222 0.043333333333333335 0.057777777777777775
0 0.1325 0.43222222222222223 0.051666666666666666 0.06444444444444444
0 0.09083333333333334 0.4955555555555556 0.075 0.09333333333333334
0 0.525 0.48333333333333334 0.06666666666666667 0.08666666666666667
0 0.42 0.4122222222222222 0.04666666666666667 0.05555555555555555
0 0.3566666666666667 0.35888888888888887 0.02 0.03333333333333333
0 0.3441666666666667 0.3433333333333333 0.025 0.03333333333333333
0 0.4575 0.3522222222222222 0.021666666666666667 0.028888888888888888
0 0.4875 0.37444444444444447 0.028333333333333332 0.03333333333333333
0 0.5166666666666667 0.3611111111111111 0.02666666666666667 0.042222222222222223
0 0.5883333333333334 0.3811111111111111 0.04 0.051111111111111114
0 0.66 0.3933333333333333 0.05 0.05333333333333334
0 0.6816666666666666 0.35444444444444445 0.02666666666666667 0.03777777777777778
0 0.6441666666666667 0.35444444444444445 0.021666666666666667 0.024444444444444446
0 0.6275 0.3655555555555556 0.025 0.028888888888888888
0 0.7458333333333333 0.41444444444444445 0.03833333333333333 0.04666666666666667
0 0.7425 0.38222222222222224 0.028333333333333332 0.03111111111111111
0 0.76 0.3477777777777778 0.02 0.028888888888888888
0 0.7875 0.47444444444444445 0.06166666666666667 0.08666666666666667
0 0.8541666666666666 0.41 0.03833333333333333 0.06
0 0.8266666666666667 0.3688888888888889 0.023333333333333334 0.035555555555555556
0 0.8175 0.35 0.021666666666666667 0.03333333333333333
0 0.8408333333333333 0.35777777777777775 0.018333333333333333 0.03111111111111111
0 0.8783333333333333 0.36333333333333334 0.03 0.042222222222222223
0 0.9366666666666666 0.44 0.07 0.08444444444444445
0 0.955 0.39666666666666667 0.04 0.06444444444444444
0 0.975 0.3655555555555556 0.03666666666666667 0.05555555555555555