0 0.6258064516129033 0.5194174757281553 0.03225806451612903 0.05825242718446602
0 0.7 0.5436893203883495 0.03870967741935484 0.05825242718446602
0 0.932258064516129 0.6383495145631068 0.05161290322580645 0.0825242718446602
0 0.7709677419354839 0.5242718446601942 0.03225806451612903 0.05825242718446602
0 0.7516129032258064 0.46359223300970875 0.025806451612903226 0.043689320388349516
0 0.8758064516129033 0.441747572815534 0.041935483870967745 0.04854368932038835
0 0.9338709677419355 0.39563106796116504 0.02258064516129032 0.03398058252427184
0 0.9145161290322581 0.3713592233009709 0.02258064516129032 0.043689320388349516
0 0.9483870967741935 0.25 0.01935483870967742 0.043689320388349516
0 0.8241935483870968 0.3276699029126214 0.02258064516129032 0.03398058252427184
0 0.7709677419354839 0.3592233009708738 0.025806451612903226 0.02912621359223301
0 0.7370967741935484 0.3446601941747573 0.02258064516129032 0.038834951456310676
0 0.5209677419354839 0.41019417475728154 0.02258064516129032 0.03398058252427184
0 0.5725806451612904 0.4733009708737864 0.02258064516129032 0.043689320388349516
0 0.5596774193548387 0.36893203883495146 0.02258064516129032 0.02912621359223301
0 0.49838709677419357 0.39805825242718446 0.016129032258064516 0.02912621359223301
0 0.7370967741935484 0.25728155339805825 0.02258064516129032 0.02912621359223301
0 0.7951612903225806 0.28398058252427183 0.02258064516129032 0.03398058252427184
0 0.7741935483870968 0.2961165048543689 0.01935483870967742 0.02912621359223301
0 0.6951612903225807 0.3106796116504854 0.016129032258064516 0.019417475728155338