0 0.07666666666666666 0.6855555555555556 0.05 0.06444444444444444
0 0.17333333333333334 0.6855555555555556 0.03666666666666667 0.05555555555555555
0 0.24666666666666667 0.7088888888888889 0.03 0.06222222222222222
0 0.295 0.7111111111111111 0.03333333333333333 0.06222222222222222
0 0.3275 0.6044444444444445 0.03833333333333333 0.057777777777777775
0 0.12583333333333332 0.5344444444444445 0.03833333333333333 0.06
0 0.195 0.5255555555555556 0.03666666666666667 0.051111111111111114
0 0.235 0.4766666666666667 0.03 0.051111111111111114
0 0.255 0.5133333333333333 0.03333333333333333 0.05333333333333334
0 0.2975 0.5344444444444445 0.035 0.06
0 0.36583333333333334 0.5155555555555555 0.041666666666666664 0.044444444444444446
0 0.37166666666666665 0.5666666666666667 0.03333333333333333 0.04888888888888889
0 0.42333333333333334 0.56 0.03666666666666667 0.05333333333333334
0 0.42916666666666664 0.5155555555555555 0.03166666666666667 0.04
0 0.5116666666666667 0.43 0.03666666666666667 0.06
0 0.5066666666666667 0.5288888888888889 0.03333333333333333 0.057777777777777775
0 0.5658333333333333 0.5322222222222223 0.03166666666666667 0.051111111111111114
0 0.6008333333333333 0.5244444444444445 0.03166666666666667 0.05333333333333334
0 0.66 0.5388888888888889 0.03666666666666667 0.06
0 0.6633333333333333 0.48444444444444446 0.04 0.04888888888888889
0 0.73 0.52 0.04 0.06222222222222222
0 0.7533333333333333 0.4866666666666667 0.03666666666666667 0.06222222222222222
0 0.3883333333333333 0.7411111111111112 0.04 0.06888888888888889
0 0.42833333333333334 0.7022222222222222 0.04 0.06222222222222222
0 0.4791666666666667 0.6644444444444444 0.035 0.057777777777777775
0 0.5183333333333333 0.6277777777777778 0.03 0.06
0 0.5591666666666667 0.6466666666666666 0.03833333333333333 0.07111111111111111
0 0.6375 0.6755555555555556 0.03833333333333333 0.057777777777777775
0 0.7183333333333334 0.6988888888888889 0.04 0.06
0 0.7941666666666667 0.7077777777777777 0.035 0.06444444444444444
0 0.8283333333333334 0.6377777777777778 0.03333333333333333 0.06222222222222222
0 0.9058333333333334 0.6733333333333333 0.051666666666666666 0.08
0 0.9491666666666667 0.6577777777777778 0.045 0.06666666666666667