0 0.6597859327217125 0.326036866359447 0.14220183486238533 0.27880184331797236
0 0.3983180428134557 0.37672811059907835 0.11467889908256881 0.14516129032258066
0 0.2217125382262997 0.33064516129032256 0.08256880733944955 0.12672811059907835
0 0.1704892966360856 0.33064516129032256 0.06574923547400612 0.08525345622119816
0 0.13379204892966362 0.35368663594470046 0.04434250764525994 0.08064516129032258
0 0.10397553516819572 0.326036866359447 0.039755351681957186 0.0576036866359447
0 0.5649847094801224 0.35368663594470046 0.03211009174311927 0.07142857142857142
0 0.5122324159021406 0.3663594470046083 0.01834862385321101 0.03686635944700461
0 0.47706422018348627 0.3663594470046083 0.03058103975535168 0.059907834101382486
0 0.735474006116208 0.3824884792626728 0.05504587155963303 0.11981566820276497
0 0.7844036697247706 0.3640552995391705 0.039755351681957186 0.07373271889400922
0 0.8998470948012233 0.3675115207373272 0.07492354740061162 0.12211981566820276