0 0.25729166666666664 0.7548611111111111 0.19791666666666666 0.24583333333333332
0 0.5421875 0.5979166666666667 0.103125 0.1375
0 0.6208333333333333 0.5291666666666667 0.07708333333333334 0.10833333333333334
0 0.7026041666666667 0.46319444444444446 0.059375 0.09861111111111111
0 0.7302083333333333 0.4125 0.052083333333333336 0.08055555555555556
0 0.7947916666666667 0.40694444444444444 0.04583333333333333 0.07222222222222222
0 0.8286458333333333 0.3798611111111111 0.042708333333333334 0.059722222222222225
0 0.571875 0.29097222222222224 0.03333333333333333 0.04583333333333333
0 0.5583333333333333 0.3909722222222222 0.035416666666666666 0.05416666666666667
0 0.5109375 0.4125 0.046875 0.05277777777777778
0 0.36302083333333335 0.4409722222222222 0.05520833333333333 0.06805555555555555
0 0.29791666666666666 0.42291666666666666 0.0375 0.04583333333333333
0 0.21875 0.5055555555555555 0.05416666666666667 0.08055555555555556
0 0.15677083333333333 0.4798611111111111 0.06770833333333333 0.09305555555555556
0 0.17447916666666666 0.4201388888888889 0.042708333333333334 0.059722222222222225
0 0.22291666666666668 0.41944444444444445 0.03125 0.041666666666666664
0 0.12239583333333333 0.4388888888888889 0.03854166666666667 0.05277777777777778
0 0.0578125 0.4305555555555556 0.04479166666666667 0.05277777777777778