0 0.6629464285714286 0.39222222222222225 0.03125 0.051111111111111114
0 0.4635416666666667 0.7188888888888889 0.12351190476190477 0.20222222222222222
0 0.30431547619047616 0.6355555555555555 0.09970238095238096 0.14666666666666667
0 0.07142857142857142 0.4111111111111111 0.05952380952380952 0.10222222222222223
0 0.11383928571428571 0.32 0.043154761904761904 0.06666666666666667
0 0.3385416666666667 0.34444444444444444 0.025297619047619048 0.04
0 0.4427083333333333 0.35444444444444445 0.019345238095238096 0.03333333333333333
0 0.29910714285714285 0.29 0.02976190476190476 0.04666666666666667
0 0.2604166666666667 0.17 0.023809523809523808 0.03777777777777778
0 0.20535714285714285 0.27666666666666667 0.026785714285714284 0.042222222222222223
0 0.12946428571428573 0.1922222222222222 0.026785714285714284 0.042222222222222223
0 0.07961309523809523 0.2477777777777778 0.03125 0.051111111111111114
0 0.052083333333333336 0.12555555555555556 0.026785714285714284 0.042222222222222223
0 0.04538690476190476 0.06 0.022321428571428572 0.04
0 0.06547619047619048 0.02666666666666667 0.020833333333333332 0.04