0 0.059 0.324 0.064 0.16
0 0.113 0.33 0.08 0.16
0 0.225 0.321 0.08 0.186
0 0.3075 0.275 0.109 0.226
0 0.396 0.356 0.12 0.248
0 0.556 0.324 0.148 0.336
0 0.657 0.161 0.05 0.126
0 0.731 0.203 0.072 0.15
0 0.8725 0.353 0.233 0.574
0 0.9265 0.076 0.063 0.132
0 0.816 0.047 0.036 0.078
0 0.68 0.08 0.042 0.096
0 0.5995 0.053 0.031 0.078
0 0.5505 0.042 0.031 0.06
0 0.5135 0.055 0.027 0.058
0 0.4775 0.095 0.027 0.058
0 0.437 0.102 0.036 0.08
0 0.3425 0.14 0.035 0.084
0 0.329 0.111 0.03 0.058
0 0.358 0.105 0.026 0.062
0 0.282 0.122 0.026 0.064
0 0.237 0.165 0.038 0.066
0 0.2305 0.112 0.033 0.064
0 0.1525 0.157 0.037 0.074
0 0.104 0.191 0.038 0.082
0 0.079 0.172 0.032 0.064
0 0.0235 0.156 0.033 0.064