0 0.046875 0.4270833333333333 0.0732421875 0.11458333333333333
0 0.14404296875 0.3792317708333333 0.05859375 0.111328125
0 0.156982421875 0.6861979166666666 0.14208984375 0.20703125
0 0.31689453125 0.5517578125 0.08984375 0.16341145833333334
0 0.30126953125 0.4527994791666667 0.0849609375 0.115234375
0 0.272705078125 0.3603515625 0.05615234375 0.08528645833333333
0 0.449462890625 0.4036458333333333 0.06494140625 0.109375
0 0.503662109375 0.3528645833333333 0.05712890625 0.09244791666666667
0 0.562255859375 0.4837239583333333 0.08251953125 0.1328125
0 0.6435546875 0.6982421875 0.146484375 0.193359375
0 0.84130859375 0.6064453125 0.13671875 0.19466145833333334
0 0.81982421875 0.478515625 0.0947265625 0.13541666666666666
0 0.644287109375 0.3098958333333333 0.05029296875 0.08203125
0 0.68994140625 0.2945963541666667 0.0498046875 0.07096354166666667
0 0.6640625 0.21451822916666666 0.0400390625 0.06315104166666667
0 0.76708984375 0.2942708333333333 0.044921875 0.06901041666666667
0 0.7744140625 0.2216796875 0.041015625 0.054036458333333336
0 0.859619140625 0.22721354166666666 0.05224609375 0.06510416666666667
0 0.844482421875 0.3434244791666667 0.05419921875 0.08528645833333333
0 0.93505859375 0.333984375 0.0517578125 0.0703125
0 0.971923828125 0.4104817708333333 0.05517578125 0.09049479166666667
0 0.925048828125 0.2858072916666667 0.05126953125 0.06380208333333333