0 0.3725806451612903 0.6808785529715762 0.08064516129032258 0.14728682170542637
0 0.23629032258064517 0.5064599483204134 0.06290322580645161 0.10852713178294573
0 0.25967741935483873 0.4289405684754522 0.054838709677419356 0.08785529715762273
0 0.2879032258064516 0.3733850129198966 0.03064516129032258 0.059431524547803614
0 0.3032258064516129 0.313953488372093 0.01935483870967742 0.03359173126614987
0 0.3395161290322581 0.2997416020671835 0.020967741935483872 0.031007751937984496
0 0.31693548387096776 0.2868217054263566 0.014516129032258065 0.020671834625323
0 0.375 0.3178294573643411 0.017741935483870968 0.031007751937984496
0 0.392741935483871 0.3087855297157623 0.017741935483870968 0.03359173126614987
0 0.42338709677419356 0.3992248062015504 0.03387096774193549 0.06459948320413436
0 0.38387096774193546 0.3695090439276486 0.03225806451612903 0.05167958656330749
0 0.4129032258064516 0.34366925064599485 0.01935483870967742 0.031007751937984496
0 0.442741935483871 0.3152454780361757 0.020967741935483872 0.025839793281653745
0 0.4612903225806452 0.24935400516795866 0.01935483870967742 0.028423772609819122
0 0.5362903225806451 0.23385012919896642 0.01129032258064516 0.023255813953488372
0 0.049193548387096775 0.42506459948320413 0.05967741935483871 0.08527131782945736
0 0.05161290322580645 0.34108527131782945 0.041935483870967745 0.056847545219638244
0 0.12258064516129032 0.3462532299741602 0.03870967741935484 0.06718346253229975
0 0.175 0.31136950904392763 0.027419354838709678 0.03875968992248062
0 0.018548387096774192 0.29198966408268734 0.024193548387096774 0.03617571059431524
0 0.06612903225806452 0.268733850129199 0.01935483870967742 0.025839793281653745
0 0.08548387096774193 0.31912144702842377 0.02903225806451613 0.04909560723514212
0 0.09758064516129032 0.2997416020671835 0.020967741935483872 0.03617571059431524
0 0.10806451612903226 0.25452196382428943 0.01935483870967742 0.028423772609819122
0 0.13790322580645162 0.26356589147286824 0.017741935483870968 0.025839793281653745
0 0.15725806451612903 0.26356589147286824 0.017741935483870968 0.020671834625323
0 0.20080645161290323 0.2751937984496124 0.01129032258064516 0.01808785529715762
0 0.20725806451612902 0.29844961240310075 0.017741935483870968 0.028423772609819122
0 0.22580645161290322 0.3062015503875969 0.01935483870967742 0.03359173126614987
0 0.2669354838709677 0.28811369509043927 0.014516129032258065 0.023255813953488372
0 0.4717741935483871 0.5103359173126615 0.0467741935483871 0.10594315245478036
0 0.575 0.8281653746770026 0.10806451612903226 0.1937984496124031
0 0.5854838709677419 0.4186046511627907 0.035483870967741936 0.056847545219638244
0 0.5209677419354839 0.3798449612403101 0.025806451612903226 0.046511627906976744
0 0.48629032258064514 0.36304909560723514 0.017741935483870968 0.03875968992248062
0 0.49112903225806454 0.32945736434108525 0.01129032258064516 0.03359173126614987
0 0.475 0.32170542635658916 0.017741935483870968 0.028423772609819122
0 0.525 0.3359173126614987 0.014516129032258065 0.031007751937984496
0 0.521774193548387 0.32041343669250644 0.014516129032258065 0.025839793281653745
0 0.5370967741935484 0.32558139534883723 0.012903225806451613 0.025839793281653745
0 0.5548387096774193 0.330749354005168 0.01935483870967742 0.031007751937984496
0 0.567741935483871 0.32299741602067183 0.016129032258064516 0.025839793281653745
0 0.5838709677419355 0.3669250645994832 0.02258064516129032 0.041343669250646
0 0.5903225806451613 0.34366925064599485 0.01935483870967742 0.03617571059431524
0 0.7298387096774194 0.35271317829457366 0.014516129032258065 0.03359173126614987
0 0.7556451612903226 0.3733850129198966 0.024193548387096774 0.03359173126614987
0 0.7903225806451613 0.3682170542635659 0.016129032258064516 0.03359173126614987
0 0.8282258064516129 0.36304909560723514 0.017741935483870968 0.03359173126614987
0 0.8096774193548387 0.38113695090439276 0.01935483870967742 0.03875968992248062
0 0.8411290322580646 0.4573643410852713 0.043548387096774194 0.06201550387596899
0 0.875 0.41472868217054265 0.03387096774193549 0.05426356589147287
0 0.9064516129032258 0.4082687338501292 0.025806451612903226 0.046511627906976744
0 0.9620967741935483 0.5258397932816538 0.05 0.08527131782945736
0 0.9612903225806452 0.45478036175710596 0.041935483870967745 0.06718346253229975
0 0.9822580645161291 0.40310077519379844 0.02903225806451613 0.06201550387596899