0 0.04036243822075782 0.46179775280898877 0.03789126853377265 0.060674157303370786
0 0.08237232289950576 0.6191011235955056 0.06919275123558484 0.09213483146067415
0 0.17792421746293247 0.6191011235955056 0.06589785831960461 0.09662921348314607
0 0.13344316309719934 0.5022471910112359 0.039538714991762765 0.0651685393258427
0 0.11120263591433278 0.46741573033707867 0.03789126853377265 0.04943820224719101
0 0.19357495881383854 0.449438202247191 0.02471169686985173 0.04943820224719101
0 0.23228995057660626 0.4707865168539326 0.036243822075782535 0.051685393258426963
0 0.2644151565074135 0.49775280898876406 0.03789126853377265 0.04719101123595506
0 0.2644151565074135 0.553932584269663 0.04118616144975288 0.060674157303370786
0 0.3056013179571664 0.5808988764044943 0.03459637561779242 0.0696629213483146
0 0.26359143327841844 0.6539325842696629 0.04942339373970346 0.07640449438202247
0 0.34761120263591433 0.6112359550561798 0.05601317957166392 0.09887640449438202
0 0.4110378912685338 0.5707865168539326 0.04118616144975288 0.06292134831460675
0 0.30807248764415157 0.4651685393258427 0.029654036243822075 0.04943820224719101
0 0.36655683690280066 0.45056179775280897 0.02800658978583196 0.04719101123595506
0 0.400329489291598 0.4584269662921348 0.026359143327841845 0.0449438202247191
0 0.42668863261943984 0.49887640449438203 0.029654036243822075 0.05393258426966292
0 0.4950576606260296 0.4842696629213483 0.02800658978583196 0.056179775280898875
0 0.5420098846787479 0.46179775280898877 0.026359143327841845 0.051685393258426963
0 0.5593080724876441 0.5044943820224719 0.03459637561779242 0.051685393258426963
0 0.5642504118616145 0.5550561797752809 0.03789126853377265 0.05393258426966292
0 0.5980230642504119 0.5730337078651685 0.029654036243822075 0.06741573033707865
0 0.6268533772652389 0.5483146067415731 0.03459637561779242 0.058426966292134834
0 0.5947281713344317 0.5022471910112359 0.032948929159802305 0.051685393258426963
0 0.5971993410214168 0.46292134831460674 0.02471169686985173 0.035955056179775284
0 0.6705107084019769 0.4404494382022472 0.032948929159802305 0.04943820224719101
0 0.6869851729818781 0.5213483146067416 0.036243822075782535 0.05393258426966292
0 0.6630971993410214 0.6101123595505618 0.047775947281713346 0.08764044943820225
0 0.728995057660626 0.5831460674157304 0.044481054365733116 0.0696629213483146
0 0.7158154859967051 0.449438202247191 0.03130148270181219 0.04943820224719101
0 0.7767710049423394 0.48651685393258426 0.03789126853377265 0.060674157303370786
0 0.8204283360790774 0.46741573033707867 0.026359143327841845 0.0449438202247191
0 0.8261943986820428 0.5325842696629214 0.04118616144975288 0.058426966292134834
0 0.7957166392092258 0.6314606741573033 0.06260296540362438 0.10337078651685393
0 0.9505766062602965 0.6213483146067416 0.05930807248764415 0.10112359550561797
0 0.886326194398682 0.5382022471910113 0.029654036243822075 0.056179775280898875
0 0.9382207578253706 0.5258426966292135 0.03789126853377265 0.04943820224719101
0 0.9060955518945635 0.46292134831460674 0.023064250411861616 0.035955056179775284
0 0.8649093904448105 0.46853932584269664 0.023064250411861616 0.04719101123595506