0 0.15625 0.26358695652173914 0.0725 0.11775362318840579
0 0.089375 0.1956521739130435 0.06875 0.10869565217391304
0 0.246875 0.6059782608695652 0.04875 0.09601449275362318
0 0.225625 0.5643115942028986 0.05875 0.07789855072463768
0 0.25625 0.5289855072463768 0.0525 0.09057971014492754
0 0.23 0.46648550724637683 0.0525 0.08876811594202899
0 0.344375 0.4447463768115942 0.04875 0.08514492753623189
0 0.36875 0.15579710144927536 0.055 0.08333333333333333
0 0.4275 0.4519927536231884 0.0475 0.09601449275362318
0 0.51375 0.18659420289855072 0.045 0.07971014492753623
0 0.59 0.4782608695652174 0.0525 0.09420289855072464
0 0.593125 0.3242753623188406 0.05875 0.09420289855072464
0 0.74875 0.2246376811594203 0.0625 0.09782608695652174
0 0.7525 0.11775362318840579 0.075 0.10869565217391304
0 0.82125 0.1503623188405797 0.08 0.10869565217391304
0 0.91625 0.5615942028985508 0.0775 0.12318840579710146