0 0.05851851851851852 0.5013157894736842 0.0637037037037037 0.16052631578947368
0 0.11777777777777777 0.4473684210526316 0.06074074074074074 0.12105263157894737
0 0.08 0.3 0.05333333333333334 0.11578947368421053
0 0.19555555555555557 0.40131578947368424 0.06518518518518518 0.11315789473684211
0 0.21185185185185185 0.506578947368421 0.07111111111111111 0.17105263157894737
0 0.3451851851851852 0.4355263157894737 0.05333333333333334 0.14473684210526316
0 0.47333333333333333 0.47368421052631576 0.06074074074074074 0.15789473684210525
0 0.5674074074074074 0.4842105263157895 0.06814814814814815 0.15789473684210525
0 0.6918518518518518 0.5 0.06518518518518518 0.1631578947368421
0 0.8555555555555555 0.5460526315789473 0.06074074074074074 0.15526315789473685
0 0.9451851851851852 0.5368421052631579 0.09777777777777778 0.18947368421052632