0 0.06266711229946524 0.803 0.09057486631016043 0.155
0 0.04946524064171123 0.6875 0.06684491978609626 0.103
0 0.11798128342245989 0.647 0.05213903743315508 0.07
0 0.0929144385026738 0.63375 0.03676470588235294 0.0665
0 0.20086898395721925 0.69375 0.08155080213903744 0.1325
0 0.21557486631016043 0.64125 0.04679144385026738 0.0815
0 0.23195187165775402 0.6275 0.047459893048128345 0.075
0 0.28559491978609625 0.62175 0.043114973262032084 0.0675
0 0.31517379679144386 0.68325 0.0661764705882353 0.0825
0 0.3043114973262032 0.6385 0.048462566844919786 0.07
0 0.3352272727272727 0.6 0.03542780748663102 0.064
0 0.37232620320855614 0.6235 0.04946524064171123 0.073
0 0.42613636363636365 0.66475 0.04946524064171123 0.0865
0 0.4202874331550802 0.5985 0.04378342245989305 0.077
0 0.35544786096256686 0.463 0.029745989304812835 0.056
0 0.30815508021390375 0.8775 0.28342245989304815 0.244
0 0.5481283422459893 0.84125 0.1824866310160428 0.3165
0 0.5526403743315508 0.6265 0.056483957219251334 0.098
0 0.6438836898395722 0.86575 0.08990641711229946 0.1655
0 0.7291109625668449 0.79475 0.08656417112299465 0.1365
0 0.7078877005347594 0.6875 0.08155080213903744 0.122
0 0.7476604278074866 0.647 0.06751336898395723 0.099
0 0.7815842245989305 0.60475 0.041109625668449196 0.0645
0 0.914605614973262 0.84325 0.11196524064171123 0.2025
0 0.9035762032085561 0.7085 0.09258021390374331 0.147
0 0.8673128342245989 0.625 0.05213903743315508 0.107
0 0.8830213903743316 0.59575 0.06684491978609626 0.0885
0 0.9740975935828877 0.66175 0.05113636363636364 0.1035
0 0.96875 0.77975 0.061831550802139035 0.1335