0 0.12107889733840305 0.4846153846153846 0.05869771863117871 0.08205128205128205
0 0.23205798479087453 0.6974358974358974 0.16183460076045628 0.23717948717948717
0 0.1940351711026616 0.5618589743589744 0.07723384030418251 0.11217948717948718
0 0.3519486692015209 0.6092948717948717 0.09600760456273764 0.16923076923076924
0 0.33222433460076045 0.5272435897435898 0.05655893536121673 0.07692307692307693
0 0.34850285171102663 0.27852564102564104 0.043013307984790874 0.06025641025641026
0 0.4756416349809886 0.8557692307692307 0.20651140684410646 0.2794871794871795
0 0.621078897338403 0.5737179487179487 0.07580798479087453 0.09807692307692308
0 0.6248811787072244 0.5291666666666667 0.06392585551330798 0.08525641025641026
0 0.660884030418251 0.48205128205128206 0.051330798479087454 0.08525641025641026
0 0.8866444866920152 0.7761217948717949 0.16730038022813687 0.2503205128205128
0 0.8595532319391636 0.5346153846153846 0.08032319391634982 0.1141025641025641
0 0.9523526615969582 0.5342948717948718 0.0625 0.1032051282051282
0 0.9452233840304183 0.5001602564102564 0.05869771863117871 0.08301282051282051