0 0.0803030303030303 0.5727272727272728 0.08181818181818182 0.14545454545454545
0 0.07575757575757576 0.44545454545454544 0.06060606060606061 0.1
0 0.045454545454545456 0.37727272727272726 0.04242424242424243 0.07272727272727272
0 0.06515151515151515 0.3477272727272727 0.03333333333333333 0.05909090909090909
0 0.07121212121212121 0.32045454545454544 0.03333333333333333 0.05
0 0.1606060606060606 0.3181818181818182 0.03636363636363636 0.05454545454545454
0 0.1712121212121212 0.35 0.03333333333333333 0.05454545454545454
0 0.18787878787878787 0.3795454545454545 0.03636363636363636 0.05909090909090909
0 0.21212121212121213 0.42954545454545456 0.05454545454545454 0.08636363636363636
0 0.29545454545454547 0.4909090909090909 0.08181818181818182 0.12727272727272726
0 0.6484848484848484 0.42727272727272725 0.05454545454545454 0.09090909090909091
0 0.6196969696969697 0.38181818181818183 0.03333333333333333 0.05454545454545454
0 0.5969696969696969 0.32727272727272727 0.030303030303030304 0.045454545454545456
0 0.5803030303030303 0.3181818181818182 0.021212121212121213 0.05454545454545454
0 0.5181818181818182 0.3931818181818182 0.03636363636363636 0.07727272727272727
0 0.43787878787878787 0.375 0.03333333333333333 0.05909090909090909
0 0.44545454545454544 0.33181818181818185 0.030303030303030304 0.05454545454545454
0 0.47878787878787876 0.29545454545454547 0.024242424242424242 0.045454545454545456
0 0.39545454545454545 0.32045454545454544 0.02727272727272727 0.05
0 0.3712121212121212 0.3431818181818182 0.02727272727272727 0.05909090909090909
0 0.3606060606060606 0.2909090909090909 0.024242424242424242 0.045454545454545456
0 0.3333333333333333 0.32954545454545453 0.030303030303030304 0.05
0 0.29545454545454547 0.30227272727272725 0.02727272727272727 0.05909090909090909
0 0.5318181818181819 0.31363636363636366 0.02727272727272727 0.05454545454545454
0 0.6424242424242425 0.33181818181818185 0.024242424242424242 0.045454545454545456
0 0.6787878787878788 0.3659090909090909 0.030303030303030304 0.05909090909090909
0 0.6833333333333333 0.29545454545454547 0.021212121212121213 0.045454545454545456
0 0.7242424242424242 0.30454545454545456 0.024242424242424242 0.03636363636363636
0 0.75 0.3431818181818182 0.02727272727272727 0.05
0 0.7484848484848485 0.4113636363636364 0.048484848484848485 0.08636363636363636
0 0.7818181818181819 0.3704545454545455 0.030303030303030304 0.05909090909090909
0 0.7984848484848485 0.3159090909090909 0.021212121212121213 0.04090909090909091
0 0.85 0.375 0.03333333333333333 0.05909090909090909
0 0.8424242424242424 0.33181818181818185 0.024242424242424242 0.045454545454545456
0 0.8909090909090909 0.3340909090909091 0.024242424242424242 0.04090909090909091
0 0.9272727272727272 0.39090909090909093 0.03636363636363636 0.08181818181818182
0 0.9833333333333333 0.3840909090909091 0.02727272727272727 0.05909090909090909
0 0.9636363636363636 0.35454545454545455 0.030303030303030304 0.045454545454545456