0 0.03998161764705882 0.4013480392156863 0.07383578431372549 0.11642156862745098
0 0.18872549019607843 0.33762254901960786 0.06495098039215687 0.09436274509803921
0 0.29151348039215685 0.3075980392156863 0.05238970588235294 0.08660130718954248
0 0.3714767156862745 0.3923611111111111 0.08363970588235294 0.12050653594771242
0 0.4244791666666667 0.2722630718954248 0.04013480392156863 0.0755718954248366
0 0.4947916666666667 0.36356209150326796 0.07904411764705882 0.11437908496732026
0 0.5194546568627451 0.2747140522875817 0.04932598039215686 0.07883986928104575
0 0.5571384803921569 0.2971813725490196 0.04871323529411765 0.06985294117647059
0 0.59375 0.3290441176470588 0.06495098039215687 0.09354575163398693
0 0.6311274509803921 0.2902369281045752 0.04718137254901961 0.06985294117647059
0 0.6815257352941176 0.29330065359477125 0.05974264705882353 0.08169934640522876
0 0.6845894607843137 0.23345588235294118 0.04013480392156863 0.06576797385620915
0 0.8409926470588235 0.20465686274509803 0.04411764705882353 0.06781045751633986
0 0.866421568627451 0.2622549019607843 0.0545343137254902 0.0857843137254902
0 0.8780637254901961 0.20608660130718953 0.03860294117647059 0.05514705882352941
0 0.9401041666666666 0.22732843137254902 0.04932598039215686 0.06576797385620915
0 0.9450061274509803 0.18668300653594772 0.03952205882352941 0.05555555555555555