0 0.06875 0.8097469540768509 0.12 0.15557638238050608
0 0.2859375 0.7263355201499532 0.088125 0.15370196813495782
0 0.245 0.6241799437675727 0.06375 0.11433926897844424
0 0.1553125 0.612933458294283 0.056875 0.07497656982193064
0 0.0615625 0.6410496719775071 0.068125 0.10871602624179943
0 0.030625 0.5951265229615745 0.0425 0.06935332708528585
0 0.0721875 0.5688847235238987 0.044375 0.06560449859418932
0 0.0809375 0.5192127460168697 0.021875 0.033739456419868794
0 0.1046875 0.5262417994376757 0.029375 0.04779756326148079
0 0.1584375 0.5051546391752577 0.030625 0.056232427366447985
0 0.180625 0.5520149953139644 0.03375 0.05998125585754452
0 0.09 0.4906279287722587 0.0175 0.023430178069353328
0 0.235625 0.5042174320524836 0.01875 0.028116213683223992
0 0.2584375 0.5042174320524836 0.019375 0.03561387066541706
0 0.275 0.49109653233364575 0.015 0.033739456419868794
0 0.2825 0.507029053420806 0.01625 0.02436738519212746
0 0.2984375 0.514058106841612 0.024375 0.03467666354264293
0 0.3209375 0.5276476101218369 0.020625 0.046860356138706656
0 0.3425 0.5445173383317713 0.0275 0.04498594189315839
0 0.338125 0.507029053420806 0.01875 0.031865042174320526
0 0.365625 0.5295220243673852 0.025 0.03936269915651359
0 0.38875 0.5135895032802249 0.01875 0.031865042174320526
0 0.3853125 0.4831302717900656 0.014375 0.02717900656044986
0 0.4125 0.5468603561387066 0.0275 0.06279287722586692
0 0.419375 0.528116213683224 0.02625 0.038425492033739454
0 0.41125 0.49343955014058105 0.01375 0.030927835051546393
0 0.416875 0.4971883786316776 0.01375 0.02717900656044986
0 0.4340625 0.485941893158388 0.014375 0.023430178069353328
0 0.4715625 0.5754451733833177 0.034375 0.07310215557638237
0 0.461875 0.5309278350515464 0.02875 0.038425492033739454
0 0.4721875 0.5074976569821931 0.024375 0.03467666354264293
0 0.4515625 0.5004686035613871 0.018125 0.022492970946579195
0 0.4853125 0.49765698219306465 0.013125 0.020618556701030927
0 0.5046875 0.4915651358950328 0.016875 0.02155576382380506
0 0.5003125 0.5164011246485474 0.016875 0.02999062792877226
0 0.51875 0.57029053420806 0.0325 0.06841611996251172
0 0.5165625 0.5271790065604499 0.020625 0.03655107778819119
0 0.5490625 0.5159325210871603 0.020625 0.03655107778819119
0 0.5303125 0.5098406747891284 0.015625 0.02436738519212746
0 0.555625 0.6152764761012184 0.04625 0.09840674789128398
0 0.6065625 0.5623242736644799 0.036875 0.06560449859418932
0 0.6034375 0.5318650421743205 0.029375 0.038425492033739454
0 0.58625 0.5112464854732895 0.01625 0.029053420805998126
0 0.638125 0.5951265229615745 0.0475 0.09184629803186505
0 0.6378125 0.5164011246485474 0.026875 0.04873477038425492
0 0.676875 0.5412371134020618 0.02875 0.053420805998125584
0 0.6821875 0.521087160262418 0.020625 0.04311152764761012
0 0.7040625 0.5824742268041238 0.043125 0.08716026241799438
0 0.76125 0.5304592314901593 0.03125 0.06560449859418932
0 0.734375 0.5309278350515464 0.02625 0.04217432052483599
0 0.774375 0.5379568884723523 0.02625 0.04873477038425492
0 0.825625 0.5374882849109653 0.035 0.06654170571696345
0 0.82875 0.6874414245548266 0.07375 0.1302717900656045
0 0.916875 0.6330834114339269 0.06375 0.09840674789128398
0 0.976875 0.5660731021555764 0.045 0.07497656982193064