0 0.0508130081300813 0.42073170731707316 0.056910569105691054 0.06910569105691057
0 0.037601626016260166 0.37601626016260165 0.036585365853658534 0.05555555555555555
0 0.1209349593495935 0.3475609756097561 0.03048780487804878 0.05013550135501355
0 0.15142276422764228 0.3888888888888889 0.03861788617886179 0.06504065040650407
0 0.16971544715447154 0.35772357723577236 0.03861788617886179 0.05962059620596206
0 0.23323170731707318 0.3915989159891599 0.049796747967479675 0.07046070460704607
0 0.20071138211382114 0.47764227642276424 0.061991869918699184 0.09078590785907859
0 0.2184959349593496 0.3394308943089431 0.024390243902439025 0.04742547425474255
0 0.27540650406504064 0.3407859078590786 0.026422764227642278 0.04742547425474255
0 0.2967479674796748 0.36449864498644985 0.032520325203252036 0.05420054200542006
0 0.3358739837398374 0.4654471544715447 0.0741869918699187 0.08807588075880758
0 0.36077235772357724 0.3983739837398374 0.0508130081300813 0.06775067750677506
0 0.3795731707317073 0.37262872628726285 0.029471544715447155 0.05420054200542006
0 0.39989837398373984 0.34552845528455284 0.027439024390243903 0.04607046070460705
0 0.3673780487804878 0.3265582655826558 0.023373983739837397 0.037940379403794036
0 0.3277439024390244 0.32994579945799457 0.027439024390243903 0.044715447154471545
0 0.38058943089430897 0.3075880758807588 0.02540650406504065 0.037940379403794036
0 0.4334349593495935 0.3340108401084011 0.02540650406504065 0.04200542005420054
0 0.4634146341463415 0.3333333333333333 0.02032520325203252 0.04065040650406504
0 0.47510162601626016 0.34823848238482386 0.02540650406504065 0.04607046070460705
0 0.4898373983739837 0.36653116531165314 0.032520325203252036 0.052845528455284556
0 0.4847560975609756 0.4241192411924119 0.046747967479674794 0.08130081300813008
0 0.5858739837398373 0.3861788617886179 0.04369918699186992 0.06504065040650407
0 0.6077235772357723 0.34146341463414637 0.034552845528455285 0.04878048780487805
0 0.6234756097560976 0.3245257452574526 0.023373983739837397 0.036585365853658534
0 0.5442073170731707 0.3313008130081301 0.027439024390243903 0.044715447154471545
0 0.6732723577235772 0.3407859078590786 0.031504065040650404 0.05013550135501355
0 0.6910569105691057 0.36449864498644985 0.034552845528455285 0.05962059620596206
0 0.7433943089430894 0.3489159891598916 0.029471544715447155 0.044715447154471545
0 0.8099593495934959 0.32791327913279134 0.026422764227642278 0.051490514905149054
0 0.5172764227642277 0.6598915989159891 0.10975609756097561 0.16260162601626016
0 0.6686991869918699 0.5094850948509485 0.08130081300813008 0.13008130081300814
0 0.7987804878048781 0.4356368563685637 0.056910569105691054 0.1043360433604336
0 0.8241869918699187 0.4065040650406504 0.04878048780487805 0.07317073170731707
0 0.8465447154471545 0.6937669376693767 0.16869918699186992 0.2032520325203252
0 0.9232723577235772 0.5372628726287263 0.09044715447154472 0.12059620596205962
0 0.9070121951219512 0.36449864498644985 0.047764227642276426 0.07588075880758807
0 0.9532520325203252 0.33807588075880757 0.034552845528455285 0.06368563685636856
0 0.983739837398374 0.43224932249322495 0.028455284552845527 0.08672086720867209
0 0.9832317073170732 0.37669376693766937 0.031504065040650404 0.06233062330623306
0 0.9872967479674797 0.3231707317073171 0.023373983739837397 0.044715447154471545