0 0.17 0.3708708708708709 0.08 0.12312312312312312
0 0.245 0.2987987987987988 0.058 0.08708708708708708
0 0.302 0.3768768768768769 0.076 0.0990990990990991
0 0.313 0.5570570570570571 0.154 0.24324324324324326
0 0.413 0.3483483483483483 0.054 0.09009009009009009
0 0.349 0.3063063063063063 0.05 0.09009009009009009
0 0.44 0.2552552552552553 0.044 0.08408408408408409
0 0.48 0.29429429429429427 0.04 0.07807807807807808
0 0.519 0.34234234234234234 0.05 0.0960960960960961
0 0.599 0.3213213213213213 0.046 0.08408408408408409
0 0.59 0.29429429429429427 0.048 0.07807807807807808
0 0.705 0.3048048048048048 0.05 0.08708708708708708
0 0.728 0.24924924924924924 0.032 0.06006006006006006
0 0.626 0.496996996996997 0.104 0.17717717717717718
0 0.676 0.42792792792792794 0.08 0.10510510510510511
0 0.883 0.3738738738738739 0.082 0.12912912912912913
0 0.859 0.2732732732732733 0.05 0.07207207207207207
0 0.897 0.06156156156156156 0.062 0.11711711711711711
0 0.98 0.24324324324324326 0.036 0.07807807807807808