0 0.23908045977011494 0.18251533742331288 0.06896551724137931 0.10531697341513292
0 0.2770114942528736 0.553680981595092 0.09731800766283524 0.12372188139059305
0 0.40344827586206894 0.48619631901840493 0.07739463601532567 0.11349693251533742
0 0.4896551724137931 0.4785276073619632 0.07509578544061303 0.09406952965235174
0 0.5651340996168582 0.4734151329243354 0.06666666666666667 0.08793456032719836
0 0.6306513409961686 0.4647239263803681 0.06590038314176246 0.08486707566462168
0 0.6727969348659004 0.44734151329243355 0.056704980842911874 0.08077709611451943
0 0.724904214559387 0.42024539877300615 0.05823754789272031 0.07770961145194274
0 0.7873563218390804 0.3726993865030675 0.04980842911877394 0.06850715746421268
0 0.8084291187739464 0.3604294478527607 0.038314176245210725 0.05828220858895705
0 0.4471264367816092 0.7786298568507157 0.16015325670498085 0.23415132924335377
0 0.6045977011494252 0.7244376278118609 0.1532567049808429 0.19734151329243355
0 0.7295019157088123 0.6252556237218814 0.13333333333333333 0.16666666666666666
0 0.7264367816091954 0.5311860940695297 0.11647509578544062 0.12576687116564417
0 0.7865900383141763 0.4918200408997955 0.08659003831417625 0.1083844580777096
0 0.8291187739463601 0.48006134969325154 0.059770114942528735 0.10940695296523517
0 0.9318007662835249 0.4652351738241309 0.09348659003831418 0.10429447852760736