0 0.106 0.6216216216216216 0.048 0.07207207207207207
0 0.059 0.5735735735735735 0.038 0.04804804804804805
0 0.111 0.5720720720720721 0.034 0.04504504504504504
0 0.179 0.5525525525525525 0.03 0.042042042042042045
0 0.196 0.6261261261261262 0.044 0.07507507507507508
0 0.173 0.8123123123123123 0.082 0.12912912912912913
0 0.247 0.5885885885885885 0.038 0.06606606606606606
0 0.224 0.5570570570570571 0.028 0.03903903903903904
0 0.254 0.5420420420420421 0.024 0.04504504504504504
0 0.302 0.5525525525525525 0.028 0.042042042042042045
0 0.326 0.6141141141141141 0.036 0.06906906906906907
0 0.371 0.575075075075075 0.034 0.05105105105105105
0 0.431 0.6816816816816816 0.062 0.10810810810810811
0 0.437 0.5825825825825826 0.034 0.05405405405405406
0 0.452 0.551051051051051 0.028 0.04504504504504504
0 0.52 0.5615615615615616 0.028 0.036036036036036036
0 0.46 0.43993993993993996 0.028 0.04504504504504504
0 0.546 0.6906906906906907 0.064 0.12012012012012012
0 0.58 0.6246246246246246 0.048 0.08408408408408409
0 0.7 0.6321321321321322 0.052 0.08108108108108109
0 0.696 0.5900900900900901 0.04 0.05105105105105105
0 0.72 0.5675675675675675 0.028 0.05405405405405406
0 0.765 0.5975975975975976 0.042 0.06606606606606606
0 0.808 0.5720720720720721 0.032 0.057057057057057055