0 0.03453947368421053 0.3857493857493858 0.06578947368421052 0.11793611793611794
0 0.13322368421052633 0.36486486486486486 0.046052631578947366 0.06142506142506143
0 0.19078947368421054 0.4312039312039312 0.05921052631578947 0.09582309582309582
0 0.24917763157894737 0.4152334152334152 0.08717105263157894 0.10810810810810811
0 0.3199013157894737 0.40294840294840295 0.054276315789473686 0.08353808353808354
0 0.21710526315789475 0.3452088452088452 0.02631578947368421 0.04176904176904177
0 0.3034539473684211 0.33906633906633904 0.02138157894736842 0.03931203931203931
0 0.3692434210526316 0.3538083538083538 0.03453947368421053 0.044226044226044224
0 0.40131578947368424 0.40786240786240785 0.05921052631578947 0.08353808353808354
0 0.37335526315789475 0.5061425061425061 0.09210526315789473 0.13267813267813267
0 0.4753289473684211 0.4250614250614251 0.06907894736842106 0.10319410319410319
0 0.5205592105263158 0.3832923832923833 0.044407894736842105 0.07862407862407862
0 0.4909539473684211 0.3415233415233415 0.024671052631578948 0.044226044226044224
0 0.46792763157894735 0.36240786240786244 0.027960526315789474 0.036855036855036855
0 0.4498355263157895 0.33415233415233414 0.027960526315789474 0.044226044226044224
0 0.4597039473684211 0.3058968058968059 0.027960526315789474 0.036855036855036855
0 0.3980263157894737 0.3181818181818182 0.029605263157894735 0.03194103194103194
0 0.6644736842105263 0.43366093366093367 0.049342105263157895 0.10073710073710074
0 0.9202302631578947 0.6339066339066339 0.13980263157894737 0.23587223587223588
0 0.78125 0.4312039312039312 0.0625 0.08108108108108109
0 0.850328947368421 0.3857493857493858 0.046052631578947366 0.08353808353808354
0 0.8963815789473685 0.3501228501228501 0.039473684210526314 0.051597051597051594
0 0.9514802631578947 0.386977886977887 0.03782894736842105 0.06142506142506143
0 0.9580592105263158 0.32186732186732187 0.03125 0.05405405405405406
0 0.9276315789473685 0.32063882063882065 0.02631578947368421 0.04668304668304668
0 0.8988486842105263 0.29115479115479115 0.02138157894736842 0.036855036855036855
0 0.8865131578947368 0.26535626535626533 0.023026315789473683 0.0343980343980344
0 0.9235197368421053 0.2727272727272727 0.02138157894736842 0.0343980343980344
0 0.977796052631579 0.2678132678132678 0.02138157894736842 0.0343980343980344
0 0.8519736842105263 0.29115479115479115 0.023026315789473683 0.036855036855036855
0 0.8700657894736842 0.32186732186732187 0.02631578947368421 0.044226044226044224
0 0.8125 0.3415233415233415 0.03289473684210526 0.04914004914004914
0 0.75 0.3820638820638821 0.03618421052631579 0.051597051597051594
0 0.7129934210526315 0.32678132678132676 0.024671052631578948 0.03931203931203931
0 0.6447368421052632 0.3808353808353808 0.046052631578947366 0.07862407862407862
0 0.6101973684210527 0.36117936117936117 0.03618421052631579 0.06388206388206388
0 0.5838815789473685 0.33046683046683045 0.02631578947368421 0.04176904176904177
0 0.5699013157894737 0.2972972972972973 0.027960526315789474 0.044226044226044224
0 0.5139802631578947 0.29975429975429974 0.024671052631578948 0.0343980343980344
0 0.5041118421052632 0.3181818181818182 0.02138157894736842 0.036855036855036855
0 0.5953947368421053 0.300982800982801 0.023026315789473683 0.036855036855036855
0 0.6192434210526315 0.29238329238329236 0.018092105263157895 0.0343980343980344
0 0.6669407894736842 0.269041769041769 0.02138157894736842 0.03194103194103194
0 0.7023026315789473 0.300982800982801 0.019736842105263157 0.036855036855036855
0 0.756578947368421 0.32678132678132676 0.02631578947368421 0.0343980343980344
0 0.7631578947368421 0.29606879606879605 0.023026315789473683 0.03194103194103194
0 0.75 0.28746928746928746 0.019736842105263157 0.02457002457002457
0 0.7393092105263158 0.2727272727272727 0.02138157894736842 0.029484029484029485
0 0.7286184210526315 0.24692874692874692 0.019736842105263157 0.02702702702702703
0 0.7730263157894737 0.2616707616707617 0.019736842105263157 0.036855036855036855