0 0.11545454545454545 0.2808219178082192 0.07090909090909091 0.1232876712328767
0 0.04727272727272727 0.14931506849315068 0.05818181818181818 0.09041095890410959
0 0.042727272727272725 0.07808219178082192 0.03090909090909091 0.052054794520547946
0 0.1190909090909091 0.10821917808219178 0.034545454545454546 0.052054794520547946
0 0.11454545454545455 0.17945205479452056 0.03636363636363636 0.0684931506849315
0 0.15636363636363637 0.16027397260273973 0.03636363636363636 0.08493150684931507
0 0.2318181818181818 0.1684931506849315 0.04181818181818182 0.0684931506849315
0 0.25363636363636366 0.29041095890410956 0.0890909090909091 0.14794520547945206
0 0.3781818181818182 0.29863013698630136 0.06545454545454546 0.13150684931506848
0 0.30818181818181817 0.1684931506849315 0.05272727272727273 0.08493150684931507
0 0.3418181818181818 0.12191780821917808 0.025454545454545455 0.052054794520547946
0 0.4018181818181818 0.13835616438356163 0.02909090909090909 0.04657534246575343
0 0.4445454545454545 0.14520547945205478 0.03090909090909091 0.0547945205479452
0 0.47909090909090907 0.17397260273972603 0.03090909090909091 0.052054794520547946
0 0.4909090909090909 0.28356164383561644 0.06181818181818182 0.1232876712328767
0 0.5690909090909091 0.2054794520547945 0.02909090909090909 0.0547945205479452
0 0.6045454545454545 0.20821917808219179 0.03090909090909091 0.0547945205479452
0 0.5981818181818181 0.17945205479452056 0.025454545454545455 0.0410958904109589
0 0.5390909090909091 0.14520547945205478 0.023636363636363636 0.038356164383561646
0 0.5172727272727272 0.14931506849315068 0.023636363636363636 0.0410958904109589
0 0.6436363636363637 0.16986301369863013 0.025454545454545455 0.049315068493150684
0 0.6790909090909091 0.18767123287671234 0.034545454545454546 0.04657534246575343
0 0.6872727272727273 0.15342465753424658 0.01818181818181818 0.0273972602739726
0 0.7218181818181818 0.18904109589041096 0.025454545454545455 0.038356164383561646
0 0.72 0.14931506849315068 0.014545454545454545 0.024657534246575342
0 0.7436363636363637 0.15753424657534246 0.014545454545454545 0.030136986301369864
0 0.7272727272727273 0.23835616438356164 0.03636363636363636 0.06575342465753424
0 0.7918181818181819 0.2547945205479452 0.04181818181818182 0.07671232876712329
0 0.769090909090909 0.20273972602739726 0.02181818181818182 0.038356164383561646
0 0.769090909090909 0.2410958904109589 0.025454545454545455 0.043835616438356165
0 0.8009090909090909 0.18356164383561643 0.016363636363636365 0.038356164383561646
0 0.82 0.21232876712328766 0.01818181818181818 0.0410958904109589
0 0.8554545454545455 0.26301369863013696 0.03090909090909091 0.07671232876712329
0 0.9027272727272727 0.26986301369863014 0.038181818181818185 0.08493150684931507
0 0.94 0.25753424657534246 0.03272727272727273 0.07671232876712329
0 0.9709090909090909 0.28356164383561644 0.03272727272727273 0.07945205479452055
0 0.850909090909091 0.2 0.01818181818181818 0.043835616438356165