0 0.04375 0.1925925925925926 0.0425 0.05925925925925926
0 0.09125 0.24074074074074073 0.0525 0.05925925925925926
0 0.13625 0.27037037037037037 0.0575 0.06666666666666667
0 0.1 0.3648148148148148 0.075 0.08518518518518518
0 0.2875 0.42777777777777776 0.115 0.12962962962962962
0 0.255 0.3277777777777778 0.06 0.07777777777777778
0 0.3025 0.20185185185185187 0.05 0.06296296296296296
0 0.26 0.13518518518518519 0.04 0.07777777777777778
0 0.36625 0.1574074074074074 0.0475 0.04814814814814815
0 0.3975 0.18703703703703703 0.05 0.06296296296296296
0 0.44875 0.17592592592592593 0.0425 0.05555555555555555
0 0.42125 0.25 0.0625 0.1
0 0.39 0.3611111111111111 0.08 0.10740740740740741
0 0.5175 0.32222222222222224 0.07 0.1037037037037037
0 0.5175 0.13703703703703704 0.04 0.05925925925925926
0 0.5175 0.037037037037037035 0.045 0.05925925925925926
0 0.55 0.12037037037037036 0.035 0.06296296296296296
0 0.6 0.16296296296296298 0.045 0.08148148148148149
0 0.63625 0.17592592592592593 0.0575 0.1
0 0.71875 0.2740740740740741 0.0575 0.08888888888888889
0 0.6475 0.4425925925925926 0.105 0.15925925925925927
0 0.485 0.5796296296296296 0.145 0.2111111111111111
0 0.37 0.6407407407407407 0.18 0.23703703703703705
0 0.73625 0.22037037037037038 0.0375 0.06296296296296296
0 0.73 0.16296296296296298 0.035 0.05185185185185185
0 0.7775 0.14444444444444443 0.035 0.05925925925925926
0 0.84125 0.2574074074074074 0.0575 0.08518518518518518
0 0.89625 0.21851851851851853 0.0675 0.1037037037037037
0 0.865 0.17037037037037037 0.035 0.06666666666666667