0 0.13529411764705881 0.6576576576576577 0.13333333333333333 0.21021021021021022
0 0.12058823529411765 0.4804804804804805 0.052941176470588235 0.08408408408408409
0 0.23039215686274508 0.43993993993993996 0.03333333333333333 0.057057057057057055
0 0.2735294117647059 0.515015015015015 0.07254901960784314 0.11711711711711711
0 0.2676470588235294 0.43243243243243246 0.025490196078431372 0.04804804804804805
0 0.30490196078431375 0.4369369369369369 0.029411764705882353 0.05105105105105105
0 0.3215686274509804 0.4114114114114114 0.03137254901960784 0.06006006006006006
0 0.3588235294117647 0.47597597597597596 0.047058823529411764 0.08708708708708708
0 0.3872549019607843 0.45645645645645644 0.029411764705882353 0.06006006006006006
0 0.4107843137254902 0.4339339339339339 0.025490196078431372 0.04504504504504504
0 0.3911764705882353 0.4159159159159159 0.01764705882352941 0.03903903903903904
0 0.3980392156862745 0.3843843843843844 0.01568627450980392 0.03003003003003003
0 0.4549019607843137 0.37987987987987987 0.0196078431372549 0.02702702702702703
0 0.5254901960784314 0.37987987987987987 0.0196078431372549 0.02702702702702703
0 0.5882352941176471 0.3813813813813814 0.01568627450980392 0.024024024024024024
0 0.5480392156862746 0.43243243243243246 0.01764705882352941 0.03003003003003003
0 0.5676470588235294 0.4339339339339339 0.025490196078431372 0.03903903903903904
0 0.6058823529411764 0.4339339339339339 0.027450980392156862 0.05105105105105105
0 0.5911764705882353 0.4084084084084084 0.01764705882352941 0.036036036036036036
0 0.6372549019607843 0.42492492492492495 0.0196078431372549 0.03903903903903904
0 0.6725490196078432 0.5105105105105106 0.07058823529411765 0.0960960960960961
0 0.7088235294117647 0.45495495495495497 0.025490196078431372 0.057057057057057055
0 0.6794117647058824 0.42342342342342343 0.01764705882352941 0.042042042042042045
0 0.6666666666666666 0.44744744744744747 0.0196078431372549 0.036036036036036036
0 0.7254901960784313 0.42792792792792794 0.0196078431372549 0.03303303303303303
0 0.6980392156862745 0.42492492492492495 0.023529411764705882 0.03303303303303303
0 0.7774509803921569 0.506006006006006 0.052941176470588235 0.08108108108108109
0 0.8225490196078431 0.44894894894894893 0.03333333333333333 0.05105105105105105
0 0.8833333333333333 0.7072072072072072 0.14313725490196078 0.2732732732732733
0 0.8892156862745098 0.527027027027027 0.06862745098039216 0.1111111111111111
0 0.9725490196078431 0.45645645645645644 0.027450980392156862 0.05405405405405406