0 0.0209375 0.48833333333333334 0.040625 0.125
0 0.0959375 0.5133333333333333 0.064375 0.08
0 0.1903125 0.4845833333333333 0.113125 0.14583333333333334
0 0.2421875 0.48833333333333334 0.059375 0.12833333333333333
0 0.35125 0.5558333333333333 0.11125 0.14666666666666667
0 0.3175 0.4920833333333333 0.06125 0.0875
0 0.398125 0.5075 0.08125 0.12
0 0.5046875 0.5108333333333334 0.063125 0.10333333333333333
0 0.548125 0.535 0.08125 0.105
0 0.6690625 0.5283333333333333 0.065625 0.09833333333333333
0 0.5034375 0.3858333333333333 0.036875 0.056666666666666664