0 0.08444656488549618 0.666189111747851 0.08492366412213741 0.14613180515759314
0 0.10877862595419847 0.5308022922636103 0.07251908396946564 0.12177650429799428
0 0.06965648854961833 0.49355300859598855 0.06297709923664122 0.08452722063037249
0 0.21851145038167938 0.4670487106017192 0.04389312977099236 0.07163323782234957
0 0.2767175572519084 0.4820916905444126 0.04580152671755725 0.07306590257879657
0 0.32490458015267176 0.5816618911174785 0.0715648854961832 0.10888252148997135
0 0.34923664122137404 0.751432664756447 0.08206106870229007 0.12177650429799428
0 0.45467557251908397 0.47707736389684813 0.05057251908396947 0.07449856733524356
0 0.48377862595419846 0.5128939828080229 0.05152671755725191 0.07736389684813753
0 0.566793893129771 0.5873925501432665 0.0648854961832061 0.10601719197707736
0 0.7027671755725191 0.7077363896848138 0.0982824427480916 0.18911174785100288
0 0.646469465648855 0.5050143266475645 0.05248091603053435 0.09025787965616046
0 0.75 0.5630372492836676 0.0648854961832061 0.12034383954154727
0 0.8291984732824428 0.582378223495702 0.07061068702290077 0.12177650429799428
0 0.8497137404580153 0.8030085959885387 0.10973282442748092 0.12750716332378223
0 0.7838740458015268 0.2607449856733524 0.05820610687022901 0.08022922636103152