0 0.4165 0.4714548802946593 0.105 0.19889502762430938
0 0.43 0.36187845303867405 0.056 0.09392265193370165
0 0.4145 0.31675874769797424 0.039 0.07366482504604052
0 0.428 0.2863720073664825 0.03 0.06077348066298342
0 0.4445 0.24769797421731124 0.031 0.049723756906077346
0 0.556 0.2605893186003683 0.03 0.06445672191528545
0 0.569 0.3342541436464088 0.034 0.06813996316758748
0 0.6875 0.4732965009208103 0.077 0.1731123388581952
0 0.6845 0.27624309392265195 0.029 0.055248618784530384
0 0.704 0.1270718232044199 0.028 0.05156537753222836
0 0.7575 0.2826887661141805 0.031 0.06813996316758748
0 0.8015 0.31307550644567217 0.039 0.07734806629834254
0 0.874 0.31952117863720075 0.04 0.09760589318600368
0 0.9175 0.3379373848987109 0.051 0.07918968692449356