0 0.15380859375 0.6432291666666666 0.1318359375 0.18489583333333334
0 0.14599609375 0.408203125 0.0966796875 0.14192708333333334
0 0.0302734375 0.3854166666666667 0.056640625 0.125
0 0.2568359375 0.5247395833333334 0.125 0.14322916666666666
0 0.4619140625 0.560546875 0.138671875 0.14453125
0 0.25927734375 0.3118489583333333 0.0947265625 0.12630208333333334
0 0.18798828125 0.2584635416666667 0.0556640625 0.07942708333333333
0 0.3505859375 0.21419270833333334 0.06640625 0.10026041666666667
0 0.3935546875 0.291015625 0.08203125 0.11848958333333333
0 0.5595703125 0.4401041666666667 0.10546875 0.11197916666666667
0 0.51806640625 0.3463541666666667 0.0908203125 0.11458333333333333
0 0.46630859375 0.24674479166666666 0.0693359375 0.08203125
0 0.68798828125 0.3587239583333333 0.0908203125 0.11588541666666667
0 0.67626953125 0.2682291666666667 0.0810546875 0.09114583333333333
0 0.8447265625 0.23828125 0.072265625 0.11979166666666667
0 0.94140625 0.3821614583333333 0.083984375 0.13151041666666666
0 0.97265625 0.279296875 0.052734375 0.11588541666666667
0 0.79345703125 0.2506510416666667 0.0654296875 0.11067708333333333