0 0.04596185064935065 0.7061887254901961 0.08745941558441558 0.15747549019607843
0 0.0721387987012987 0.5651041666666666 0.05864448051948052 0.09283088235294118
0 0.2080965909090909 0.5623468137254902 0.05458603896103896 0.10447303921568628
0 0.2858157467532468 0.5491727941176471 0.046875 0.06954656862745098
0 0.28236607142857145 0.7182904411764706 0.09598214285714286 0.18596813725490197
0 0.17715097402597402 0.9102328431372549 0.1680194805194805 0.17892156862745098
0 0.37226055194805197 0.5666360294117647 0.060267857142857144 0.09589460784313726
0 0.41710633116883117 0.5802696078431373 0.044845779220779224 0.07720588235294118
0 0.3950892857142857 0.5042892156862745 0.032873376623376624 0.06433823529411764
0 0.622463474025974 0.5370710784313726 0.03835227272727273 0.06433823529411764
0 0.705762987012987 0.5497855392156863 0.05397727272727273 0.0940563725490196
0 0.8036728896103896 0.7636335784313726 0.10004058441558442 0.1878063725490196
0 0.8222402597402597 0.5511642156862745 0.06290584415584416 0.10355392156862746
0 0.9641842532467533 0.6341911764705882 0.07122564935064934 0.13174019607843138
0 0.9541396103896104 0.5739889705882353 0.07061688311688312 0.10263480392156862