0 0.43 0.7277777777777777 0.065 0.14
0 0.573125 0.6944444444444444 0.06625 0.11777777777777777
0 0.60125 0.5577777777777778 0.0375 0.08888888888888889
0 0.41875 0.5644444444444444 0.045 0.09777777777777778
0 0.34125 0.5244444444444445 0.035 0.07555555555555556
0 0.29 0.4855555555555556 0.03 0.06
0 0.25125 0.5222222222222223 0.04 0.07555555555555556
0 0.258125 0.4388888888888889 0.02625 0.051111111111111114
0 0.215625 0.41555555555555557 0.02375 0.04888888888888889
0 0.1675 0.43222222222222223 0.03 0.051111111111111114
0 0.16625 0.37777777777777777 0.0175 0.035555555555555556
0 0.13125 0.3877777777777778 0.025 0.042222222222222223
0 0.138125 0.3477777777777778 0.01625 0.028888888888888888
0 0.114375 0.35444444444444445 0.01875 0.04666666666666667
0 0.12 0.3288888888888889 0.0125 0.03111111111111111
0 0.09125 0.3377777777777778 0.0175 0.035555555555555556
0 0.0825 0.3188888888888889 0.0125 0.024444444444444446
0 0.1 0.31222222222222223 0.0125 0.024444444444444446
0 0.086875 0.25333333333333335 0.01125 0.017777777777777778
0 0.69125 0.5711111111111111 0.0325 0.06666666666666667
0 0.85625 0.6211111111111111 0.05 0.1
0 0.84125 0.5577777777777778 0.0375 0.06666666666666667
0 0.9025 0.5277777777777778 0.03 0.06
0 0.9025 0.47555555555555556 0.03 0.057777777777777775
0 0.925625 0.45444444444444443 0.02125 0.051111111111111114
0 0.915 0.42777777777777776 0.0225 0.042222222222222223
0 0.9875 0.47333333333333333 0.02 0.06222222222222222
0 0.88625 0.41333333333333333 0.0175 0.04
0 0.821875 0.4577777777777778 0.02125 0.05333333333333334
0 0.755625 0.47888888888888886 0.03125 0.051111111111111114
0 0.679375 0.4888888888888889 0.03125 0.05333333333333334
0 0.66 0.4588888888888889 0.0225 0.04666666666666667
0 0.618125 0.4677777777777778 0.02375 0.051111111111111114
0 0.57375 0.5011111111111111 0.0275 0.06444444444444444
0 0.498125 0.46111111111111114 0.02625 0.051111111111111114
0 0.42375 0.4588888888888889 0.025 0.06
0 0.42875 0.4211111111111111 0.0225 0.04666666666666667
0 0.391875 0.4066666666666667 0.02375 0.044444444444444446
0 0.34125 0.40444444444444444 0.02 0.04
0 0.345 0.38222222222222224 0.02 0.044444444444444446
0 0.315625 0.37 0.01625 0.028888888888888888
0 0.319375 0.3466666666666667 0.01625 0.022222222222222223
0 0.284375 0.35555555555555557 0.01125 0.022222222222222223
0 0.27 0.36444444444444446 0.0175 0.03111111111111111
0 0.390625 0.32666666666666666 0.01875 0.035555555555555556
0 0.409375 0.37777777777777777 0.01625 0.04
0 0.434375 0.37666666666666665 0.01375 0.03333333333333333
0 0.48875 0.4066666666666667 0.0225 0.044444444444444446
0 0.4825 0.3877777777777778 0.015 0.03333333333333333
0 0.505 0.3877777777777778 0.0175 0.03777777777777778
0 0.523125 0.39555555555555555 0.01625 0.03111111111111111
0 0.5325 0.4255555555555556 0.0225 0.04666666666666667
0 0.5875 0.42777777777777776 0.02 0.042222222222222223
0 0.583125 0.38555555555555554 0.01625 0.03777777777777778
0 0.544375 0.38666666666666666 0.01375 0.035555555555555556
0 0.62 0.42 0.02 0.04
0 0.643125 0.37222222222222223 0.01375 0.028888888888888888
0 0.655625 0.41444444444444445 0.02125 0.042222222222222223
0 0.66375 0.37444444444444447 0.0175 0.03333333333333333
0 0.689375 0.39666666666666667 0.01875 0.03777777777777778
0 0.715625 0.4211111111111111 0.02125 0.03777777777777778
0 0.741875 0.3811111111111111 0.01625 0.03777777777777778
0 0.76125 0.4444444444444444 0.0225 0.04888888888888889
0 0.7525 0.4255555555555556 0.0175 0.042222222222222223
0 0.775625 0.38555555555555554 0.01875 0.03777777777777778
0 0.793125 0.42777777777777776 0.01875 0.042222222222222223
0 0.81125 0.40444444444444444 0.0175 0.035555555555555556
0 0.8325 0.39555555555555555 0.0175 0.035555555555555556
0 0.831875 0.43444444444444447 0.01375 0.028888888888888888