0 0.97734375 0.6798642533936652 0.0421875 0.1334841628959276
0 0.871875 0.7669683257918553 0.065625 0.09954751131221719
0 0.9203125 0.6504524886877828 0.04375 0.06561085972850679
0 0.909375 0.6074660633484162 0.046875 0.07013574660633484
0 0.79453125 0.6233031674208145 0.0390625 0.06108597285067873
0 0.61015625 0.5192307692307693 0.0515625 0.0746606334841629
0 0.56953125 0.6108597285067874 0.0296875 0.04524886877828054
0 0.49453125 0.6640271493212669 0.0265625 0.042986425339366516
0 0.46640625 0.6979638009049773 0.0265625 0.038461538461538464
0 0.39609375 0.7013574660633484 0.0328125 0.05429864253393665
0 0.3453125 0.7398190045248869 0.040625 0.06787330316742081
0 0.2609375 0.7601809954751131 0.046875 0.07239819004524888
0 0.2328125 0.668552036199095 0.025 0.042986425339366516
0 0.33671875 0.6549773755656109 0.0265625 0.04751131221719457
0 0.37109375 0.6334841628959276 0.0265625 0.03619909502262444
0 0.2328125 0.6131221719457014 0.021875 0.03619909502262444
0 0.2125 0.5576923076923077 0.01875 0.033936651583710405
0 0.18515625 0.6402714932126696 0.0265625 0.04524886877828054
0 0.18203125 0.5610859728506787 0.0234375 0.03619909502262444
0 0.12265625 0.5644796380090498 0.0265625 0.033936651583710405
0 0.0921875 0.5644796380090498 0.021875 0.033936651583710405
0 0.07578125 0.5463800904977375 0.0140625 0.024886877828054297
0 0.065625 0.5859728506787331 0.025 0.04072398190045249
0 0.03671875 0.5780542986425339 0.0234375 0.033936651583710405
0 0.0359375 0.6787330316742082 0.034375 0.04524886877828054
0 0.1015625 0.6617647058823529 0.028125 0.042986425339366516