0 0.1437908496732026 0.3881118881118881 0.06535947712418301 0.1258741258741259
0 0.29302832244008714 0.3793706293706294 0.08061002178649238 0.14335664335664336
0 0.43790849673202614 0.3688811188811189 0.0784313725490196 0.12937062937062938
0 0.5403050108932462 0.3618881118881119 0.07407407407407407 0.12937062937062938
0 0.6481481481481481 0.34615384615384615 0.058823529411764705 0.1048951048951049
0 0.7854030501089324 0.3513986013986014 0.06753812636165578 0.11538461538461539
0 0.8997821350762527 0.3356643356643357 0.06971677559912855 0.13286713286713286
0 0.8594771241830066 0.14335664335664336 0.06318082788671024 0.11888111888111888
0 0.7766884531590414 0.1486013986013986 0.058823529411764705 0.11538461538461539
0 0.6808278867102396 0.13111888111888112 0.06318082788671024 0.10839160839160839
0 0.6023965141612201 0.11713286713286714 0.06318082788671024 0.12237762237762238
0 0.5 0.11888111888111888 0.058823529411764705 0.1048951048951049
0 0.3997821350762527 0.1048951048951049 0.06753812636165578 0.11888111888111888
0 0.2962962962962963 0.11538461538461539 0.07407407407407407 0.13286713286713286
0 0.1895424836601307 0.09615384615384616 0.06971677559912855 0.13636363636363635
0 0.10675381263616558 0.1048951048951049 0.0784313725490196 0.1258741258741259