0 0.12586206896551724 0.558282208588957 0.04827586206896552 0.1165644171779141
0 0.13448275862068965 0.8634969325153374 0.06206896551724138 0.10122699386503067
0 0.36551724137931035 0.6012269938650306 0.05517241379310345 0.1165644171779141
0 0.4706896551724138 0.5383435582822086 0.05172413793103448 0.10122699386503067
0 0.4043103448275862 0.39570552147239263 0.04310344827586207 0.08588957055214724
0 0.35172413793103446 0.2837423312883436 0.03793103448275862 0.0705521472392638
0 0.3137931034482759 0.17177914110429449 0.034482758620689655 0.05521472392638037
0 0.29224137931034483 0.13496932515337423 0.02586206896551724 0.04294478527607362
0 0.2706896551724138 0.04447852760736196 0.02413793103448276 0.046012269938650305
0 0.22155172413793103 0.10429447852760736 0.029310344827586206 0.049079754601226995
0 0.2508620689655172 0.18098159509202455 0.029310344827586206 0.06134969325153374
0 0.27241379310344827 0.26226993865030673 0.03103448275862069 0.06441717791411043
0 0.2939655172413793 0.455521472392638 0.04310344827586207 0.07668711656441718
0 0.13620689655172413 0.3220858895705521 0.034482758620689655 0.06748466257668712
0 0.15689655172413794 0.25766871165644173 0.027586206896551724 0.05521472392638037
0 0.14396551724137932 0.17331288343558282 0.02586206896551724 0.05214723926380368
0 0.15689655172413794 0.11042944785276074 0.02413793103448276 0.03680981595092025
0 0.34051724137931033 0.05368098159509203 0.022413793103448276 0.03374233128834356
0 0.36810344827586206 0.12116564417177914 0.029310344827586206 0.046012269938650305
0 0.425 0.16104294478527606 0.032758620689655175 0.06441717791411043
0 0.421551724137931 0.0736196319018405 0.01896551724137931 0.049079754601226995
0 0.4681034482758621 0.06901840490797546 0.01896551724137931 0.03987730061349693
0 0.4517241379310345 0.11503067484662577 0.020689655172413793 0.046012269938650305
0 0.4879310344827586 0.17791411042944785 0.027586206896551724 0.05521472392638037
0 0.5112068965517241 0.11503067484662577 0.022413793103448276 0.046012269938650305
0 0.503448275862069 0.07975460122699386 0.017241379310344827 0.03680981595092025
0 0.5482758620689655 0.11809815950920245 0.017241379310344827 0.046012269938650305
0 0.5525862068965517 0.1687116564417178 0.022413793103448276 0.04294478527607362
0 0.5956896551724138 0.17484662576687116 0.022413793103448276 0.04294478527607362
0 0.6672413793103448 0.17024539877300612 0.027586206896551724 0.05214723926380368
0 0.6396551724137931 0.2776073619631902 0.034482758620689655 0.05214723926380368
0 0.6387931034482759 0.22392638036809817 0.022413793103448276 0.049079754601226995
0 0.5482758620689655 0.2837423312883436 0.03103448275862069 0.06441717791411043
0 0.4844827586206897 0.2714723926380368 0.034482758620689655 0.06441717791411043
0 0.531896551724138 0.36503067484662577 0.032758620689655175 0.07975460122699386
0 0.6241379310344828 0.3834355828220859 0.041379310344827586 0.08588957055214724
0 0.6939655172413793 0.294478527607362 0.02586206896551724 0.04294478527607362
0 0.728448275862069 0.24539877300613497 0.01896551724137931 0.049079754601226995
0 0.7663793103448275 0.2684049079754601 0.01896551724137931 0.03987730061349693
0 0.7620689655172413 0.40950920245398775 0.03103448275862069 0.06441717791411043
0 0.8181034482758621 0.36349693251533743 0.02586206896551724 0.05828220858895705
0 0.8629310344827587 0.4233128834355828 0.029310344827586206 0.06134969325153374
0 0.9422413793103448 0.5214723926380368 0.02586206896551724 0.06134969325153374
0 0.8474137931034482 0.4938650306748466 0.022413793103448276 0.06134969325153374
0 0.8077586206896552 0.5184049079754601 0.029310344827586206 0.06134969325153374
0 0.7224137931034482 0.5184049079754601 0.03103448275862069 0.07975460122699386
0 0.631896551724138 0.5720858895705522 0.03620689655172414 0.08282208588957055
0 0.8922413793103449 0.7193251533742331 0.05344827586206897 0.10736196319018405