0 0.19727272727272727 0.4888268156424581 0.016363636363636365 0.027932960893854747
0 0.15545454545454546 0.5279329608938548 0.02 0.027932960893854747
0 0.034545454545454546 0.6773743016759777 0.04 0.08100558659217877
0 0.1318181818181818 0.6578212290502793 0.04181818181818182 0.06424581005586592
0 0.1890909090909091 0.6955307262569832 0.05090909090909091 0.08379888268156424
0 0.23272727272727273 0.8449720670391061 0.10181818181818182 0.15921787709497207
0 0.07636363636363637 0.8393854748603352 0.08727272727272728 0.13687150837988826
0 0.3427272727272727 0.6941340782122905 0.04909090909090909 0.08659217877094973
0 0.2727272727272727 0.6270949720670391 0.03636363636363636 0.07541899441340782
0 0.3327272727272727 0.6089385474860335 0.025454545454545455 0.0335195530726257
0 0.3663636363636364 0.6466480446927374 0.034545454545454546 0.05865921787709497
0 0.3990909090909091 0.6033519553072626 0.02727272727272727 0.03910614525139665
0 0.3936363636363636 0.5740223463687151 0.016363636363636365 0.025139664804469275
0 0.36363636363636365 0.5865921787709497 0.014545454545454545 0.027932960893854747
0 0.3381818181818182 0.5796089385474861 0.01818181818181818 0.030726256983240222
0 0.5390909090909091 0.8477653631284916 0.11454545454545455 0.20391061452513967
0 0.5354545454545454 0.702513966480447 0.06363636363636363 0.10893854748603352
0 0.5172727272727272 0.6424581005586593 0.034545454545454546 0.061452513966480445
0 0.48545454545454547 0.6340782122905028 0.04 0.0670391061452514
0 0.48818181818181816 0.585195530726257 0.023636363636363636 0.036312849162011177
0 0.5763636363636364 0.6368715083798883 0.03636363636363636 0.061452513966480445
0 0.6072727272727273 0.6578212290502793 0.04363636363636364 0.06424581005586592
0 0.69 0.6829608938547486 0.056363636363636366 0.08100558659217877
0 0.7781818181818182 0.8058659217877095 0.09818181818181818 0.15363128491620112
0 0.8209090909090909 0.6829608938547486 0.06363636363636363 0.08659217877094973
0 0.9509090909090909 0.7053072625698324 0.05454545454545454 0.08100558659217877
0 0.9445454545454546 0.6298882681564246 0.03090909090909091 0.05307262569832402
0 0.9145454545454546 0.61731843575419 0.03272727272727273 0.05027932960893855
0 0.8436363636363636 0.6131284916201117 0.02909090909090909 0.04748603351955307
0 0.8454545454545455 0.5865921787709497 0.025454545454545455 0.03910614525139665
0 0.7936363636363636 0.590782122905028 0.023636363636363636 0.036312849162011177
0 0.7418181818181818 0.664804469273743 0.03636363636363636 0.061452513966480445
0 0.7463636363636363 0.611731843575419 0.02727272727272727 0.03910614525139665
0 0.7636363636363637 0.5935754189944135 0.01818181818181818 0.036312849162011177
0 0.7645454545454545 0.5726256983240223 0.02 0.0335195530726257
0 0.7390909090909091 0.5796089385474861 0.02 0.030726256983240222
0 0.72 0.5768156424581006 0.014545454545454545 0.036312849162011177
0 0.7045454545454546 0.6103351955307262 0.023636363636363636 0.04189944134078212
0 0.6609090909090909 0.6215083798882681 0.03090909090909091 0.04748603351955307
0 0.06727272727272728 0.6215083798882681 0.03272727272727273 0.04189944134078212
0 0.03 0.5865921787709497 0.023636363636363636 0.0335195530726257
0 0.03727272727272727 0.5684357541899442 0.016363636363636365 0.025139664804469275
0 0.08454545454545455 0.5935754189944135 0.02727272727272727 0.036312849162011177
0 0.19636363636363635 0.6145251396648045 0.025454545454545455 0.03910614525139665
0 0.2309090909090909 0.6145251396648045 0.02909090909090909 0.0335195530726257
0 0.2309090909090909 0.5810055865921788 0.02181818181818182 0.027932960893854747
0 0.25272727272727274 0.5810055865921788 0.014545454545454545 0.027932960893854747
0 0.27 0.5837988826815642 0.016363636363636365 0.027932960893854747
0 0.2872727272727273 0.5782122905027933 0.01818181818181818 0.027932960893854747
0 0.6081818181818182 0.585195530726257 0.02 0.036312849162011177
0 0.5872727272727273 0.5935754189944135 0.01818181818181818 0.036312849162011177
0 0.5490909090909091 0.5893854748603352 0.025454545454545455 0.027932960893854747
0 0.5318181818181819 0.5768156424581006 0.016363636363636365 0.019553072625698324
0 0.6445454545454545 0.5726256983240223 0.016363636363636365 0.027932960893854747