0 0.10277777777777777 0.8183333333333334 0.2011111111111111 0.3466666666666667
0 0.2683333333333333 0.6933333333333334 0.12333333333333334 0.22666666666666666
0 0.10277777777777777 0.5525 0.11444444444444445 0.15166666666666667
0 0.06333333333333334 0.38333333333333336 0.08222222222222222 0.11333333333333333
0 0.175 0.3883333333333333 0.07 0.11666666666666667
0 0.19833333333333333 0.49 0.08555555555555555 0.15333333333333332
0 0.2677777777777778 0.43 0.08222222222222222 0.13333333333333333
0 0.28944444444444445 0.5083333333333333 0.0811111111111111 0.13666666666666666
0 0.4011111111111111 0.6166666666666667 0.09777777777777778 0.19666666666666666
0 0.435 0.455 0.08333333333333333 0.12666666666666668
0 0.5222222222222223 0.385 0.07555555555555556 0.15
0 0.5811111111111111 0.505 0.06666666666666667 0.13666666666666666
0 0.6177777777777778 0.5925 0.09555555555555556 0.20833333333333334
0 0.6472222222222223 0.45166666666666666 0.06777777777777778 0.11333333333333333
0 0.6944444444444444 0.4166666666666667 0.05333333333333334 0.10666666666666667
0 0.7461111111111111 0.445 0.06777777777777778 0.12333333333333334
0 0.7755555555555556 0.6116666666666667 0.09111111111111111 0.16333333333333333
0 0.9005555555555556 0.6983333333333334 0.07666666666666666 0.17333333333333334
0 0.8866666666666667 0.4666666666666667 0.06888888888888889 0.11333333333333333
0 0.82 0.465 0.07111111111111111 0.12666666666666668
0 0.9844444444444445 0.3233333333333333 0.028888888888888888 0.10666666666666667
0 0.8777777777777778 0.295 0.07111111111111111 0.10333333333333333
0 0.7483333333333333 0.36083333333333334 0.052222222222222225 0.07833333333333334
0 0.7277777777777777 0.2916666666666667 0.051111111111111114 0.08
0 0.6672222222222223 0.2791666666666667 0.04777777777777778 0.075
0 0.5933333333333334 0.27166666666666667 0.05333333333333334 0.10666666666666667
0 0.5955555555555555 0.16333333333333333 0.042222222222222223 0.07333333333333333
0 0.5261111111111111 0.15166666666666667 0.052222222222222225 0.08333333333333333
0 0.5344444444444445 0.26416666666666666 0.04666666666666667 0.095
0 0.4822222222222222 0.2608333333333333 0.057777777777777775 0.10833333333333334
0 0.3438888888888889 0.325 0.06777777777777778 0.11666666666666667
0 0.23444444444444446 0.325 0.05555555555555555 0.08666666666666667
0 0.2822222222222222 0.375 0.04888888888888889 0.08
0 0.29833333333333334 0.2425 0.04111111111111111 0.065
0 0.3516666666666667 0.23333333333333334 0.043333333333333335 0.08666666666666667
0 0.3411111111111111 0.155 0.03333333333333333 0.06
0 0.38333333333333336 0.14916666666666667 0.042222222222222223 0.085
0 0.4727777777777778 0.15083333333333335 0.03888888888888889 0.085