0 0.31691176470588234 0.825 0.0838235294117647 0.13333333333333333
0 0.08308823529411764 0.7197916666666667 0.0661764705882353 0.10208333333333333
0 0.08823529411764706 0.659375 0.052941176470588235 0.05625
0 0.14044117647058824 0.6364583333333333 0.030882352941176472 0.04791666666666667
0 0.18235294117647058 0.6489583333333333 0.03235294117647059 0.05625
0 0.16470588235294117 0.6979166666666666 0.03823529411764706 0.075
0 0.17573529411764705 0.5958333333333333 0.027941176470588237 0.04583333333333333
0 0.23455882352941176 0.584375 0.030882352941176472 0.04375
0 0.22720588235294117 0.64375 0.027941176470588237 0.04583333333333333
0 0.2661764705882353 0.653125 0.03823529411764706 0.06041666666666667
0 0.3058823529411765 0.6239583333333333 0.029411764705882353 0.03958333333333333
0 0.29926470588235293 0.5895833333333333 0.022058823529411766 0.0375
0 0.34191176470588236 0.65 0.025 0.05
0 0.36470588235294116 0.6875 0.029411764705882353 0.06666666666666667
0 0.36617647058823527 0.625 0.026470588235294117 0.04583333333333333
0 0.3654411764705882 0.5729166666666666 0.01911764705882353 0.04583333333333333
0 0.3977941176470588 0.6458333333333334 0.030882352941176472 0.0625
0 0.4308823529411765 0.6229166666666667 0.029411764705882353 0.05
0 0.47205882352941175 0.6333333333333333 0.03529411764705882 0.04583333333333333
0 0.4573529411764706 0.6802083333333333 0.03235294117647059 0.06041666666666667
0 0.5235294117647059 0.6322916666666667 0.03235294117647059 0.06458333333333334
0 0.5411764705882353 0.6729166666666667 0.029411764705882353 0.05416666666666667
0 0.5639705882352941 0.6197916666666666 0.030882352941176472 0.052083333333333336
0 0.5735294117647058 0.515625 0.023529411764705882 0.04375
0 0.6272058823529412 0.6760416666666667 0.030882352941176472 0.052083333333333336
0 0.5977941176470588 0.653125 0.027941176470588237 0.04791666666666667
0 0.6161764705882353 0.5927083333333333 0.029411764705882353 0.04375
0 0.6654411764705882 0.628125 0.03676470588235294 0.04791666666666667
0 0.6772058823529412 0.590625 0.030882352941176472 0.04375
0 0.6985294117647058 0.6666666666666666 0.026470588235294117 0.05416666666666667
0 0.7382352941176471 0.61875 0.03235294117647059 0.041666666666666664
0 0.7264705882352941 0.584375 0.026470588235294117 0.03958333333333333
0 0.7794117647058824 0.6041666666666666 0.029411764705882353 0.05416666666666667
0 0.8088235294117647 0.63125 0.029411764705882353 0.05416666666666667
0 0.7852941176470588 0.6729166666666667 0.03235294117647059 0.058333333333333334
0 0.8588235294117647 0.6833333333333333 0.04411764705882353 0.058333333333333334
0 0.9169117647058823 0.678125 0.039705882352941174 0.04791666666666667