0 0.35234375 0.7916666666666666 0.1296875 0.2777777777777778
0 0.2453125 0.5611111111111111 0.084375 0.17222222222222222
0 0.16875 0.4263888888888889 0.084375 0.1361111111111111
0 0.19453125 0.36527777777777776 0.0546875 0.08611111111111111
0 0.27421875 0.29305555555555557 0.0421875 0.09166666666666666
0 0.38125 0.3597222222222222 0.05 0.11944444444444445
0 0.41875 0.4263888888888889 0.053125 0.11388888888888889
0 0.496875 0.375 0.046875 0.08333333333333333
0 0.48828125 0.33611111111111114 0.0390625 0.07222222222222222
0 0.5578125 0.4777777777777778 0.065625 0.13333333333333333
0 0.6109375 0.3458333333333333 0.0375 0.075
0 0.66640625 0.38333333333333336 0.0359375 0.06666666666666667
0 0.6984375 0.4652777777777778 0.059375 0.125
0 0.76171875 0.43194444444444446 0.0453125 0.09166666666666666
0 0.84375 0.425 0.046875 0.11666666666666667
0 0.91171875 0.6166666666666667 0.0703125 0.16111111111111112