0 0.05092592592592592 0.6116255144032922 0.08024691358024691 0.11008230452674897
0 0.10860339506172839 0.6257716049382716 0.055169753086419755 0.08590534979423868
0 0.12307098765432099 0.5848765432098766 0.040123456790123455 0.06893004115226338
0 0.16261574074074073 0.5928497942386831 0.05285493827160494 0.0787037037037037
0 0.2785493827160494 0.5969650205761317 0.11959876543209877 0.18981481481481483
0 0.35108024691358025 0.5866769547325102 0.03935185185185185 0.07253086419753087
0 0.43209876543209874 0.6149691358024691 0.08796296296296297 0.12911522633744857
0 0.44637345679012347 0.39274691358024694 0.04861111111111111 0.08590534979423868
0 0.5435956790123457 0.5702160493827161 0.038580246913580245 0.073559670781893
0 0.578125 0.6075102880658436 0.06520061728395062 0.10390946502057613
0 0.5999228395061729 0.5560699588477366 0.031635802469135804 0.043209876543209874
0 0.5615354938271605 0.5534979423868313 0.022762345679012346 0.050411522633744855
0 0.6518132716049383 0.6141975308641975 0.055169753086419755 0.08847736625514403
0 0.6813271604938271 0.5722736625514403 0.038580246913580245 0.06738683127572016
0 0.7064043209876543 0.5550411522633745 0.035493827160493825 0.06790123456790123
0 0.7557870370370371 0.5414094650205762 0.02546296296296296 0.042695473251028807
0 0.8506944444444444 0.38245884773662553 0.11882716049382716 0.18878600823045266
0 0.8202160493827161 0.6424897119341564 0.14969135802469136 0.25617283950617287