0 0.11 0.43090452261306533 0.04666666666666667 0.0728643216080402
0 0.14166666666666666 0.40703517587939697 0.03 0.07537688442211055
0 0.16583333333333333 0.4723618090452261 0.045 0.08542713567839195
0 0.21166666666666667 0.5138190954773869 0.05 0.0829145728643216
0 0.2025 0.4271356783919598 0.041666666666666664 0.07035175879396985
0 0.235 0.4271356783919598 0.03333333333333333 0.06030150753768844
0 0.27666666666666667 0.4221105527638191 0.03333333333333333 0.06030150753768844
0 0.30583333333333335 0.40326633165829145 0.03166666666666667 0.0728643216080402
0 0.28833333333333333 0.5 0.04666666666666667 0.07537688442211055
0 0.3375 0.49246231155778897 0.03833333333333333 0.07035175879396985
0 0.34833333333333333 0.4108040201005025 0.03 0.06281407035175879
0 0.38416666666666666 0.4271356783919598 0.03833333333333333 0.06532663316582915
0 0.4091666666666667 0.5904522613065326 0.055 0.09045226130653267
0 0.4525 0.4623115577889447 0.035 0.07035175879396985
0 0.43833333333333335 0.38190954773869346 0.03666666666666667 0.07035175879396985
0 0.485 0.40954773869346733 0.03333333333333333 0.07035175879396985
0 0.51 0.44095477386934673 0.03333333333333333 0.0728643216080402
0 0.5466666666666666 0.4396984924623116 0.03333333333333333 0.07035175879396985
0 0.5891666666666666 0.5263819095477387 0.03833333333333333 0.07788944723618091
0 0.5791666666666667 0.44221105527638194 0.03166666666666667 0.07537688442211055
0 0.615 0.4108040201005025 0.03666666666666667 0.06281407035175879
0 0.6533333333333333 0.4861809045226131 0.03666666666666667 0.0728643216080402
0 0.6633333333333333 0.435929648241206 0.03333333333333333 0.06281407035175879
0 0.6925 0.42839195979899497 0.028333333333333332 0.05778894472361809
0 0.6933333333333334 0.4899497487437186 0.03 0.07035175879396985
0 0.7241666666666666 0.5025125628140703 0.03166666666666667 0.07035175879396985
0 0.7641666666666667 0.4861809045226131 0.03833333333333333 0.07788944723618091
0 0.7483333333333333 0.4258793969849246 0.03333333333333333 0.06281407035175879
0 0.7675 0.40954773869346733 0.025 0.06030150753768844
0 0.8133333333333334 0.4183417085427136 0.03333333333333333 0.06281407035175879
0 0.8216666666666667 0.5175879396984925 0.04 0.08542713567839195
0 0.8683333333333333 0.4824120603015075 0.04 0.07035175879396985
0 0.8525 0.40954773869346733 0.03166666666666667 0.06030150753768844
0 0.8983333333333333 0.44221105527638194 0.03333333333333333 0.07537688442211055
0 0.9233333333333333 0.44472361809045224 0.03 0.07035175879396985
0 0.9483333333333334 0.46608040201005024 0.04 0.05778894472361809