0 0.141015625 0.6630208333333333 0.17890625 0.26145833333333335
0 0.47109375 0.6270833333333333 0.1 0.13541666666666666
0 0.138671875 0.43125 0.09140625 0.13333333333333333
0 0.239453125 0.27291666666666664 0.06484375 0.10208333333333333
0 0.04140625 0.284375 0.0765625 0.20416666666666666
0 0.2 0.13958333333333334 0.084375 0.15416666666666667
0 0.475390625 0.225 0.07109375 0.12291666666666666
0 0.428125 0.3328125 0.05 0.09270833333333334
0 0.757421875 0.5302083333333333 0.13046875 0.19375
0 0.923828125 0.40677083333333336 0.09765625 0.115625
0 0.811328125 0.39114583333333336 0.07421875 0.128125
0 0.655078125 0.39166666666666666 0.06171875 0.09583333333333334
0 0.686328125 0.2833333333333333 0.07265625 0.11458333333333333