0 0.10083333333333333 0.3488372093023256 0.07833333333333334 0.11162790697674418
0 0.19083333333333333 0.2837209302325581 0.06166666666666667 0.08372093023255814
0 0.1225 0.1569767441860465 0.03833333333333333 0.05813953488372093
0 0.1575 0.1755813953488372 0.028333333333333332 0.04883720930232558
0 0.0775 0.11511627906976744 0.021666666666666667 0.03488372093023256
0 0.021666666666666667 0.13023255813953488 0.03 0.05581395348837209
0 0.015833333333333335 0.06744186046511629 0.021666666666666667 0.037209302325581395
0 0.21666666666666667 0.14186046511627906 0.023333333333333334 0.037209302325581395
0 0.2658333333333333 0.16279069767441862 0.025 0.037209302325581395
0 0.3 0.15813953488372093 0.02666666666666667 0.04186046511627907
0 0.35083333333333333 0.15348837209302327 0.018333333333333333 0.03255813953488372
0 0.335 0.2069767441860465 0.02666666666666667 0.04186046511627907
0 0.38166666666666665 0.20465116279069767 0.02666666666666667 0.037209302325581395
0 0.405 0.18255813953488373 0.02 0.02558139534883721
0 0.44 0.1941860465116279 0.02 0.03953488372093023
0 0.47583333333333333 0.19651162790697674 0.018333333333333333 0.030232558139534883
0 0.275 0.41627906976744183 0.08 0.12093023255813953
0 0.5008333333333334 0.5325581395348837 0.085 0.16279069767441862
0 0.4125 0.3383720930232558 0.028333333333333332 0.04883720930232558
0 0.515 0.34069767441860466 0.03666666666666667 0.06279069767441861
0 0.5741666666666667 0.3558139534883721 0.045 0.07441860465116279
0 0.6158333333333333 0.4569767441860465 0.058333333333333334 0.09069767441860466
0 0.7441666666666666 0.6162790697674418 0.12166666666666667 0.17674418604651163
0 0.8658333333333333 0.541860465116279 0.06833333333333333 0.12093023255813953
0 0.955 0.38953488372093026 0.06 0.08139534883720931
0 0.7383333333333333 0.3313953488372093 0.03666666666666667 0.05813953488372093
0 0.8108333333333333 0.19883720930232557 0.041666666666666664 0.06279069767441861
0 0.755 0.2255813953488372 0.02666666666666667 0.04186046511627907
0 0.6816666666666666 0.22441860465116278 0.02 0.03953488372093023
0 0.6675 0.1883720930232558 0.021666666666666667 0.027906976744186046
0 0.6283333333333333 0.18953488372093022 0.016666666666666666 0.02558139534883721
0 0.6175 0.22209302325581395 0.018333333333333333 0.02558139534883721
0 0.5966666666666667 0.21744186046511627 0.023333333333333334 0.03488372093023256
0 0.5658333333333333 0.1941860465116279 0.018333333333333333 0.02558139534883721
0 0.5508333333333333 0.18604651162790697 0.021666666666666667 0.04186046511627907
0 0.525 0.19186046511627908 0.016666666666666666 0.02558139534883721
0 0.525 0.23255813953488372 0.02666666666666667 0.046511627906976744
0 0.5066666666666667 0.2558139534883721 0.02 0.04186046511627907
0 0.48333333333333334 0.24651162790697675 0.02666666666666667 0.04186046511627907