0 0.10548271752085817 0.7053571428571429 0.09415971394517282 0.15
0 0.2771156138259833 0.66875 0.05125148986889154 0.07678571428571429
0 0.14779499404052443 0.7383928571428572 0.054827175208581644 0.1125
0 0.35458879618593564 0.75 0.08224076281287247 0.12857142857142856
0 0.40464839094159716 0.6348214285714285 0.04648390941597139 0.08035714285714286
0 0.47079856972586415 0.65 0.05959475566150179 0.08214285714285714
0 0.4541120381406436 0.5026785714285714 0.03814064362336114 0.06964285714285715
0 0.570321811680572 0.6571428571428571 0.05125148986889154 0.08571428571428572
0 0.5756853396901073 0.8008928571428572 0.11680572109654351 0.1875
0 0.39690107270560193 0.9035714285714286 0.14779499404052443 0.1357142857142857
0 0.6394517282479142 0.7071428571428572 0.07270560190703218 0.11785714285714285
0 0.5870083432657927 0.6267857142857143 0.03933253873659118 0.06428571428571428
0 0.6573301549463647 0.6133928571428572 0.04886769964243146 0.08035714285714286
0 0.7175208581644815 0.6223214285714286 0.050059594755661505 0.08035714285714286
0 0.766388557806913 0.6785714285714286 0.06436233611442194 0.09642857142857143
0 0.7544696066746126 0.6116071428571429 0.033373063170441 0.05178571428571429
0 0.7938021454112039 0.6107142857142858 0.04290822407628129 0.07142857142857142
0 0.8110846245530393 0.5625 0.03694874851013111 0.05357142857142857
0 0.9082240762812872 0.5830357142857143 0.03814064362336114 0.0625
0 0.9225268176400476 0.6401785714285714 0.03814064362336114 0.07678571428571429
0 0.9570917759237187 0.6258928571428571 0.04767580452920143 0.14107142857142857