0 0.113 0.4594594594594595 0.038 0.07207207207207207
0 0.186 0.545045045045045 0.04 0.06606606606606606
0 0.172 0.44294294294294295 0.032 0.057057057057057055
0 0.276 0.5202702702702703 0.03 0.04954954954954955
0 0.3285 0.5367867867867868 0.041 0.07057057057057058
0 0.292 0.4174174174174174 0.034 0.05405405405405406
0 0.382 0.4369369369369369 0.034 0.057057057057057055
0 0.4525 0.4421921921921922 0.043 0.06456456456456457
0 0.524 0.44069069069069067 0.032 0.06156156156156156
0 0.503 0.5397897897897898 0.038 0.07057057057057058
0 0.603 0.5345345345345346 0.036 0.06306306306306306
0 0.5995 0.43543543543543545 0.029 0.057057057057057055
0 0.688 0.4174174174174174 0.032 0.06006006006006006
0 0.7085 0.5472972972972973 0.045 0.0915915915915916
0 0.817 0.5435435435435435 0.042 0.07507507507507508
0 0.792 0.45495495495495497 0.042 0.06606606606606606
0 0.9115 0.46846846846846846 0.051 0.07807807807807808