0 0.58725 0.48199549887471865 0.0175 0.029257314328582147
0 0.81975 0.7209302325581395 0.0515 0.07351837959489872
0 0.8025 0.6785446361590397 0.036 0.05326331582895724
0 0.708 0.8173293323330832 0.087 0.13728432108027006
0 0.6955 0.6766691672918229 0.044 0.06301575393848462
0 0.67875 0.6477869467366841 0.0225 0.04276069017254314
0 0.593 0.6834208552138035 0.045 0.07051762940735183
0 0.607 0.6440360090022506 0.025 0.04126031507876969
0 0.559 0.832708177044261 0.126 0.2115528882220555
0 0.494 0.6642910727681921 0.045 0.07576894223555888
0 0.3715 0.7839459864966242 0.07 0.11852963240810202
0 0.332 0.6905476369092273 0.05 0.08627156789197299
0 0.375 0.6425356339084771 0.033 0.06376594148537135
0 0.41625 0.6357839459864967 0.0305 0.05026256564141035
0 0.30875 0.6324081020255063 0.0265 0.05101275318829707
0 0.28925 0.6110277569392348 0.0285 0.051762940735183796
0 0.288 0.5712678169542386 0.022 0.029257314328582147
0 0.3245 0.5746436609152288 0.021 0.030007501875468866
0 0.2845 0.5573893473368342 0.018 0.028507126781695424
0 0.18525 0.5472618154538634 0.0275 0.04576144036009002
0 0.19875 0.6526631657914479 0.0465 0.08552138034508627
0 0.11575 0.9186046511627907 0.1535 0.16129032258064516
0 0.1745 0.6046511627906976 0.034 0.05101275318829707
0 0.15175 0.5390097524381096 0.0225 0.035258814703675916
0 0.1255 0.5746436609152288 0.033 0.042010502625656414
0 0.0745 0.5146286571642911 0.02 0.03900975243810953
0 0.02125 0.581020255063766 0.0355 0.05776444111027757
0 0.018 0.4966241560390098 0.015 0.02700675168792198