0 0.11875 0.3339587242026266 0.0625 0.10881801125703565
0 0.186875 0.35834896810506567 0.05875 0.10881801125703565
0 0.226875 0.41275797373358347 0.07375 0.12382739212007504
0 0.283125 0.4080675422138837 0.07125 0.12570356472795496
0 0.359375 0.4437148217636023 0.08875 0.1294559099437148
0 0.355625 0.3330206378986867 0.05375 0.08067542213883677
0 0.32875 0.31144465290806755 0.0275 0.0525328330206379
0 0.50125 0.3527204502814259 0.07 0.1125703564727955
0 0.505 0.2767354596622889 0.04 0.06566604127579738
0 0.558125 0.31050656660412757 0.05125 0.08818011257035648
0 0.586875 0.4371482176360225 0.08875 0.16135084427767354
0 0.59875 0.36585365853658536 0.0625 0.0900562851782364
0 0.62 0.30956848030018763 0.0475 0.0675422138836773
0 0.699375 0.34615384615384615 0.04875 0.10318949343339587
0 0.7325 0.4878048780487805 0.11 0.17636022514071295
0 0.76125 0.3902439024390244 0.0625 0.0975609756097561
0 0.80875 0.33583489681050654 0.0575 0.1125703564727955
0 0.8675 0.4099437148217636 0.08 0.13696060037523453
0 0.961875 0.400562851782364 0.07375 0.17448405253283303
0 0.8575 0.2879924953095685 0.0325 0.06191369606003752
0 0.90125 0.2954971857410882 0.05 0.06566604127579738
0 0.913125 0.3611632270168856 0.04625 0.10318949343339587
0 0.971875 0.29831144465290804 0.04125 0.06378986866791744
0 0.944375 0.29080675422138835 0.03375 0.0675422138836773
0 0.6725 0.2898686679174484 0.0375 0.07692307692307693