0 0.015625 0.5131578947368421 0.02625 0.06015037593984962
0 0.045625 0.5263157894736842 0.05125 0.07894736842105263
0 0.1775 0.5836466165413534 0.07 0.10338345864661654
0 0.1825 0.4859022556390977 0.03 0.05075187969924812
0 0.2075 0.5 0.0375 0.06390977443609022
0 0.279375 0.48402255639097747 0.03125 0.046992481203007516
0 0.318125 0.4849624060150376 0.02375 0.04887218045112782
0 0.2825 0.6033834586466166 0.0925 0.13909774436090225
0 0.37 0.47462406015037595 0.025 0.039473684210526314
0 0.38625 0.4943609022556391 0.0225 0.03759398496240601
0 0.415625 0.48120300751879697 0.02125 0.03007518796992481
0 0.433125 0.5009398496240601 0.03125 0.05075187969924812
0 0.453125 0.5451127819548872 0.04875 0.07894736842105263
0 0.494375 0.4934210526315789 0.02875 0.043233082706766915
0 0.5325 0.4859022556390977 0.025 0.043233082706766915
0 0.5425 0.5610902255639098 0.05 0.07706766917293233
0 0.55125 0.7622180451127819 0.1775 0.29887218045112784
0 0.675625 0.4426691729323308 0.02125 0.043233082706766915
0 0.704375 0.5037593984962406 0.03125 0.041353383458646614
0 0.709375 0.543233082706767 0.03875 0.06390977443609022
0 0.876875 0.5911654135338346 0.08375 0.13721804511278196
0 0.936875 0.556390977443609 0.04625 0.07142857142857142
0 0.963125 0.5338345864661654 0.03875 0.05639097744360902