0 0.10086206896551723 0.432183908045977 0.032758620689655175 0.041379310344827586
0 0.14051724137931035 0.4379310344827586 0.039655172413793106 0.04827586206896552
0 0.15 0.39425287356321836 0.027586206896551724 0.03908045977011494
0 0.19741379310344828 0.4057471264367816 0.032758620689655175 0.03908045977011494
0 0.2646551724137931 0.40344827586206894 0.039655172413793106 0.052873563218390804
0 0.2939655172413793 0.39425287356321836 0.02586206896551724 0.034482758620689655
0 0.34655172413793106 0.41379310344827586 0.041379310344827586 0.05517241379310345
0 0.35086206896551725 0.38275862068965516 0.032758620689655175 0.029885057471264367
0 0.3353448275862069 0.30919540229885056 0.01896551724137931 0.034482758620689655
0 0.05 0.41379310344827586 0.027586206896551724 0.0367816091954023
0 0.07413793103448275 0.42758620689655175 0.02413793103448276 0.0367816091954023
0 0.4086206896551724 0.3724137931034483 0.02413793103448276 0.03218390804597701
0 0.41810344827586204 0.3873563218390805 0.02586206896551724 0.034482758620689655
0 0.453448275862069 0.3850574712643678 0.02413793103448276 0.03908045977011494
0 0.4939655172413793 0.3781609195402299 0.03620689655172414 0.03908045977011494
0 0.5551724137931034 0.3701149425287356 0.027586206896551724 0.03218390804597701
0 0.5112068965517241 0.5022988505747127 0.09827586206896552 0.11264367816091954
0 0.6258620689655172 0.4160919540229885 0.08620689655172414 0.09195402298850575
0 0.6836206896551724 0.5310344827586206 0.16379310344827586 0.21149425287356322
0 0.6810344827586207 0.4149425287356322 0.04482758620689655 0.06206896551724138
0 0.7258620689655172 0.37471264367816093 0.034482758620689655 0.04597701149425287
0 0.7663793103448275 0.3758620689655172 0.029310344827586206 0.03908045977011494
0 0.8344827586206897 0.367816091954023 0.06206896551724138 0.08275862068965517
0 0.7827586206896552 0.4689655172413793 0.06206896551724138 0.08735632183908046
0 0.8017241379310345 0.4218390804597701 0.07241379310344828 0.08505747126436781