0 0.18791666666666668 0.545 0.12416666666666666 0.225
0 0.09208333333333334 0.415625 0.08083333333333333 0.14375
0 0.07458333333333333 0.323125 0.07083333333333333 0.09375
0 0.20041666666666666 0.34875 0.0575 0.085
0 0.23166666666666666 0.298125 0.041666666666666664 0.05875
0 0.30541666666666667 0.3225 0.050833333333333335 0.075
0 0.3020833333333333 0.40375 0.06916666666666667 0.125
0 0.41791666666666666 0.380625 0.05416666666666667 0.10375
0 0.4766666666666667 0.455625 0.095 0.17875
0 0.4116666666666667 0.271875 0.03166666666666667 0.07125
0 0.44583333333333336 0.28375 0.03166666666666667 0.0575
0 0.4870833333333333 0.324375 0.0375 0.06375
0 0.5166666666666667 0.28625 0.03166666666666667 0.055
0 0.5545833333333333 0.313125 0.034166666666666665 0.06875
0 0.6366666666666667 0.425 0.08166666666666667 0.1375
0 0.6208333333333333 0.335625 0.04 0.07125
0 0.6291666666666667 0.29625 0.03166666666666667 0.05
0 0.6866666666666666 0.33375 0.04 0.07
0 0.7545833333333334 0.319375 0.030833333333333334 0.06625
0 0.7979166666666667 0.326875 0.0375 0.06375
0 0.8379166666666666 0.38625 0.0575 0.095
0 0.9 0.38375 0.058333333333333334 0.1075