0 0.03666666666666667 0.6441102756892231 0.07 0.14536340852130325
0 0.11916666666666667 0.6992481203007519 0.09166666666666666 0.14035087719298245
0 0.10583333333333333 0.568922305764411 0.06166666666666667 0.10526315789473684
0 0.23833333333333334 0.6152882205513784 0.07 0.12781954887218044
0 0.31083333333333335 0.62531328320802 0.08166666666666667 0.12280701754385964
0 0.3458333333333333 0.5375939849624061 0.07166666666666667 0.10275689223057644
0 0.4583333333333333 0.5726817042606517 0.08333333333333333 0.11779448621553884
0 0.4716666666666667 0.768170426065163 0.12333333333333334 0.20802005012531327
0 0.6541666666666667 0.6140350877192983 0.105 0.16541353383458646
0 0.7775 0.8834586466165414 0.18833333333333332 0.21804511278195488
0 0.7916666666666666 0.5889724310776943 0.09333333333333334 0.13533834586466165
0 0.8816666666666667 0.5426065162907269 0.08666666666666667 0.12280701754385964
0 0.9566666666666667 0.6741854636591479 0.08333333333333333 0.16040100250626566
0 0.5941666666666666 0.2932330827067669 0.065 0.10025062656641603