0 0.08054577464788733 0.4119718309859155 0.05193661971830986 0.06572769953051644
0 0.12588028169014084 0.4841549295774648 0.09683098591549295 0.12793427230046947
0 0.18794014084507044 0.36208920187793425 0.04665492957746479 0.06455399061032864
0 0.24779929577464788 0.38028169014084506 0.04665492957746479 0.06807511737089202
0 0.3670774647887324 0.44835680751173707 0.06514084507042253 0.09624413145539906
0 0.37059859154929575 0.36619718309859156 0.035211267605633804 0.05868544600938967
0 0.4212147887323944 0.3908450704225352 0.037852112676056336 0.056338028169014086
0 0.4564260563380282 0.3474178403755869 0.027288732394366196 0.04929577464788732
0 0.508362676056338 0.4043427230046948 0.04841549295774648 0.06690140845070422
0 0.5004401408450704 0.3785211267605634 0.029049295774647887 0.04342723004694836
0 0.47403169014084506 0.5492957746478874 0.0994718309859155 0.17136150234741784
0 0.6826584507042254 0.44014084507042256 0.0625 0.10093896713615023
0 0.6205985915492958 0.3931924882629108 0.04225352112676056 0.06572769953051644
0 0.5620598591549296 0.3767605633802817 0.04137323943661972 0.04460093896713615
0 0.6197183098591549 0.3538732394366197 0.02464788732394366 0.03403755868544601
0 0.6668133802816901 0.3732394366197183 0.027288732394366196 0.04460093896713615
0 0.7262323943661971 0.35269953051643194 0.03169014084507042 0.0528169014084507
0 0.7684859154929577 0.4102112676056338 0.04929577464788732 0.07629107981220658
0 0.8032570422535211 0.3931924882629108 0.037852112676056336 0.056338028169014086
0 0.8411091549295775 0.3873239436619718 0.037852112676056336 0.046948356807511735
0 0.8547535211267606 0.36795774647887325 0.03345070422535211 0.05516431924882629
0 0.8679577464788732 0.6179577464788732 0.12323943661971831 0.20774647887323944
0 0.9595070422535211 0.48826291079812206 0.07922535211267606 0.1056338028169014
0 0.9366197183098591 0.40199530516431925 0.056338028169014086 0.05985915492957746
0 0.9507042253521126 0.3796948356807512 0.03169014084507042 0.057511737089201875