0 0.71625 0.5301003344481605 0.0625 0.10367892976588629
0 0.69125 0.4431438127090301 0.0475 0.07023411371237458
0 0.70375 0.3896321070234114 0.0375 0.056856187290969896
0 0.7125 0.3528428093645485 0.035 0.056856187290969896
0 0.7225 0.3110367892976589 0.025 0.046822742474916385
0 0.71875 0.26755852842809363 0.0225 0.026755852842809364
0 0.73125 0.2508361204013378 0.0225 0.026755852842809364
0 0.95375 0.6404682274247492 0.0875 0.1705685618729097
0 0.8925 0.5351170568561873 0.065 0.10033444816053512
0 0.84625 0.45652173913043476 0.0475 0.08361204013377926
0 0.83875 0.40301003344481606 0.0475 0.06354515050167224
0 0.8 0.34782608695652173 0.035 0.06020066889632107
0 0.7775 0.3193979933110368 0.035 0.043478260869565216
0 0.8325 0.2976588628762542 0.03 0.04013377926421405
0 0.85875 0.32441471571906355 0.0325 0.06020066889632107
0 0.8975 0.35618729096989965 0.04 0.06354515050167224
0 0.92875 0.3862876254180602 0.0425 0.07023411371237458
0 0.9675 0.45652173913043476 0.045 0.0903010033444816
0 0.83 0.26421404682274247 0.025 0.033444816053511704
0 0.77875 0.28929765886287623 0.0225 0.030100334448160536
0 0.135 0.5869565217391305 0.095 0.13712374581939799
0 0.08875 0.47324414715719065 0.0525 0.07692307692307693
0 0.1075 0.43478260869565216 0.045 0.05351170568561873
0 0.19 0.48494983277591974 0.065 0.10033444816053512
0 0.2925 0.5066889632107023 0.07 0.09698996655518395
0 0.4025 0.4397993311036789 0.05 0.08361204013377926
0 0.44625 0.38461538461538464 0.0375 0.05351170568561873
0 0.5 0.35618729096989965 0.03 0.05016722408026756
0 0.5275 0.3294314381270903 0.025 0.043478260869565216
0 0.54125 0.31270903010033446 0.0225 0.03678929765886288
0 0.56 0.28929765886287623 0.02 0.03678929765886288
0 0.58625 0.2792642140468227 0.0175 0.030100334448160536
0 0.59875 0.2725752508361204 0.0175 0.030100334448160536
0 0.55125 0.2491638795986622 0.0175 0.023411371237458192
0 0.54 0.27759197324414714 0.015 0.033444816053511704
0 0.52125 0.28929765886287623 0.0225 0.03678929765886288
0 0.49375 0.3076923076923077 0.0225 0.04013377926421405
0 0.46875 0.32274247491638797 0.0275 0.03678929765886288
0 0.43 0.342809364548495 0.03 0.03678929765886288
0 0.37625 0.3896321070234114 0.0325 0.05016722408026756
0 0.2975 0.42642140468227424 0.05 0.056856187290969896
0 0.22375 0.4180602006688963 0.0375 0.06688963210702341
0 0.23625 0.3695652173913043 0.0375 0.05016722408026756
0 0.285 0.35785953177257523 0.035 0.05351170568561873
0 0.31 0.3795986622073579 0.035 0.05016722408026756
0 0.35875 0.342809364548495 0.0275 0.043478260869565216
0 0.34625 0.31605351170568563 0.0275 0.043478260869565216
0 0.3975 0.3177257525083612 0.03 0.046822742474916385
0 0.42 0.2959866220735786 0.025 0.03678929765886288
0 0.45 0.2959866220735786 0.025 0.043478260869565216
0 0.46625 0.26421404682274247 0.0225 0.026755852842809364
0 0.48125 0.2826086956521739 0.0225 0.030100334448160536
0 0.36 0.26588628762541805 0.015 0.030100334448160536
0 0.33125 0.26755852842809363 0.0225 0.033444816053511704
0 0.315 0.25585284280936454 0.02 0.030100334448160536
0 0.2975 0.2608695652173913 0.02 0.020066889632107024
0 0.28875 0.27424749163879597 0.0225 0.020066889632107024
0 0.29875 0.2959866220735786 0.0175 0.030100334448160536
0 0.26625 0.29431438127090304 0.0175 0.033444816053511704
0 0.25125 0.30267558528428096 0.0225 0.043478260869565216
0 0.21625 0.28595317725752506 0.0225 0.023411371237458192
0 0.21125 0.30434782608695654 0.0275 0.033444816053511704
0 0.19875 0.3210702341137124 0.0225 0.033444816053511704
0 0.1725 0.3060200668896321 0.025 0.03678929765886288
0 0.145 0.3110367892976589 0.025 0.04013377926421405
0 0.135 0.35451505016722407 0.03 0.05351170568561873
0 0.1 0.31270903010033446 0.03 0.03678929765886288
0 0.06125 0.33612040133779264 0.0325 0.043478260869565216
0 0.045 0.3695652173913043 0.04 0.05016722408026756