0 0.218 0.6604197901049476 0.148 0.1724137931034483
0 0.0565 0.4985007496251874 0.101 0.11544227886056972
0 0.092 0.2661169415292354 0.036 0.043478260869565216
0 0.0905 0.19715142428785606 0.021 0.031484257871064465
0 0.107 0.18815592203898052 0.016 0.02848575712143928
0 0.07 0.12368815592203898 0.02 0.02848575712143928
0 0.0525 0.11394302848575712 0.017 0.0239880059970015
0 0.137 0.13943028485757122 0.014 0.020989505247376312
0 0.1835 0.15592203898050974 0.013 0.020989505247376312
0 0.1685 0.16491754122938532 0.017 0.017991004497751123
0 0.1615 0.20839580209895053 0.019 0.0239880059970015
0 0.133 0.2151424287856072 0.02 0.034482758620689655
0 0.454 0.5052473763118441 0.062 0.10794602698650675
0 0.5385 0.5187406296851574 0.047 0.08695652173913043
0 0.657 0.5089955022488756 0.038 0.06146926536731634
0 0.7305 0.6094452773613194 0.055 0.10044977511244378
0 0.8315 0.5704647676161919 0.047 0.0704647676161919
0 0.773 0.5232383808095952 0.026 0.041979010494752625
0 0.7225 0.5089955022488756 0.025 0.04047976011994003
0 0.9405 0.5869565217391305 0.031 0.049475262368815595
0 0.8855 0.5659670164917541 0.033 0.05547226386806597
0 0.4595 0.391304347826087 0.019 0.029985007496251874
0 0.4965 0.4077961019490255 0.023 0.035982008995502246
0 0.4155 0.3605697151424288 0.019 0.025487256371814093
0 0.377 0.3328335832083958 0.018 0.0239880059970015
0 0.353 0.3020989505247376 0.016 0.02848575712143928
0 0.361 0.2856071964017991 0.012 0.022488755622188907
0 0.3725 0.24812593703148425 0.013 0.025487256371814093
0 0.3105 0.308095952023988 0.021 0.025487256371814093
0 0.3175 0.2811094452773613 0.013 0.025487256371814093
0 0.2565 0.31784107946026985 0.027 0.035982008995502246
0 0.2645 0.2908545727136432 0.023 0.029985007496251874
0 0.202 0.2863568215892054 0.02 0.038980509745127435
0 0.168 0.2698650674662669 0.024 0.03298350824587706
0 0.205 0.239880059970015 0.018 0.026986506746626688
0 0.231 0.23088455772113944 0.016 0.026986506746626688
0 0.2215 0.19640179910044978 0.015 0.0239880059970015
0 0.2155 0.1686656671664168 0.011 0.022488755622188907
0 0.192 0.20914542728635682 0.016 0.02848575712143928
0 0.288 0.23388305847076463 0.016 0.026986506746626688
0 0.2815 0.20614692653673164 0.013 0.019490254872563718
0 0.959 0.5412293853073463 0.026 0.041979010494752625
0 0.93 0.5112443778110944 0.018 0.026986506746626688
0 0.834 0.4332833583208396 0.012 0.020989505247376312
0 0.875 0.46101949025487254 0.014 0.02848575712143928
0 0.8345 0.48575712143928035 0.015 0.035982008995502246
0 0.8685 0.5082458770614693 0.017 0.029985007496251874
0 0.689 0.29235382308845576 0.01 0.020989505247376312
0 0.6195 0.4587706146926537 0.019 0.029985007496251874
0 0.648 0.44377811094452774 0.016 0.026986506746626688
0 0.7 0.4460269865067466 0.012 0.025487256371814093
0 0.7175 0.46476761619190404 0.017 0.029985007496251874
0 0.7615 0.487256371814093 0.017 0.026986506746626688
0 0.782 0.4782608695652174 0.012 0.026986506746626688
0 0.776 0.4340329835082459 0.014 0.02848575712143928
0 0.8095 0.46026986506746626 0.013 0.0239880059970015
0 0.725 0.4085457271364318 0.012 0.019490254872563718
0 0.7465 0.3995502248875562 0.009 0.019490254872563718
0 0.693 0.38905547226386805 0.012 0.019490254872563718
0 0.662 0.40104947526236884 0.008 0.01649175412293853
0 0.624 0.4272863568215892 0.01 0.017991004497751123
0 0.64 0.4235382308845577 0.014 0.02848575712143928
0 0.63 0.3568215892053973 0.012 0.017991004497751123
0 0.547 0.39430284857571213 0.018 0.029985007496251874
0 0.4865 0.3748125937031484 0.013 0.0239880059970015
0 0.4215 0.335832083958021 0.011 0.0239880059970015
0 0.3915 0.3095952023988006 0.013 0.022488755622188907
0 0.3915 0.280359820089955 0.011 0.0239880059970015
0 0.411 0.25862068965517243 0.014 0.019490254872563718
0 0.44 0.2563718140929535 0.012 0.020989505247376312