0 0.8736666666666667 0.36685082872928176 0.03 0.05966850828729282
0 0.695 0.42320441988950275 0.024666666666666667 0.041988950276243095
0 0.6153333333333333 0.3674033149171271 0.025333333333333333 0.045303867403314914
0 0.5946666666666667 0.3674033149171271 0.017333333333333333 0.0430939226519337
0 0.5756666666666667 0.36187845303867405 0.020666666666666667 0.03867403314917127
0 0.5653333333333334 0.37900552486187844 0.02666666666666667 0.04861878453038674
0 0.5386666666666666 0.37955801104972375 0.030666666666666665 0.06077348066298342
0 0.5126666666666667 0.3839779005524862 0.030666666666666665 0.051933701657458566
0 0.409 0.39060773480662986 0.043333333333333335 0.07403314917127071
0 0.3466666666666667 0.40497237569060773 0.052 0.08950276243093923
0 0.261 0.37955801104972375 0.059333333333333335 0.1005524861878453
0 0.16666666666666666 0.39779005524861877 0.05733333333333333 0.10607734806629834
0 0.09866666666666667 0.37458563535911604 0.07866666666666666 0.15469613259668508
0 0.044333333333333336 0.26574585635359116 0.05 0.10276243093922652
0 0.14533333333333334 0.27624309392265195 0.05466666666666667 0.08839779005524862
0 0.236 0.2856353591160221 0.044 0.08729281767955802
0 0.281 0.28011049723756903 0.038 0.07403314917127071
0 0.27366666666666667 0.2138121546961326 0.03266666666666666 0.06077348066298342
0 0.184 0.23093922651933702 0.03333333333333333 0.07513812154696133
0 0.17866666666666667 0.18121546961325966 0.03333333333333333 0.05303867403314917
0 0.13733333333333334 0.18011049723756906 0.032 0.05966850828729282
0 0.12466666666666666 0.23314917127071824 0.034666666666666665 0.07292817679558011
0 0.08233333333333333 0.16685082872928178 0.03933333333333333 0.07292817679558011
0 0.035333333333333335 0.18895027624309393 0.04133333333333333 0.0707182320441989
0 0.021 0.143646408839779 0.04066666666666666 0.06408839779005525
0 0.31466666666666665 0.24419889502762432 0.028 0.05303867403314917
0 0.359 0.256353591160221 0.03133333333333333 0.05303867403314917
0 0.38333333333333336 0.2712707182320442 0.025333333333333333 0.049723756906077346
0 0.37833333333333335 0.23259668508287293 0.022 0.03867403314917127
0 0.3983333333333333 0.23701657458563535 0.016666666666666666 0.04088397790055249
0 0.41933333333333334 0.2883977900552486 0.028 0.06408839779005525
0 0.43633333333333335 0.27845303867403315 0.018 0.05082872928176796
0 0.45366666666666666 0.274585635359116 0.018 0.036464088397790057
0 0.456 0.30883977900552484 0.029333333333333333 0.05414364640883978
0 0.488 0.30718232044198895 0.024 0.05303867403314917
0 0.4806666666666667 0.28342541436464086 0.018666666666666668 0.04088397790055249
0 0.5106666666666667 0.3154696132596685 0.02266666666666667 0.04751381215469613
0 0.527 0.3143646408839779 0.027333333333333334 0.056353591160221
0 0.55 0.3165745856353591 0.024 0.049723756906077346