0 0.035 0.519559902200489 0.04666666666666667 0.08068459657701711
0 0.16083333333333333 0.5354523227383863 0.041666666666666664 0.06845965770171149
0 0.23416666666666666 0.5550122249388753 0.051666666666666666 0.07823960880195599
0 0.3416666666666667 0.5757946210268948 0.06333333333333334 0.10024449877750612
0 0.3525 0.519559902200489 0.03833333333333333 0.061124694376528114
0 0.5391666666666667 0.6882640586797066 0.055 0.08068459657701711
0 0.45916666666666667 0.530562347188264 0.041666666666666664 0.06845965770171149
0 0.435 0.5220048899755502 0.03666666666666667 0.05134474327628362
0 0.5191666666666667 0.5256723716381418 0.03833333333333333 0.07334963325183375
0 0.6416666666666667 0.6797066014669927 0.09666666666666666 0.18092909535452323
0 0.7625 0.6479217603911981 0.08166666666666667 0.16625916870415647
0 0.6816666666666666 0.5427872860635696 0.03333333333333333 0.07334963325183375
0 0.7283333333333334 0.5366748166259169 0.02666666666666667 0.05134474327628362
0 0.9758333333333333 0.5733496332518337 0.041666666666666664 0.09046454767726161
0 0.6591666666666667 0.5220048899755502 0.035 0.05134474327628362