0 0.03625 0.5311111111111111 0.0675 0.15555555555555556
0 0.186875 0.5622222222222222 0.07 0.14444444444444443
0 0.185 0.49666666666666665 0.0475 0.08666666666666667
0 0.13625 0.5266666666666666 0.04375 0.08
0 0.2415625 0.5433333333333333 0.038125 0.09111111111111111
0 0.295625 0.49277777777777776 0.0375 0.06333333333333334
0 0.343125 0.6194444444444445 0.0625 0.14555555555555555
0 0.33875 0.49 0.03125 0.08
0 0.4265625 0.48277777777777775 0.039375 0.07
0 0.4540625 0.5622222222222222 0.060625 0.12
0 0.49625 0.5155555555555555 0.04 0.07777777777777778
0 0.5290625 0.4855555555555556 0.035625 0.08222222222222222
0 0.6546875 0.35333333333333333 0.030625 0.057777777777777775
0 0.7671875 0.6388888888888888 0.066875 0.1288888888888889
0 0.735625 0.5916666666666667 0.055 0.10555555555555556
0 0.7021875 0.5472222222222223 0.045625 0.0811111111111111
0 0.6996875 0.5027777777777778 0.034375 0.06111111111111111
0 0.755 0.5072222222222222 0.0375 0.0811111111111111
0 0.828125 0.5366666666666666 0.0425 0.09333333333333334
0 0.8665625 0.5061111111111111 0.030625 0.06555555555555556
0 0.978125 0.6894444444444444 0.0425 0.18555555555555556
0 0.9696875 0.6166666666666667 0.059375 0.13777777777777778
0 0.93875 0.56 0.0475 0.10666666666666667
0 0.9175 0.5211111111111111 0.03625 0.06666666666666667
0 0.958125 0.49944444444444447 0.04125 0.07444444444444444