0 0.0656 0.7025316455696202 0.0856 0.13783403656821377
0 0.0378 0.44479606188466947 0.0284 0.047116736990154715
0 0.0088 0.4430379746835443 0.016 0.057665260196905765
0 0.0768 0.3843178621659634 0.0208 0.03727144866385373
0 0.0974 0.5611814345991561 0.05 0.09282700421940929
0 0.1616 0.5158227848101266 0.036 0.06258790436005626
0 0.141 0.48347398030942335 0.0324 0.04992967651195499
0 0.1598 0.420182841068917 0.0228 0.03867791842475387
0 0.169 0.3853727144866385 0.018 0.03234880450070324
0 0.2288 0.38959212376933894 0.016 0.03375527426160337
0 0.2662 0.4349507735583685 0.022 0.04008438818565401
0 0.2674 0.400492264416315 0.0212 0.03867791842475387
0 0.2922 0.37869198312236285 0.0148 0.034458509142053444
0 0.3294 0.38115330520393814 0.0156 0.026722925457102673
0 0.3108 0.5467651195499297 0.0296 0.05977496483825598
0 0.346 0.5520393811533052 0.0448 0.07735583684950774
0 0.3186 0.44127988748241914 0.018 0.04289732770745429
0 0.3556 0.42264416315049225 0.0184 0.035161744022503515
0 0.3766 0.40471167369901545 0.0124 0.027426160337552744
0 0.3906 0.40471167369901545 0.0124 0.027426160337552744
0 0.3922 0.3621659634317862 0.0132 0.02531645569620253
0 0.4146 0.41631504922644164 0.018 0.030942334739803096
0 0.454 0.4131504922644163 0.0192 0.03867791842475387
0 0.4822 0.37869198312236285 0.014 0.02180028129395218
0 0.5074 0.39381153305203936 0.0212 0.0379746835443038
0 0.6804 0.7345288326300985 0.0904 0.1469760900140647
0 0.7086 0.5323488045007032 0.0324 0.07172995780590717
0 0.7226 0.5284810126582279 0.0268 0.056962025316455694
0 0.8136 0.48347398030942335 0.0272 0.04992967651195499
0 0.8448 0.5348101265822784 0.0352 0.07383966244725738
0 0.8932 0.669831223628692 0.0912 0.13572433192686356
0 0.9408 0.5284810126582279 0.044 0.06962025316455696
0 0.9742 0.4810126582278481 0.0476 0.06891701828410689