0 0.1858108108108108 0.43553459119496857 0.04391891891891892 0.09119496855345911
0 0.29307432432432434 0.4449685534591195 0.048986486486486486 0.09119496855345911
0 0.4518581081081081 0.4229559748427673 0.04222972972972973 0.08490566037735849
0 0.5633445945945946 0.43553459119496857 0.04222972972972973 0.07232704402515723
0 0.643581081081081 0.4308176100628931 0.033783783783783786 0.06289308176100629
0 0.6984797297297297 0.42452830188679247 0.03547297297297297 0.05660377358490566
0 0.75 0.4229559748427673 0.030405405405405407 0.059748427672955975
0 0.7263513513513513 0.5330188679245284 0.057432432432432436 0.12264150943396226
0 0.808277027027027 0.5094339622641509 0.05574324324324324 0.1320754716981132
0 0.8800675675675675 0.49056603773584906 0.05405405405405406 0.10062893081761007
0 0.9425675675675675 0.46855345911949686 0.057432432432432436 0.11320754716981132