0 0.14875 0.8658536585365854 0.095 0.14071294559099437
0 0.141875 0.7495309568480301 0.06125 0.08442776735459662
0 0.111875 0.6519699812382739 0.04375 0.06566604127579738
0 0.1575 0.6200750469043153 0.035 0.054409005628517824
0 0.140625 0.5872420262664165 0.02125 0.0375234521575985
0 0.11625 0.5328330206378987 0.02 0.0375234521575985
0 0.081875 0.5637898686679175 0.02125 0.03189493433395872
0 0.058125 0.5684803001876173 0.02375 0.03377110694183865
0 0.033125 0.6013133208255159 0.02875 0.04690431519699812
0 0.18875 0.6022514071294559 0.0275 0.0525328330206379
0 0.24125 0.574108818011257 0.02 0.04127579737335835
0 0.251875 0.5581613508442776 0.01875 0.028142589118198873
0 0.28625 0.5384615384615384 0.02 0.02626641651031895
0 0.27375 0.7626641651031895 0.05 0.08442776735459662
0 0.34 0.626641651031895 0.0325 0.0525328330206379
0 0.366875 0.6097560975609756 0.02875 0.04127579737335835
0 0.380625 0.5816135084427767 0.01625 0.0300187617260788
0 0.394375 0.5647279549718575 0.01875 0.01876172607879925
0 0.43 0.574108818011257 0.03 0.0450281425891182
0 0.436875 0.5403377110694184 0.01625 0.02626641651031895
0 0.4475 0.4352720450281426 0.015 0.0300187617260788
0 0.355 0.9343339587242027 0.09 0.1275797373358349
0 0.513125 0.8255159474671669 0.07125 0.10131332082551595
0 0.695625 0.8874296435272045 0.08375 0.1275797373358349
0 0.57625 0.6388367729831145 0.035 0.058161350844277676
0 0.54625 0.6322701688555347 0.03 0.0450281425891182
0 0.53125 0.5947467166979362 0.025 0.0450281425891182
0 0.504375 0.5694183864915572 0.02375 0.03189493433395872
0 0.476875 0.5572232645403377 0.01875 0.02626641651031895
0 0.541875 0.5412757973733584 0.01625 0.028142589118198873
0 0.54625 0.5666041275797373 0.02 0.0300187617260788
0 0.6275 0.5337711069418386 0.0225 0.043151969981238276
0 0.650625 0.5900562851782364 0.02125 0.03564727954971857
0 0.68375 0.6031894934333959 0.0225 0.039399624765478425
0 0.684375 0.575046904315197 0.01875 0.03189493433395872
0 0.650625 0.6547842401500938 0.03375 0.05628517823639775
0 0.74375 0.600375234521576 0.025 0.04127579737335835
0 0.74875 0.5778611632270169 0.0225 0.03377110694183865
0 0.72625 0.5609756097560976 0.0175 0.0300187617260788
0 0.79 0.524390243902439 0.02 0.028142589118198873
0 0.78375 0.6097560975609756 0.0275 0.0450281425891182
0 0.848125 0.6407129455909943 0.04125 0.06191369606003752
0 0.831875 0.5891181988742964 0.02375 0.04127579737335835
0 0.860625 0.5666041275797373 0.02875 0.0375234521575985
0 0.85125 0.50187617260788 0.0175 0.028142589118198873
0 0.903125 0.5703564727954972 0.02625 0.0375234521575985
0 0.895625 0.6172607879924953 0.03125 0.0525328330206379
0 0.94125 0.6031894934333959 0.0225 0.03189493433395872
0 0.95 0.5769230769230769 0.02 0.03189493433395872
0 0.94375 0.5469043151969981 0.0175 0.024390243902439025
0 0.968125 0.5619136960600375 0.01625 0.028142589118198873
0 0.985625 0.5816135084427767 0.01875 0.0300187617260788
0 0.96875 0.6313320825515948 0.0375 0.04690431519699812
0 0.975625 0.7476547842401501 0.04625 0.07692307692307693