0 0.725 0.11027568922305764 0.056666666666666664 0.09022556390977443
0 0.54 0.6528822055137845 0.08666666666666667 0.15288220551378445
0 0.4666666666666667 0.5639097744360902 0.07666666666666666 0.11528822055137844
0 0.4425 0.5100250626566416 0.055 0.09273182957393483
0 0.4083333333333333 0.462406015037594 0.06 0.08771929824561403
0 0.37166666666666665 0.42355889724310775 0.05 0.08020050125313283
0 0.3308333333333333 0.40225563909774437 0.041666666666666664 0.07268170426065163
0 0.37416666666666665 0.36215538847117795 0.04833333333333333 0.05764411027568922
0 0.3325 0.3308270676691729 0.035 0.06015037593984962
0 0.37 0.2894736842105263 0.03 0.05764411027568922
0 0.185 0.30451127819548873 0.043333333333333335 0.06265664160401002
0 0.19666666666666666 0.2844611528822055 0.03 0.05263157894736842
0 0.14166666666666666 0.36466165413533835 0.04666666666666667 0.06766917293233082
0 0.13083333333333333 0.3258145363408521 0.041666666666666664 0.05012531328320802
0 0.075 0.43609022556390975 0.06333333333333334 0.10025062656641603
0 0.08166666666666667 0.38721804511278196 0.06 0.07769423558897243
0 0.03 0.6516290726817042 0.056666666666666664 0.11027568922305764
0 0.06 0.7669172932330827 0.11333333333333333 0.17042606516290726