0 0.07 0.52125 0.05333333333333334 0.0775
0 0.07416666666666667 0.605 0.07833333333333334 0.1
0 0.20083333333333334 0.52375 0.03833333333333333 0.0775
0 0.22416666666666665 0.54625 0.045 0.0875
0 0.26 0.545 0.06 0.115
0 0.2825 0.62625 0.09833333333333333 0.1275
0 0.28833333333333333 0.49875 0.03333333333333333 0.0575
0 0.3258333333333333 0.53625 0.041666666666666664 0.0625
0 0.36083333333333334 0.4875 0.035 0.055
0 0.39166666666666666 0.4875 0.03666666666666667 0.06
0 0.4041666666666667 0.56375 0.055 0.0875
0 0.4575 0.59 0.065 0.105
0 0.44916666666666666 0.51625 0.041666666666666664 0.0675
0 0.5275 0.4325 0.045 0.065
0 0.5366666666666666 0.625 0.08 0.14
0 0.5216666666666666 0.56 0.06 0.095
0 0.5633333333333334 0.49375 0.03 0.0475
0 0.5933333333333334 0.51375 0.03333333333333333 0.0575
0 0.6275 0.5025 0.03166666666666667 0.055
0 0.6258333333333334 0.6025 0.07166666666666667 0.095
0 0.65 0.7775 0.11666666666666667 0.185
0 0.7466666666666667 0.61375 0.08333333333333333 0.1375
0 0.6825 0.52 0.03833333333333333 0.07
0 0.7775 0.55375 0.04833333333333333 0.0775
0 0.8758333333333334 0.53625 0.055 0.0725
0 0.9325 0.585 0.065 0.095
0 0.8533333333333334 0.73625 0.12333333333333334 0.1625