0 0.035833333333333335 0.5788888888888889 0.065 0.10444444444444445
0 0.12583333333333332 0.5522222222222222 0.055 0.07333333333333333
0 0.18666666666666668 0.5777777777777777 0.09333333333333334 0.1288888888888889
0 0.2825 0.5688888888888889 0.09166666666666666 0.13333333333333333
0 0.395 0.5255555555555556 0.10333333333333333 0.13555555555555557
0 0.44416666666666665 0.5355555555555556 0.041666666666666664 0.07555555555555556
0 0.5175 0.54 0.07166666666666667 0.10222222222222223
0 0.5716666666666667 0.5044444444444445 0.05 0.07555555555555556
0 0.595 0.5433333333333333 0.06 0.08222222222222222
0 0.6566666666666666 0.5333333333333333 0.07333333333333333 0.1111111111111111
0 0.7058333333333333 0.5011111111111111 0.058333333333333334 0.08666666666666667
0 0.7966666666666666 0.48777777777777775 0.08666666666666667 0.13555555555555557
0 0.7783333333333333 0.3411111111111111 0.02666666666666667 0.04666666666666667
0 0.9333333333333333 0.5011111111111111 0.06666666666666667 0.08666666666666667
0 0.9708333333333333 0.4722222222222222 0.055 0.10888888888888888
0 0.845 0.5 0.05 0.07555555555555556