0 0.07268170426065163 0.85 0.14035087719298245 0.29333333333333333
0 0.2568922305764411 0.67 0.11779448621553884 0.14
0 0.2731829573934837 0.5583333333333333 0.07017543859649122 0.11
0 0.15037593984962405 0.5183333333333333 0.06015037593984962 0.07666666666666666
0 0.07769423558897243 0.545 0.08020050125313283 0.10333333333333333
0 0.19548872180451127 0.47333333333333333 0.045112781954887216 0.06
0 0.2631578947368421 0.45 0.05012531328320802 0.06666666666666667
0 0.2819548872180451 0.47333333333333333 0.042606516290726815 0.04666666666666667
0 0.32456140350877194 0.455 0.03258145363408521 0.056666666666666664
0 0.3358395989974937 0.5433333333333333 0.05012531328320802 0.07333333333333333
0 0.38721804511278196 0.535 0.05263157894736842 0.09666666666666666
0 0.42105263157894735 0.5266666666666666 0.045112781954887216 0.07333333333333333
0 0.38471177944862156 0.48 0.042606516290726815 0.06
0 0.43609022556390975 0.48333333333333334 0.03508771929824561 0.06
0 0.47619047619047616 0.51 0.040100250626566414 0.06
0 0.5626566416040101 0.3933333333333333 0.05764411027568922 0.10666666666666667
0 0.7155388471177945 0.465 0.03759398496240601 0.056666666666666664
0 0.7343358395989975 0.49 0.03508771929824561 0.05333333333333334
0 0.7518796992481203 0.5833333333333334 0.07017543859649122 0.13333333333333333
0 0.7631578947368421 0.505 0.03258145363408521 0.043333333333333335
0 0.7832080200501254 0.475 0.03759398496240601 0.056666666666666664
0 0.8421052631578947 0.5166666666666667 0.045112781954887216 0.06666666666666667
0 0.8634085213032582 0.5666666666666667 0.05764411027568922 0.08
0 0.9423558897243107 0.605 0.08521303258145363 0.13
0 0.8872180451127819 0.5 0.03508771929824561 0.06
0 0.9335839598997494 0.51 0.03759398496240601 0.06
0 0.9761904761904762 0.5033333333333333 0.042606516290726815 0.08
0 0.9423558897243107 0.7483333333333333 0.10526315789473684 0.16333333333333333