0 0.04770318021201413 0.5886075949367089 0.0812720848056537 0.13924050632911392
0 0.3127208480565371 0.5949367088607594 0.06713780918727916 0.11392405063291139
0 0.4098939929328622 0.8924050632911392 0.127208480565371 0.20253164556962025
0 0.8392226148409894 0.8354430379746836 0.13780918727915195 0.24050632911392406
0 0.5512367491166078 0.5 0.0636042402826855 0.11392405063291139
0 0.4540636042402827 0.36075949367088606 0.045936395759717315 0.08860759493670886
0 0.37809187279151946 0.310126582278481 0.0353356890459364 0.06329113924050633
0 0.24734982332155478 0.30063291139240506 0.0353356890459364 0.056962025316455694
0 0.30212014134275617 0.4050632911392405 0.045936395759717315 0.0759493670886076
0 0.1166077738515901 0.39556962025316456 0.05653710247349823 0.0949367088607595
0 0.5795053003533569 0.20569620253164558 0.028268551236749116 0.04430379746835443
0 0.657243816254417 0.22151898734177214 0.028268551236749116 0.05063291139240506
0 0.7314487632508834 0.28164556962025317 0.0353356890459364 0.08227848101265822
0 0.8869257950530035 0.21835443037974683 0.05653710247349823 0.12025316455696203
0 0.9823321554770318 0.37341772151898733 0.028268551236749116 0.08860759493670886