0 0.6155 0.37866666666666665 0.055 0.08533333333333333
0 0.3745 0.8686666666666667 0.213 0.23333333333333334
0 0.283 0.66 0.142 0.2
0 0.052 0.6273333333333333 0.088 0.12933333333333333
0 0.13 0.562 0.058 0.09466666666666666
0 0.1855 0.5346666666666666 0.063 0.09066666666666667
0 0.3485 0.6146666666666667 0.075 0.12533333333333332
0 0.3785 0.536 0.065 0.08
0 0.362 0.504 0.074 0.09066666666666667
0 0.787 0.5113333333333333 0.054 0.08666666666666667
0 0.8615 0.536 0.079 0.10933333333333334
0 0.9315 0.556 0.063 0.096
0 0.8835 0.682 0.083 0.12133333333333333