0 0.01484375 0.5252051582649473 0.0265625 0.0984759671746776
0 0.05390625 0.5445486518171161 0.040625 0.08089097303634232
0 0.096875 0.5146541617819461 0.05625 0.08675263774912075
0 0.1546875 0.5175849941383353 0.053125 0.07151230949589683
0 0.148828125 0.2913247362250879 0.05234375 0.07151230949589683
0 0.249609375 0.48827667057444313 0.04921875 0.08323563892145369
0 0.318359375 0.49413833528722156 0.04140625 0.08323563892145369
0 0.4078125 0.4835873388042204 0.040625 0.07620164126611957
0 0.461328125 0.48710433763188743 0.04140625 0.0738569753810082
0 0.54765625 0.5058616647127784 0.0453125 0.07854630715123095
0 0.622265625 0.4783118405627198 0.05703125 0.08675263774912075
0 0.822265625 0.35873388042203985 0.11953125 0.20867526377491208
0 0.85703125 0.08675263774912075 0.1078125 0.16647127784290738