0 0.14222222222222222 0.4683794466403162 0.05333333333333334 0.1067193675889328
0 0.17444444444444446 0.42292490118577075 0.035555555555555556 0.07509881422924901
0 0.24722222222222223 0.44466403162055335 0.052222222222222225 0.09881422924901186
0 0.265 0.4160079051383399 0.034444444444444444 0.07312252964426877
0 0.3422222222222222 0.48023715415019763 0.05555555555555555 0.1225296442687747
0 0.3838888888888889 0.48122529644268774 0.03222222222222222 0.07312252964426877
0 0.355 0.4031620553359684 0.03222222222222222 0.05928853754940711
0 0.43166666666666664 0.41205533596837945 0.03666666666666667 0.07707509881422925
0 0.4577777777777778 0.4871541501976285 0.044444444444444446 0.116600790513834
0 0.47555555555555556 0.46047430830039526 0.03111111111111111 0.07905138339920949
0 0.5066666666666667 0.42193675889328064 0.02666666666666667 0.06126482213438735
0 0.5366666666666666 0.466403162055336 0.028888888888888888 0.06324110671936758
0 0.5716666666666667 0.45454545454545453 0.04777777777777778 0.11462450592885376
0 0.5983333333333334 0.4733201581027668 0.025555555555555557 0.0533596837944664
0 0.6094444444444445 0.4199604743083004 0.025555555555555557 0.06126482213438735
0 0.6572222222222223 0.4683794466403162 0.052222222222222225 0.10276679841897234
0 0.7644444444444445 0.4525691699604743 0.04888888888888889 0.11462450592885376
0 0.8194444444444444 0.325098814229249 0.034444444444444444 0.0691699604743083
0 0.7505555555555555 0.33201581027667987 0.025555555555555557 0.05928853754940711
0 0.7088888888888889 0.33794466403162055 0.02666666666666667 0.06324110671936758
0 0.6655555555555556 0.3359683794466403 0.028888888888888888 0.07114624505928854
0 0.63 0.32806324110671936 0.024444444444444446 0.05928853754940711
0 0.6011111111111112 0.33201581027667987 0.028888888888888888 0.06324110671936758
0 0.5444444444444444 0.2994071146245059 0.02666666666666667 0.05731225296442688
0 0.49 0.29347826086956524 0.03111111111111111 0.07707509881422925
0 0.44555555555555554 0.3132411067193676 0.03111111111111111 0.06126482213438735
0 0.39166666666666666 0.3073122529644269 0.03222222222222222 0.06521739130434782
0 0.31277777777777777 0.30434782608695654 0.034444444444444444 0.06719367588932806
0 0.24166666666666667 0.2717391304347826 0.034444444444444444 0.06521739130434782
0 0.14944444444444444 0.29150197628458496 0.05 0.08893280632411067
0 0.09444444444444444 0.16897233201581027 0.03777777777777778 0.08498023715415019
0 0.18166666666666667 0.15612648221343872 0.03888888888888889 0.07114624505928854
0 0.245 0.17193675889328064 0.034444444444444444 0.07114624505928854
0 0.315 0.16106719367588934 0.034444444444444444 0.08102766798418973
0 0.3827777777777778 0.2025691699604743 0.025555555555555557 0.0691699604743083
0 0.4461111111111111 0.20652173913043478 0.034444444444444444 0.0691699604743083
0 0.49722222222222223 0.20355731225296442 0.03222222222222222 0.06324110671936758
0 0.5416666666666666 0.22430830039525693 0.027777777777777776 0.06521739130434782
0 0.5788888888888889 0.22332015810276679 0.02666666666666667 0.06324110671936758
0 0.6372222222222222 0.20355731225296442 0.03 0.06324110671936758
0 0.6744444444444444 0.2134387351778656 0.028888888888888888 0.05928853754940711
0 0.7188888888888889 0.21442687747035574 0.028888888888888888 0.06521739130434782
0 0.7983333333333333 0.2075098814229249 0.03222222222222222 0.05928853754940711