0 0.020556083650190113 0.5304054054054054 0.03065589353612167 0.06672297297297297
0 0.16064638783269963 0.5707347972972973 0.05798479087452472 0.1102195945945946
0 0.16599334600760457 0.47571790540540543 0.03493346007604563 0.06967905405405406
0 0.20187737642585551 0.5390625 0.041112167300380226 0.07474662162162163
0 0.10087927756653993 0.6068412162162162 0.04348859315589353 0.07347972972972973
0 0.25225760456273766 0.5918496621621622 0.07913498098859316 0.14315878378378377
0 0.3214115969581749 0.7402871621621622 0.15185361216730037 0.3597972972972973
0 0.3214115969581749 0.5508868243243243 0.046815589353612165 0.078125
0 0.279467680608365 0.534206081081081 0.04134980988593156 0.09206081081081081
0 0.3804657794676806 0.582981418918919 0.03897338403041825 0.08319256756756757
0 0.38890209125475284 0.5538429054054054 0.03635931558935361 0.06967905405405406
0 0.44237167300380226 0.5838260135135135 0.042538022813688216 0.09163851351351351
0 0.5199619771863118 0.613597972972973 0.0817490494296578 0.16131756756756757
0 0.5754515209125475 0.574535472972973 0.04063688212927757 0.08572635135135136
0 0.6139496197718631 0.5855152027027027 0.03493346007604563 0.08826013513513513
0 0.5223384030418251 0.42588682432432434 0.029467680608365018 0.06461148648648649
0 0.9025665399239544 0.6081081081081081 0.03897338403041825 0.07094594594594594
0 0.9231226235741445 0.6347128378378378 0.04966730038022814 0.08699324324324324