0 0.1327212020033389 0.5125 0.1318864774624374 0.125
0 0.05759599332220367 0.589375 0.10517529215358931 0.19375
0 0.6527545909849749 0.53 0.11352253756260434 0.085
0 0.667779632721202 0.433125 0.05342237061769616 0.04125
0 0.5701168614357263 0.395 0.045075125208681135 0.0375
0 0.5868113522537562 0.448125 0.048414023372287146 0.04125
0 0.5191986644407346 0.43125 0.06343906510851419 0.055
0 0.4540901502504174 0.423125 0.05008347245409015 0.04125
0 0.4691151919866444 0.364375 0.04674457429048414 0.04125
0 0.31636060100166946 0.440625 0.06844741235392321 0.05375
0 0.29716193656093487 0.403125 0.04674457429048414 0.03875
0 0.12020033388981637 0.399375 0.05342237061769616 0.03875
0 0.07846410684474124 0.4025 0.0667779632721202 0.05
0 0.9081803005008348 0.464375 0.08013355592654424 0.05375
0 0.9432387312186978 0.42875 0.0667779632721202 0.0525
0 0.8639398998330551 0.43625 0.0651085141903172 0.05
0 0.9724540901502504 0.4875 0.05175292153589316 0.0725