0 0.11480978260869565 0.22282608695652173 0.03940217391304348 0.06159420289855073
0 0.18410326086956522 0.24365942028985507 0.04483695652173913 0.06340579710144928
0 0.26358695652173914 0.22826086956521738 0.043478260869565216 0.06884057971014493
0 0.3335597826086957 0.23731884057971014 0.04755434782608696 0.06521739130434782
0 0.16168478260869565 0.35054347826086957 0.051630434782608696 0.08152173913043478
0 0.25747282608695654 0.4791666666666667 0.07744565217391304 0.1322463768115942
0 0.33084239130434784 0.34057971014492755 0.05298913043478261 0.10144927536231885
0 0.515625 0.30978260869565216 0.04755434782608696 0.07608695652173914
0 0.39741847826086957 0.447463768115942 0.07472826086956522 0.10869565217391304
0 0.5360054347826086 0.4338768115942029 0.07744565217391304 0.11413043478260869
0 0.6684782608695652 0.401268115942029 0.07336956521739131 0.11413043478260869