0 0.058823529411764705 0.35791666666666666 0.05771365149833518 0.04416666666666667
0 0.12652608213096558 0.34625 0.048834628190899 0.03916666666666667
0 0.22086570477247502 0.33208333333333334 0.042175360710321866 0.030833333333333334
0 0.232519422863485 0.4375 0.11431742508324085 0.085
0 0.2802441731409545 0.39416666666666667 0.08102108768035517 0.06333333333333334
0 0.33684794672586016 0.34708333333333335 0.06326304106548279 0.04416666666666667
0 0.3973362930077691 0.3258333333333333 0.05327413984461709 0.035
0 0.7497225305216426 0.43375 0.09211986681465038 0.07416666666666667
0 0.6653718091009989 0.37916666666666665 0.06770255271920089 0.06
0 0.6459489456159823 0.35583333333333333 0.051054384017758046 0.03666666666666667
0 0.5948945615982242 0.33875 0.048834628190899 0.04083333333333333
0 0.8129855715871254 0.33 0.04550499445061043 0.03333333333333333
0 0.8412874583795783 0.33625 0.051054384017758046 0.0375
0 0.9295227524972253 0.3641666666666667 0.07214206437291898 0.045