0 0.022093023255813953 0.474 0.020930232558139535 0.052
0 0.044186046511627906 0.482 0.03255813953488372 0.06
0 0.08023255813953488 0.494 0.03488372093023256 0.06
0 0.11511627906976744 0.512 0.03953488372093023 0.064
0 0.15465116279069768 0.522 0.04883720930232558 0.092
0 0.20813953488372092 0.544 0.04883720930232558 0.096
0 0.25232558139534883 0.484 0.03488372093023256 0.056
0 0.31511627906976747 0.594 0.07209302325581396 0.124
0 0.2895348837209302 0.44 0.020930232558139535 0.048
0 0.336046511627907 0.442 0.030232558139534883 0.052
0 0.35232558139534886 0.414 0.01627906976744186 0.044
0 0.36511627906976746 0.47 0.03255813953488372 0.068
0 0.3941860465116279 0.466 0.030232558139534883 0.076
0 0.4 0.418 0.023255813953488372 0.044
0 0.4418604651162791 0.406 0.018604651162790697 0.028
0 0.4720930232558139 0.448 0.027906976744186046 0.064
0 0.4686046511627907 0.414 0.01627906976744186 0.036
0 0.49767441860465117 0.414 0.018604651162790697 0.044
0 0.5476744186046512 0.418 0.020930232558139535 0.044
0 0.5186046511627908 0.494 0.03255813953488372 0.068
0 0.5709302325581396 0.492 0.04883720930232558 0.08
0 0.6034883720930233 0.444 0.030232558139534883 0.072
0 0.6290697674418605 0.436 0.020930232558139535 0.064
0 0.6453488372093024 0.428 0.02558139534883721 0.048
0 0.6941860465116279 0.466 0.030232558139534883 0.076
0 0.7651162790697674 0.432 0.027906976744186046 0.056
0 0.7406976744186047 0.654 0.1 0.212
0 0.8755813953488372 0.572 0.07209302325581396 0.144
0 0.8441860465116279 0.414 0.027906976744186046 0.06
0 0.9837209302325581 0.402 0.027906976744186046 0.06