0 0.12116040955631399 0.575 0.09897610921501707 0.12272727272727273
0 0.19283276450511946 0.5227272727272727 0.07167235494880546 0.09090909090909091
0 0.22013651877133106 0.6363636363636364 0.08532423208191127 0.11818181818181818
0 0.28668941979522183 0.7136363636363636 0.08191126279863481 0.13636363636363635
0 0.051194539249146756 0.5454545454545454 0.06825938566552901 0.1
0 0.3225255972696246 0.5318181818181819 0.06484641638225255 0.09090909090909091
0 0.3651877133105802 0.5704545454545454 0.07508532423208192 0.10454545454545454
0 0.4453924914675768 0.725 0.10580204778156997 0.17727272727272728
0 0.4863481228668942 0.5818181818181818 0.07849829351535836 0.11818181818181818
0 0.7167235494880546 0.7568181818181818 0.10238907849829351 0.1590909090909091
0 0.6928327645051194 0.6636363636363637 0.10238907849829351 0.11818181818181818
0 0.8771331058020477 0.634090909090909 0.11604095563139932 0.16818181818181818
0 0.7610921501706485 0.29545454545454547 0.06825938566552901 0.1