0 0.0546875 0.6940104166666666 0.060546875 0.09635416666666667
0 0.03173828125 0.6458333333333334 0.0576171875 0.07291666666666667
0 0.42822265625 0.6419270833333334 0.0634765625 0.09114583333333333
0 0.53271484375 0.4407552083333333 0.0673828125 0.09765625
0 0.48779296875 0.6888020833333334 0.0517578125 0.09375
0 0.5263671875 0.7109375 0.064453125 0.09114583333333333
0 0.572265625 0.7532552083333334 0.087890625 0.11588541666666667
0 0.638671875 0.6868489583333334 0.064453125 0.09505208333333333
0 0.58740234375 0.6549479166666666 0.0576171875 0.08072916666666667
0 0.736328125 0.7890625 0.119140625 0.15885416666666666
0 0.76513671875 0.6868489583333334 0.0634765625 0.10807291666666667
0 0.8369140625 0.7545572916666666 0.083984375 0.15234375
0 0.9384765625 0.6490885416666666 0.05859375 0.09244791666666667
0 0.95458984375 0.89453125 0.0888671875 0.19270833333333334