0 0.154 0.17275280898876405 0.056 0.09831460674157304
0 0.227 0.5014044943820225 0.062 0.09269662921348315
0 0.327 0.48314606741573035 0.074 0.10674157303370786
0 0.383 0.47191011235955055 0.05 0.07865168539325842
0 0.477 0.5561797752808989 0.102 0.12921348314606743
0 0.509 0.5210674157303371 0.062 0.10955056179775281
0 0.593 0.4845505617977528 0.042 0.0702247191011236
0 0.692 0.4845505617977528 0.056 0.08146067415730338
0 0.701 0.5617977528089888 0.078 0.12921348314606743
0 0.758 0.6530898876404494 0.144 0.2050561797752809
0 0.832 0.5210674157303371 0.06 0.08707865168539326
0 0.806 0.4957865168539326 0.036 0.0702247191011236
0 0.905 0.5758426966292135 0.078 0.11235955056179775
0 0.957 0.5294943820224719 0.054 0.08146067415730338
0 0.962 0.4845505617977528 0.04 0.0702247191011236