0 0.0812807881773399 0.34487021013597036 0.09688013136288999 0.18541409147095178
0 0.027504105090311988 0.3831891223733004 0.046798029556650245 0.09394313967861558
0 0.1473727422003284 0.4011124845488257 0.03694581280788178 0.07787391841779975
0 0.17733990147783252 0.40976514215080345 0.03940886699507389 0.07787391841779975
0 0.2200328407224959 0.39245982694684795 0.0361247947454844 0.07292954264524104
0 0.2733990147783251 0.4004944375772559 0.03940886699507389 0.08405438813349815
0 0.2524630541871921 0.39555006180469715 0.030377668308702793 0.04697156983930779
0 0.2951559934318555 0.39060568603213847 0.023809523809523808 0.049443757725587144
0 0.33825944170771755 0.4184177997527812 0.031198686371100164 0.05315203955500618
0 0.32717569786535305 0.399876390605686 0.023809523809523808 0.04326328800988875
0 0.3674055829228243 0.41285537700865266 0.027093596059113302 0.0519159456118665
0 0.3936781609195402 0.40976514215080345 0.027093596059113302 0.05067985166872682
0 0.4133825944170772 0.39060568603213847 0.020525451559934318 0.042027194066749075
0 0.43349753694581283 0.3912237330037083 0.026272577996715927 0.0580964153275649
0 0.4610016420361248 0.4011124845488257 0.028735632183908046 0.05315203955500618
0 0.48111658456486045 0.37021013597033375 0.027914614121510674 0.048207663782447466
0 0.493431855500821 0.4042027194066749 0.026272577996715927 0.049443757725587144
0 0.5110837438423645 0.41594561186650186 0.027093596059113302 0.05315203955500618
0 0.4897372742200328 0.45550061804697156 0.03858784893267652 0.06798516687268233
0 0.5320197044334976 0.4079110012360939 0.024630541871921183 0.0519159456118665
0 0.5480295566502463 0.42088998763906055 0.020525451559934318 0.04326328800988875
0 0.5640394088669951 0.38875154511742893 0.034482758620689655 0.0580964153275649
0 0.5410509031198686 0.38133498145859085 0.021346469622331693 0.038318912237330034
0 0.5685550082101807 0.45550061804697156 0.040229885057471264 0.06798516687268233
0 0.6001642036124795 0.411619283065513 0.03284072249589491 0.06180469715698393
0 0.6420361247947455 0.449938195302843 0.041050903119868636 0.07169344870210136
0 0.6165845648604269 0.38504326328800986 0.022988505747126436 0.04573547589616811
0 0.6379310344827587 0.38751545117428926 0.022988505747126436 0.05067985166872682
0 0.6609195402298851 0.37824474660074164 0.029556650246305417 0.06674907292954264
0 0.6814449917898193 0.40173053152039556 0.022988505747126436 0.04449938195302843
0 0.7105911330049262 0.4072929542645241 0.03201970443349754 0.0630407911001236
0 0.7003284072249589 0.3658838071693449 0.027914614121510674 0.04449938195302843
0 0.7495894909688013 0.44437577255871447 0.03940886699507389 0.08034610630407911
0 0.7475369458128078 0.38936959208899874 0.035303776683087026 0.06180469715698393
0 0.7688834154351396 0.3819530284301607 0.023809523809523808 0.069221260815822
0 0.8316912972085386 0.3504326328800989 0.05090311986863711 0.10012360939431397
0 0.9146141215106732 0.3726823238566131 0.05747126436781609 0.10259579728059333
0 0.8579638752052545 0.38504326328800986 0.026272577996715927 0.0580964153275649
0 0.8152709359605911 0.39245982694684795 0.026272577996715927 0.05562422744128554
0 0.40435139573070605 0.5512978986402967 0.0451559934318555 0.07911001236093942
0 0.8218390804597702 0.7428924598269468 0.07060755336617405 0.1211372064276885
0 0.9384236453201971 0.7775030902348579 0.08538587848932677 0.14585908529048208