0 0.01509433962264151 0.2554945054945055 0.026415094339622643 0.038461538461538464
0 0.0509433962264151 0.25961538461538464 0.018867924528301886 0.03571428571428571
0 0.06981132075471698 0.2554945054945055 0.022641509433962263 0.03296703296703297
0 0.08773584905660377 0.25274725274725274 0.020754716981132074 0.038461538461538464
0 0.09622641509433963 0.2348901098901099 0.01509433962264151 0.024725274725274724
0 0.08396226415094339 0.22939560439560439 0.016981132075471698 0.024725274725274724
0 0.10849056603773585 0.2239010989010989 0.013207547169811321 0.024725274725274724
0 0.12075471698113208 0.23214285714285715 0.018867924528301886 0.03021978021978022
0 0.14622641509433962 0.25 0.03207547169811321 0.04395604395604396
0 0.1632075471698113 0.23351648351648352 0.020754716981132074 0.03296703296703297
0 0.14433962264150943 0.21978021978021978 0.016981132075471698 0.02197802197802198
0 0.17264150943396225 0.21978021978021978 0.013207547169811321 0.02197802197802198
0 0.1830188679245283 0.2129120879120879 0.01509433962264151 0.024725274725274724
0 0.2018867924528302 0.25824175824175827 0.04905660377358491 0.07142857142857142
0 0.23018867924528302 0.25686813186813184 0.033962264150943396 0.06318681318681318
0 0.2028301886792453 0.21153846153846154 0.013207547169811321 0.02197802197802198
0 0.219811320754717 0.21428571428571427 0.016981132075471698 0.02197802197802198
0 0.21415094339622642 0.1978021978021978 0.013207547169811321 0.02197802197802198
0 0.22735849056603774 0.20604395604395603 0.013207547169811321 0.02197802197802198
0 0.2481132075471698 0.2087912087912088 0.013207547169811321 0.02197802197802198
0 0.24622641509433962 0.1978021978021978 0.013207547169811321 0.02197802197802198
0 0.2632075471698113 0.20604395604395603 0.013207547169811321 0.02197802197802198
0 0.2839622641509434 0.19917582417582416 0.016981132075471698 0.024725274725274724
0 0.2783018867924528 0.2733516483516483 0.04339622641509434 0.06868131868131869
0 0.35566037735849054 0.2802197802197802 0.04716981132075472 0.07142857142857142
0 0.39528301886792455 0.2651098901098901 0.03207547169811321 0.057692307692307696
0 0.36698113207547167 0.2239010989010989 0.016981132075471698 0.03571428571428571
0 0.3462264150943396 0.22527472527472528 0.020754716981132074 0.03296703296703297
0 0.34150943396226413 0.2032967032967033 0.011320754716981131 0.02197802197802198
0 0.31886792452830187 0.2184065934065934 0.018867924528301886 0.03571428571428571
0 0.3132075471698113 0.19505494505494506 0.011320754716981131 0.016483516483516484
0 0.3292452830188679 0.18681318681318682 0.009433962264150943 0.016483516483516484
0 0.37641509433962267 0.20467032967032966 0.013207547169811321 0.019230769230769232
0 0.3839622641509434 0.22252747252747251 0.013207547169811321 0.02197802197802198
0 0.4037735849056604 0.21978021978021978 0.022641509433962263 0.03296703296703297
0 0.39622641509433965 0.19230769230769232 0.01509433962264151 0.027472527472527472
0 0.40943396226415096 0.17994505494505494 0.011320754716981131 0.019230769230769232
0 0.47264150943396227 0.2651098901098901 0.03962264150943396 0.07417582417582418
0 0.4528301886792453 0.22252747252747251 0.018867924528301886 0.03296703296703297
0 0.4207547169811321 0.24725274725274726 0.018867924528301886 0.03296703296703297
0 0.4216981132075472 0.19642857142857142 0.016981132075471698 0.024725274725274724
0 0.44056603773584907 0.1936813186813187 0.013207547169811321 0.024725274725274724
0 0.4679245283018868 0.21153846153846154 0.011320754716981131 0.02197802197802198
0 0.4707547169811321 0.1936813186813187 0.009433962264150943 0.024725274725274724
0 0.45754716981132076 0.17445054945054944 0.009433962264150943 0.013736263736263736
0 0.480188679245283 0.17857142857142858 0.009433962264150943 0.016483516483516484
0 0.4849056603773585 0.19917582417582416 0.011320754716981131 0.019230769230769232
0 0.5066037735849057 0.2184065934065934 0.016981132075471698 0.03021978021978022
0 0.49339622641509434 0.24313186813186813 0.020754716981132074 0.04120879120879121
0 0.5028301886792453 0.19093406593406592 0.016981132075471698 0.024725274725274724
0 0.49245283018867925 0.1813186813186813 0.011320754716981131 0.02197802197802198
0 0.5254716981132076 0.1813186813186813 0.013207547169811321 0.02197802197802198
0 0.5481132075471699 0.19230769230769232 0.016981132075471698 0.027472527472527472
0 0.5537735849056604 0.25961538461538464 0.0509433962264151 0.07967032967032966
0 0.5943396226415094 0.21016483516483517 0.018867924528301886 0.024725274725274724
0 0.5839622641509434 0.19642857142857142 0.013207547169811321 0.024725274725274724
0 0.5877358490566038 0.17857142857142858 0.009433962264150943 0.016483516483516484
0 0.6018867924528302 0.16758241758241757 0.011320754716981131 0.02197802197802198
0 0.6132075471698113 0.2087912087912088 0.018867924528301886 0.03296703296703297
0 0.6103773584905661 0.25 0.020754716981132074 0.04395604395604396
0 0.6566037735849056 0.25686813186813184 0.04905660377358491 0.07967032967032966
0 0.6396226415094339 0.20741758241758243 0.022641509433962263 0.03571428571428571
0 0.6311320754716981 0.19093406593406592 0.013207547169811321 0.024725274725274724
0 0.6377358490566037 0.1717032967032967 0.01509433962264151 0.024725274725274724
0 0.620754716981132 0.17582417582417584 0.011320754716981131 0.02197802197802198
0 0.6518867924528302 0.19230769230769232 0.013207547169811321 0.03296703296703297
0 0.7075471698113207 0.21428571428571427 0.022641509433962263 0.03296703296703297
0 0.7235849056603774 0.25961538461538464 0.03207547169811321 0.06868131868131869
0 0.789622641509434 0.26373626373626374 0.0660377358490566 0.09340659340659341
0 0.7245283018867924 0.17994505494505494 0.01509433962264151 0.024725274725274724
0 0.7066037735849057 0.17445054945054944 0.013207547169811321 0.024725274725274724
0 0.7415094339622641 0.1662087912087912 0.01509433962264151 0.024725274725274724
0 0.7613207547169811 0.17857142857142858 0.016981132075471698 0.02197802197802198
0 0.7707547169811321 0.19093406593406592 0.016981132075471698 0.024725274725274724
0 0.7849056603773585 0.17582417582417584 0.01509433962264151 0.02197802197802198
0 0.769811320754717 0.16071428571428573 0.01509433962264151 0.024725274725274724
0 0.8018867924528302 0.1620879120879121 0.01509433962264151 0.02197802197802198
0 0.8150943396226416 0.17994505494505494 0.018867924528301886 0.03021978021978022
0 0.8292452830188679 0.1717032967032967 0.013207547169811321 0.019230769230769232
0 0.9075471698113208 0.21016483516483517 0.033962264150943396 0.046703296703296704
0 0.8849056603773585 0.17994505494505494 0.018867924528301886 0.03021978021978022
0 0.8481132075471698 0.18681318681318682 0.016981132075471698 0.027472527472527472
0 0.85 0.16758241758241757 0.013207547169811321 0.02197802197802198
0 0.8367924528301887 0.15796703296703296 0.013207547169811321 0.019230769230769232
0 0.910377358490566 0.18681318681318682 0.013207547169811321 0.02197802197802198
0 0.9367924528301886 0.18543956043956045 0.016981132075471698 0.03021978021978022
0 0.9594339622641509 0.19917582417582416 0.020754716981132074 0.024725274725274724
0 0.9641509433962264 0.2706043956043956 0.06792452830188679 0.11263736263736264
0 0.9773584905660377 0.2184065934065934 0.033962264150943396 0.04120879120879121
0 0.9867924528301887 0.18269230769230768 0.018867924528301886 0.024725274725274724