0 0.10666666666666667 0.4533333333333333 0.02666666666666667 0.04
0 0.23 0.44333333333333336 0.03666666666666667 0.06
0 0.26166666666666666 0.4666666666666667 0.03333333333333333 0.05333333333333334
0 0.32666666666666666 0.43333333333333335 0.02666666666666667 0.03111111111111111
0 0.3566666666666667 0.46555555555555556 0.03333333333333333 0.05555555555555555
0 0.41833333333333333 0.4488888888888889 0.04 0.05333333333333334
0 0.44166666666666665 0.5422222222222223 0.07666666666666666 0.12444444444444444
0 0.4558333333333333 0.4311111111111111 0.021666666666666667 0.04
0 0.4875 0.44222222222222224 0.028333333333333332 0.04
0 0.5925 0.5066666666666667 0.06166666666666667 0.10666666666666667
0 0.6758333333333333 0.43555555555555553 0.041666666666666664 0.06222222222222222
0 0.715 0.5855555555555556 0.08 0.13111111111111112
0 0.8941666666666667 0.5711111111111111 0.07833333333333334 0.09777777777777778
0 0.9391666666666667 0.4711111111111111 0.051666666666666666 0.09333333333333334
0 0.8841666666666667 0.38222222222222224 0.03166666666666667 0.04888888888888889
0 0.8541666666666666 0.4266666666666667 0.03166666666666667 0.05333333333333334
0 0.8208333333333333 0.44555555555555554 0.03166666666666667 0.04666666666666667