0 0.041015625 0.20625 0.07890625 0.24791666666666667
0 0.17734375 0.2828125 0.121875 0.178125
0 0.31015625 0.2359375 0.08125 0.14270833333333333
0 0.39765625 0.2765625 0.06875 0.11979166666666667
0 0.520703125 0.315625 0.06328125 0.1125
0 0.46875 0.3776041666666667 0.0296875 0.036458333333333336
0 0.589453125 0.3963541666666667 0.03046875 0.04895833333333333
0 0.667578125 0.28229166666666666 0.06484375 0.12083333333333333
0 0.663671875 0.5052083333333334 0.14296875 0.23125
0 0.833984375 0.29010416666666666 0.07109375 0.11979166666666667
0 0.9734375 0.3380208333333333 0.0515625 0.11770833333333333