0 0.08701657458563536 0.41304347826086957 0.06077348066298342 0.10973084886128365
0 0.15331491712707182 0.386128364389234 0.049723756906077346 0.08488612836438923
0 0.27002762430939226 0.42650103519668736 0.11187845303867404 0.2070393374741201
0 0.3687845303867403 0.3498964803312629 0.04143646408839779 0.08281573498964803
0 0.45234806629834257 0.3136645962732919 0.04281767955801105 0.06418219461697723
0 0.4723756906077348 0.38198757763975155 0.058011049723756904 0.11387163561076605
0 0.5262430939226519 0.33229813664596275 0.143646408839779 0.2919254658385093
0 0.7078729281767956 0.3498964803312629 0.09806629834254144 0.18219461697722567
0 0.6208563535911602 0.32401656314699795 0.04005524861878453 0.07660455486542443
0 0.8087016574585635 0.31780538302277433 0.0649171270718232 0.12629399585921325
0 0.9592541436464088 0.30952380952380953 0.0787292817679558 0.2836438923395445