0 0.2125 0.7730769230769231 0.14423076923076922 0.24102564102564103
0 0.36778846153846156 0.6237179487179487 0.0875 0.14743589743589744
0 0.3418269230769231 0.33782051282051284 0.03173076923076923 0.06282051282051282
0 0.43798076923076923 0.34294871794871795 0.035576923076923075 0.05512820512820513
0 0.4581730769230769 0.36538461538461536 0.03173076923076923 0.04871794871794872
0 0.5331730769230769 0.3596153846153846 0.0375 0.057692307692307696
0 0.60625 0.3532051282051282 0.03365384615384615 0.04230769230769231
0 0.7375 0.491025641025641 0.06923076923076923 0.08205128205128205
0 0.7725961538461539 0.3032051282051282 0.0375 0.07051282051282051
0 0.9100961538461538 0.5288461538461539 0.11634615384615385 0.14743589743589744
0 0.8740384615384615 0.45256410256410257 0.06538461538461539 0.08717948717948718