0 0.0925 0.38375 0.045 0.0825
0 0.06916666666666667 0.56125 0.03833333333333333 0.0575
0 0.08 0.6275 0.07 0.09
0 0.16833333333333333 0.60625 0.04666666666666667 0.0675
0 0.19416666666666665 0.695 0.075 0.115
0 0.3283333333333333 0.6025 0.05333333333333334 0.09
0 0.25416666666666665 0.535 0.041666666666666664 0.065
0 0.32083333333333336 0.51 0.03833333333333333 0.055
0 0.3641666666666667 0.5375 0.041666666666666664 0.065
0 0.3908333333333333 0.53 0.035 0.07
0 0.3858333333333333 0.7425 0.085 0.14
0 0.4708333333333333 0.63375 0.058333333333333334 0.0975
0 0.51 0.57625 0.05 0.0675
0 0.5283333333333333 0.5225 0.04 0.055
0 0.615 0.6975 0.06 0.085
0 0.65 0.5925 0.05333333333333334 0.075
0 0.6375 0.54 0.041666666666666664 0.06
0 0.7933333333333333 0.56875 0.05 0.0725
0 0.8358333333333333 0.59875 0.065 0.0975
0 0.9358333333333333 0.565 0.051666666666666666 0.08