0 0.06197916666666667 0.36527777777777776 0.030208333333333334 0.07685185185185185
0 0.1140625 0.3490740740740741 0.03229166666666667 0.07037037037037037
0 0.1359375 0.36944444444444446 0.0375 0.07407407407407407
0 0.19375 0.3476851851851852 0.027083333333333334 0.06388888888888888
0 0.2171875 0.31805555555555554 0.030208333333333334 0.062037037037037036
0 0.23932291666666666 0.38796296296296295 0.0640625 0.10925925925925926
0 0.20520833333333333 0.4787037037037037 0.06041666666666667 0.09074074074074075
0 0.3138020833333333 0.3287037037037037 0.04635416666666667 0.07407407407407407
0 0.3411458333333333 0.3314814814814815 0.029166666666666667 0.06666666666666667
0 0.3619791666666667 0.3282407407407407 0.023958333333333335 0.058333333333333334
0 0.409375 0.19490740740740742 0.023958333333333335 0.05462962962962963
0 0.4708333333333333 0.6476851851851851 0.11979166666666667 0.22685185185185186
0 0.4791666666666667 0.4736111111111111 0.07916666666666666 0.14166666666666666
0 0.478125 0.375 0.053125 0.1111111111111111
0 0.4705729166666667 0.3212962962962963 0.04010416666666667 0.05740740740740741
0 0.5984375 0.3 0.028125 0.04259259259259259
0 0.62578125 0.2953703703703704 0.033854166666666664 0.06296296296296296
0 0.6518229166666667 0.33287037037037037 0.03802083333333333 0.06944444444444445
0 0.7244791666666667 0.36157407407407405 0.059375 0.09722222222222222
0 0.7247395833333333 0.2986111111111111 0.028645833333333332 0.062037037037037036
0 0.76484375 0.31296296296296294 0.034895833333333334 0.07222222222222222
0 0.8450520833333334 0.3162037037037037 0.03802083333333333 0.07314814814814814
0 0.86875 0.4615740740740741 0.06875 0.09907407407407408
0 0.984375 0.362962962962963 0.030208333333333334 0.1259259259259259