0 0.13020833333333334 0.5069605568445475 0.018229166666666668 0.04408352668213457
0 0.020182291666666668 0.38979118329466356 0.016927083333333332 0.03248259860788863
0 0.033854166666666664 0.25406032482598606 0.013020833333333334 0.030162412993039442
0 0.13606770833333334 0.24477958236658934 0.016927083333333332 0.03480278422273782
0 0.18294270833333334 0.25754060324825984 0.014322916666666666 0.03248259860788863
0 0.22916666666666666 0.2668213457076566 0.015625 0.037122969837587005
0 0.3072916666666667 0.302784222737819 0.018229166666666668 0.025522041763341066
0 0.11263020833333333 0.3654292343387471 0.01171875 0.030162412993039442
0 0.138671875 0.3503480278422274 0.01171875 0.02320185614849188
0 0.16536458333333334 0.36310904872389793 0.013020833333333334 0.025522041763341066
0 0.490234375 0.5162412993039444 0.01953125 0.05336426914153132
0 0.63671875 0.5069605568445475 0.020833333333333332 0.03944315545243619
0 0.5774739583333334 0.4280742459396752 0.009114583333333334 0.025522041763341066