0 0.359375 0.7308333333333333 0.11375 0.15833333333333333
0 0.2625 0.645 0.0975 0.11
0 0.176875 0.565 0.07375 0.09666666666666666
0 0.071875 0.5333333333333333 0.07125 0.09
0 0.04125 0.4891666666666667 0.0375 0.055
0 0.195 0.41833333333333333 0.025 0.04
0 0.240625 0.43 0.02875 0.04666666666666667
0 0.256875 0.4508333333333333 0.02375 0.041666666666666664
0 0.324375 0.4583333333333333 0.03125 0.05333333333333334
0 0.35 0.4625 0.03 0.051666666666666666
0 0.375625 0.4841666666666667 0.03875 0.058333333333333334
0 0.439375 0.5091666666666667 0.04875 0.06833333333333333
0 0.508125 0.535 0.04125 0.08333333333333333
0 0.376875 0.4125 0.02625 0.035
0 0.36125 0.41 0.02 0.03666666666666667
0 0.430625 0.42833333333333334 0.02875 0.04
0 0.479375 0.4266666666666667 0.03125 0.05
0 0.480625 0.395 0.02125 0.03666666666666667
0 0.525 0.3925 0.0225 0.035
0 0.55625 0.4058333333333333 0.025 0.04833333333333333
0 0.531875 0.4425 0.03125 0.03833333333333333
0 0.59625 0.4533333333333333 0.035 0.05
0 0.63875 0.5358333333333334 0.055 0.07833333333333334
0 0.660625 0.46166666666666667 0.04125 0.06333333333333334
0 0.72375 0.42333333333333334 0.0275 0.043333333333333335
0 0.7475 0.465 0.0425 0.056666666666666664
0 0.813125 0.42333333333333334 0.03875 0.056666666666666664
0 0.82875 0.4841666666666667 0.0575 0.075
0 0.885 0.44 0.0425 0.06666666666666667
0 0.958125 0.4925 0.06375 0.09166666666666666
0 0.98375 0.44583333333333336 0.03 0.051666666666666666