0 0.030042918454935622 0.5085714285714286 0.03862660944206009 0.06857142857142857
0 0.07296137339055794 0.5071428571428571 0.04291845493562232 0.06
0 0.1148068669527897 0.57 0.0536480686695279 0.07142857142857142
0 0.12875536480686695 0.5057142857142857 0.04721030042918455 0.06285714285714286
0 0.20386266094420602 0.44 0.03862660944206009 0.06285714285714286
0 0.22639484978540772 0.5114285714285715 0.04935622317596566 0.07428571428571429
0 0.18991416309012876 0.5971428571428572 0.06223175965665236 0.08
0 0.30042918454935624 0.5214285714285715 0.03862660944206009 0.07142857142857142
0 0.26394849785407726 0.4714285714285714 0.03862660944206009 0.06285714285714286
0 0.3465665236051502 0.4657142857142857 0.0407725321888412 0.05714285714285714
0 0.36373390557939916 0.6028571428571429 0.06652360515021459 0.10285714285714286
0 0.4227467811158798 0.5028571428571429 0.04291845493562232 0.06285714285714286
0 0.5085836909871244 0.4257142857142857 0.034334763948497854 0.05714285714285714
0 0.5236051502145923 0.59 0.06866952789699571 0.11142857142857143
0 0.6255364806866953 0.5771428571428572 0.06652360515021459 0.12
0 0.5429184549356223 0.53 0.055793991416309016 0.07714285714285714
0 0.572961373390558 0.4542857142857143 0.03862660944206009 0.06857142857142857
0 0.6115879828326181 0.4185714285714286 0.03862660944206009 0.06
0 0.6684549356223176 0.4657142857142857 0.045064377682403435 0.09142857142857143
0 0.6984978540772532 0.5 0.04935622317596566 0.08
0 0.6931330472103004 0.4328571428571429 0.03862660944206009 0.07142857142857142
0 0.7424892703862661 0.5557142857142857 0.06437768240343347 0.1
0 0.7821888412017167 0.44 0.045064377682403435 0.06285714285714286
0 0.8379828326180258 0.39 0.03648068669527897 0.06571428571428571
0 0.9195278969957081 0.43714285714285717 0.04935622317596566 0.07428571428571429
0 0.8605150214592274 0.49 0.060085836909871244 0.08285714285714285
0 0.8465665236051502 0.5714285714285714 0.06652360515021459 0.11428571428571428
0 0.8862660944206009 0.6685714285714286 0.1072961373390558 0.17142857142857143