0 0.74453125 0.4694835680751174 0.0546875 0.07981220657276995
0 0.53828125 0.5774647887323944 0.0328125 0.056338028169014086
0 0.48515625 0.602112676056338 0.0328125 0.0539906103286385
0 0.43046875 0.6173708920187794 0.0390625 0.06103286384976526
0 0.3640625 0.6126760563380281 0.046875 0.056338028169014086
0 0.37265625 0.5704225352112676 0.0359375 0.051643192488262914
0 0.39921875 0.5657276995305164 0.0265625 0.051643192488262914
0 0.4453125 0.5715962441314554 0.028125 0.04460093896713615
0 0.4890625 0.5586854460093896 0.03125 0.03755868544600939
0 0.521875 0.5539906103286385 0.021875 0.04225352112676056
0 0.5546875 0.545774647887324 0.021875 0.035211267605633804
0 0.49296875 0.5211267605633803 0.0203125 0.03286384976525822
0 0.478125 0.48826291079812206 0.01875 0.03286384976525822
0 0.44921875 0.5269953051643192 0.0234375 0.03990610328638498
0 0.40546875 0.5269953051643192 0.0234375 0.035211267605633804
0 0.40546875 0.48826291079812206 0.0203125 0.03286384976525822
0 0.42578125 0.4823943661971831 0.0140625 0.035211267605633804
0 0.36875 0.5305164319248826 0.025 0.03755868544600939
0 0.32265625 0.5375586854460094 0.0265625 0.04225352112676056
0 0.2734375 0.5657276995305164 0.0375 0.051643192488262914
0 0.20234375 0.5704225352112676 0.0421875 0.07042253521126761
0 0.11953125 0.5492957746478874 0.0359375 0.056338028169014086
0 0.0828125 0.5903755868544601 0.046875 0.07746478873239436
0 0.01953125 0.5387323943661971 0.0328125 0.06338028169014084
0 0.03046875 0.47183098591549294 0.0328125 0.046948356807511735
0 0.08671875 0.49295774647887325 0.0296875 0.051643192488262914
0 0.146875 0.4964788732394366 0.034375 0.04460093896713615
0 0.20078125 0.5316901408450704 0.0328125 0.04929577464788732
0 0.2578125 0.5293427230046949 0.028125 0.04460093896713615
0 0.29765625 0.49765258215962443 0.0234375 0.04225352112676056
0 0.3375 0.49765258215962443 0.021875 0.03755868544600939
0 0.359375 0.4765258215962441 0.015625 0.03286384976525822
0 0.36953125 0.4636150234741784 0.0171875 0.03051643192488263
0 0.38125 0.4800469483568075 0.015625 0.03051643192488263
0 0.34375 0.45892018779342725 0.015625 0.03051643192488263
0 0.32265625 0.47417840375586856 0.0140625 0.023474178403755867
0 0.2796875 0.47183098591549294 0.01875 0.03286384976525822
0 0.27734375 0.4460093896713615 0.0140625 0.023474178403755867
0 0.26953125 0.43896713615023475 0.0140625 0.023474178403755867
0 0.2578125 0.4225352112676056 0.0125 0.023474178403755867
0 0.29453125 0.4413145539906103 0.0171875 0.028169014084507043
0 0.3078125 0.44835680751173707 0.015625 0.023474178403755867
0 0.24296875 0.47183098591549294 0.0203125 0.03286384976525822
0 0.23359375 0.4518779342723005 0.0171875 0.025821596244131457
0 0.2328125 0.426056338028169 0.01875 0.025821596244131457
0 0.1984375 0.49178403755868544 0.03125 0.035211267605633804
0 0.19140625 0.47417840375586856 0.0203125 0.03286384976525822
0 0.19453125 0.45305164319248825 0.0171875 0.023474178403755867
0 0.19921875 0.4284037558685446 0.0171875 0.025821596244131457
0 0.209375 0.40023474178403756 0.01875 0.03051643192488263
0 0.17421875 0.3744131455399061 0.0140625 0.02112676056338028
0 0.1421875 0.45892018779342725 0.025 0.035211267605633804
0 0.1546875 0.4295774647887324 0.015625 0.028169014084507043
0 0.165625 0.42018779342723006 0.0125 0.023474178403755867
0 0.16640625 0.38967136150234744 0.0078125 0.018779342723004695
0 0.15859375 0.37089201877934275 0.0109375 0.018779342723004695
0 0.14453125 0.3814553990610329 0.0140625 0.02112676056338028
0 0.13203125 0.40023474178403756 0.0140625 0.02112676056338028
0 0.12421875 0.4131455399061033 0.0171875 0.028169014084507043
0 0.10703125 0.426056338028169 0.0171875 0.03051643192488263
0 0.096875 0.4495305164319249 0.01875 0.03051643192488263
0 0.0703125 0.465962441314554 0.025 0.03990610328638498
0 0.03828125 0.4424882629107981 0.0203125 0.03051643192488263
0 0.06015625 0.426056338028169 0.0171875 0.03051643192488263
0 0.06875 0.4084507042253521 0.015625 0.028169014084507043
0 0.090625 0.3955399061032864 0.015625 0.025821596244131457
0 0.10546875 0.37910798122065725 0.0140625 0.025821596244131457
0 0.11796875 0.36502347417840375 0.0140625 0.02112676056338028
0 0.08515625 0.3626760563380282 0.0171875 0.02112676056338028
0 0.0609375 0.3744131455399061 0.0125 0.025821596244131457
0 0.046875 0.40023474178403756 0.021875 0.025821596244131457
0 0.02109375 0.36971830985915494 0.0171875 0.03051643192488263
0 0.040625 0.352112676056338 0.015625 0.028169014084507043