0 0.017 0.5271356783919598 0.03133333333333333 0.053266331658291456
0 0.06266666666666666 0.6407035175879398 0.050666666666666665 0.07135678391959799
0 0.044333333333333336 0.6236180904522614 0.03266666666666666 0.061306532663316586
0 0.223 0.5190954773869346 0.024666666666666667 0.04321608040201005
0 0.25666666666666665 0.5095477386934674 0.02666666666666667 0.04623115577889447
0 0.323 0.6653266331658292 0.062 0.10452261306532663
0 0.3943333333333333 0.7115577889447237 0.078 0.11658291457286432
0 0.424 0.6587939698492462 0.03866666666666667 0.07135678391959799
0 0.4696666666666667 0.671356783919598 0.051333333333333335 0.09447236180904522
0 0.45966666666666667 0.5035175879396985 0.022 0.03819095477386935
0 0.529 0.6648241206030151 0.04066666666666666 0.07336683417085427
0 0.544 0.7402010050251256 0.07733333333333334 0.11155778894472362
0 0.5686666666666667 0.8386934673366834 0.13333333333333333 0.1899497487437186
0 0.5706666666666667 0.6773869346733669 0.048 0.08040201005025126
0 0.718 0.6628140703517588 0.050666666666666665 0.0914572864321608
0 0.7533333333333333 0.7381909547738693 0.076 0.10552763819095477
0 0.772 0.8110552763819096 0.11066666666666666 0.16884422110552763
0 0.8446666666666667 0.7402010050251256 0.06933333333333333 0.09346733668341708
0 0.826 0.6964824120603015 0.06 0.0864321608040201
0 0.8993333333333333 0.5477386934673367 0.032 0.06633165829145729
0 0.968 0.6894472361809045 0.06266666666666666 0.10251256281407035