0 0.03840579710144928 0.31334622823984526 0.06231884057971015 0.10831721470019343
0 0.13115942028985508 0.34622823984526113 0.07971014492753623 0.1276595744680851
0 0.2579710144927536 0.3897485493230174 0.08695652173913043 0.1450676982591876
0 0.5246376811594203 0.48549323017408125 0.12173913043478261 0.17794970986460348
0 0.5557971014492754 0.3104448742746615 0.07101449275362319 0.09864603481624758
0 0.677536231884058 0.36266924564796904 0.07391304347826087 0.11411992263056092
0 0.4340579710144927 0.2727272727272727 0.0536231884057971 0.08897485493230174
0 0.34130434782608693 0.269825918762089 0.050724637681159424 0.06382978723404255
0 0.3144927536231884 0.23017408123791103 0.034782608695652174 0.061895551257253385
0 0.2427536231884058 0.2553191489361702 0.0391304347826087 0.06963249516441006
0 0.17318840579710146 0.24081237911025144 0.04492753623188406 0.059961315280464215
0 0.12753623188405797 0.22437137330754353 0.04057971014492753 0.05415860735009671
0 0.4181159420289855 0.2495164410058027 0.04492753623188406 0.058027079303675046
0 0.486231884057971 0.25435203094777564 0.04492753623188406 0.07156673114119923
0 0.5173913043478261 0.21470019342359767 0.034782608695652174 0.05415860735009671
0 0.5557971014492754 0.24081237911025144 0.0391304347826087 0.06382978723404255
0 0.5927536231884057 0.21760154738878143 0.034782608695652174 0.05609284332688588
0 0.6543478260869565 0.21470019342359767 0.030434782608695653 0.061895551257253385
0 0.7065217391304348 0.2678916827852998 0.05652173913043478 0.07930367504835589
0 0.7942028985507247 0.24081237911025144 0.0463768115942029 0.07543520309477757
0 0.855072463768116 0.27852998065764023 0.06376811594202898 0.0851063829787234
0 0.9384057971014492 0.2495164410058027 0.050724637681159424 0.06963249516441006
0 0.9434782608695652 0.20406189555125726 0.03768115942028986 0.05609284332688588