0 0.06164383561643835 0.475 0.0547945205479452 0.06818181818181818
0 0.12157534246575342 0.4681818181818182 0.05136986301369863 0.07272727272727272
0 0.21404109589041095 0.46136363636363636 0.05136986301369863 0.06818181818181818
0 0.18835616438356165 0.42727272727272725 0.0410958904109589 0.05454545454545454
0 0.3236301369863014 0.3659090909090909 0.05136986301369863 0.06818181818181818
0 0.3030821917808219 0.45 0.05136986301369863 0.08181818181818182
0 0.3544520547945205 0.22954545454545455 0.05136986301369863 0.06818181818181818
0 0.4674657534246575 0.3886363636363636 0.03767123287671233 0.05
0 0.4657534246575342 0.5568181818181818 0.08904109589041095 0.1318181818181818
0 0.5393835616438356 0.7181818181818181 0.1267123287671233 0.2
0 0.7534246575342466 0.8931818181818182 0.13013698630136986 0.17727272727272728
0 0.708904109589041 0.5545454545454546 0.07534246575342465 0.11818181818181818
0 0.5821917808219178 0.475 0.06164383561643835 0.10454545454545454
0 0.6746575342465754 0.3704545454545455 0.06164383561643835 0.09545454545454546
0 0.7226027397260274 0.4318181818181818 0.0547945205479452 0.1
0 0.8184931506849316 0.4681818181818182 0.0684931506849315 0.09090909090909091
0 0.8681506849315068 0.36363636363636365 0.05821917808219178 0.09090909090909091
0 0.916095890410959 0.35909090909090907 0.04452054794520548 0.07272727272727272
0 0.7791095890410958 0.35909090909090907 0.030821917808219176 0.05454545454545454
0 0.7431506849315068 0.19090909090909092 0.04794520547945205 0.06363636363636363