0 0.09743589743589744 0.3644230769230769 0.07179487179487179 0.09807692307692308
0 0.035897435897435895 0.5115384615384615 0.03333333333333333 0.057692307692307696
0 0.175 0.5201923076923077 0.03974358974358974 0.075
0 0.183974358974359 0.4913461538461538 0.03205128205128205 0.04807692307692308
0 0.21987179487179487 0.5211538461538462 0.026923076923076925 0.05
0 0.23717948717948717 0.48846153846153845 0.023076923076923078 0.038461538461538464
0 0.27307692307692305 0.4807692307692308 0.028205128205128206 0.046153846153846156
0 0.27115384615384613 0.5692307692307692 0.047435897435897434 0.06923076923076923
0 0.30448717948717946 0.5067307692307692 0.029487179487179487 0.05961538461538462
0 0.35384615384615387 0.5509615384615385 0.046153846153846156 0.08269230769230769
0 0.3192307692307692 0.46442307692307694 0.020512820512820513 0.03653846153846154
0 0.35512820512820514 0.48653846153846153 0.020512820512820513 0.03076923076923077
0 0.3641025641025641 0.44903846153846155 0.017948717948717947 0.032692307692307694
0 0.40705128205128205 0.46057692307692305 0.016666666666666666 0.03653846153846154
0 0.41217948717948716 0.5432692307692307 0.03205128205128205 0.06346153846153846
0 0.39615384615384613 0.5134615384615384 0.028205128205128206 0.05384615384615385
0 0.4403846153846154 0.475 0.019230769230769232 0.03076923076923077
0 0.46089743589743587 0.4567307692307692 0.021794871794871794 0.03653846153846154
0 0.44358974358974357 0.4519230769230769 0.01282051282051282 0.019230769230769232
0 0.4666666666666667 0.5028846153846154 0.035897435897435895 0.05576923076923077
0 0.4878205128205128 0.5644230769230769 0.04487179487179487 0.08653846153846154
0 0.5391025641025641 0.49038461538461536 0.026923076923076925 0.06153846153846154
0 0.5083333333333333 0.4653846153846154 0.019230769230769232 0.038461538461538464
0 0.5314102564102564 0.4461538461538462 0.019230769230769232 0.026923076923076925
0 0.5717948717948718 0.5115384615384615 0.035897435897435895 0.06923076923076923
0 0.5865384615384616 0.46442307692307694 0.021794871794871794 0.04038461538461539
0 0.6230769230769231 0.47884615384615387 0.02564102564102564 0.05384615384615385
0 0.6435897435897436 0.4576923076923077 0.017948717948717947 0.03076923076923077
0 0.5679487179487179 0.46634615384615385 0.015384615384615385 0.025
0 0.6673076923076923 0.4625 0.021794871794871794 0.051923076923076926
0 0.6846153846153846 0.45865384615384613 0.015384615384615385 0.04038461538461539
0 0.7006410256410256 0.4528846153846154 0.016666666666666666 0.032692307692307694
0 0.5865384615384616 0.6567307692307692 0.06025641025641026 0.10192307692307692
0 0.6557692307692308 0.5663461538461538 0.03205128205128205 0.05576923076923077
0 0.6846153846153846 0.551923076923077 0.028205128205128206 0.05384615384615385
0 0.7384615384615385 0.49615384615384617 0.02564102564102564 0.04230769230769231
0 0.7435897435897436 0.47307692307692306 0.023076923076923078 0.04230769230769231
0 0.7756410256410257 0.6625 0.06666666666666667 0.10576923076923077
0 0.742948717948718 0.5903846153846154 0.03461538461538462 0.06923076923076923
0 0.7717948717948718 0.5442307692307692 0.03333333333333333 0.06538461538461539
0 0.7980769230769231 0.5038461538461538 0.026923076923076925 0.057692307692307696
0 0.8108974358974359 0.4826923076923077 0.021794871794871794 0.038461538461538464
0 0.9166666666666666 0.5625 0.06923076923076923 0.12115384615384615
0 0.867948717948718 0.5182692307692308 0.04871794871794872 0.09423076923076923
0 0.8525641025641025 0.44903846153846155 0.023076923076923078 0.03653846153846154
0 0.882051282051282 0.46826923076923077 0.02564102564102564 0.04423076923076923
0 0.9397435897435897 0.4701923076923077 0.023076923076923078 0.04423076923076923
0 0.9839743589743589 0.5067307692307692 0.029487179487179487 0.075
0 0.9775641025641025 0.46442307692307694 0.03461538461538462 0.0673076923076923