0 0.7575 0.30625 0.035 0.0625
0 0.7725 0.6575 0.10166666666666667 0.18
0 0.8116666666666666 0.5225 0.06333333333333334 0.125
0 0.6125 0.5675 0.07833333333333334 0.115
0 0.37166666666666665 0.68875 0.10333333333333333 0.1625
0 0.2575 0.55 0.07833333333333334 0.14
0 0.15666666666666668 0.53375 0.07333333333333333 0.1125
0 0.1425 0.45875 0.055 0.0825
0 0.07416666666666667 0.39625 0.03833333333333333 0.0625
0 0.1025 0.3825 0.035 0.06
0 0.15916666666666668 0.33875 0.03166666666666667 0.0475
0 0.24833333333333332 0.32875 0.03333333333333333 0.0475
0 0.3 0.315 0.03333333333333333 0.04
0 0.35333333333333333 0.3175 0.02666666666666667 0.035
0 0.295 0.4125 0.04 0.065
0 0.3475 0.38125 0.03166666666666667 0.0525
0 0.38083333333333336 0.36875 0.035 0.0475
0 0.39666666666666667 0.2975 0.023333333333333334 0.04
0 0.4375 0.34375 0.025 0.0425
0 0.475 0.29375 0.02666666666666667 0.0375
0 0.49166666666666664 0.3425 0.02666666666666667 0.045
0 0.5283333333333333 0.33 0.023333333333333334 0.035
0 0.5141666666666667 0.28125 0.021666666666666667 0.0375
0 0.5916666666666667 0.31 0.02 0.04
0 0.6508333333333334 0.32125 0.028333333333333332 0.0475
0 0.4708333333333333 0.49625 0.06166666666666667 0.1075