0 0.04600694444444445 0.5480324074074074 0.055748456790123455 0.09085648148148148
0 0.18036265432098766 0.5807291666666666 0.10262345679012345 0.15393518518518517
0 0.2347608024691358 0.5733506944444444 0.06944444444444445 0.14149305555555555
0 0.4079861111111111 0.6203703703703703 0.11033950617283951 0.1550925925925926
0 0.3646797839506173 0.5630787037037037 0.06616512345679013 0.0920138888888889
0 0.47685185185185186 0.28515625 0.04552469135802469 0.08998842592592593
0 0.5271990740740741 0.5863715277777778 0.05246913580246913 0.09288194444444445
0 0.47415123456790126 0.8230613425925926 0.15007716049382716 0.2439236111111111
0 0.5826581790123457 0.6287615740740741 0.08468364197530864 0.12210648148148148
0 0.6987847222222222 0.6685474537037037 0.10474537037037036 0.17274305555555555
0 0.7063078703703703 0.5962094907407407 0.0785108024691358 0.1021412037037037
0 0.8523341049382716 0.6365740740740741 0.08815586419753087 0.14988425925925927
0 0.9136766975308642 0.60546875 0.06886574074074074 0.1166087962962963