0 0.10285714285714286 0.6861471861471862 0.10857142857142857 0.1471861471861472
0 0.11357142857142857 0.8831168831168831 0.16428571428571428 0.2077922077922078
0 0.04857142857142857 0.6082251082251082 0.08571428571428572 0.15151515151515152
0 0.055714285714285716 0.4707792207792208 0.07428571428571429 0.1277056277056277
0 0.06928571428571428 0.32142857142857145 0.05285714285714286 0.07575757575757576
0 0.08 0.27705627705627706 0.04857142857142857 0.06926406926406926
0 0.24071428571428571 0.3051948051948052 0.06714285714285714 0.09090909090909091
0 0.3242857142857143 0.5844155844155844 0.09142857142857143 0.17316017316017315
0 0.40285714285714286 0.39285714285714285 0.06 0.13203463203463203
0 0.38571428571428573 0.3051948051948052 0.045714285714285714 0.06926406926406926
0 0.5107142857142857 0.4816017316017316 0.07571428571428572 0.12337662337662338
0 0.4835714285714286 0.658008658008658 0.11 0.1774891774891775
0 0.5492857142857143 0.8333333333333334 0.15285714285714286 0.27705627705627706
0 0.5807142857142857 0.3203463203463203 0.05857142857142857 0.1038961038961039
0 0.6171428571428571 0.2532467532467532 0.045714285714285714 0.08658008658008658
0 0.6821428571428572 0.2727272727272727 0.05 0.10822510822510822
0 0.7085714285714285 0.24025974025974026 0.04 0.08225108225108226
0 0.7578571428571429 0.262987012987013 0.041428571428571426 0.08874458874458875
0 0.7928571428571428 0.20454545454545456 0.037142857142857144 0.08008658008658008
0 0.83 0.17424242424242425 0.04 0.09307359307359307
0 0.7964285714285714 0.3300865800865801 0.05857142857142857 0.11038961038961038
0 0.7221428571428572 0.44155844155844154 0.08714285714285715 0.15584415584415584
0 0.6592857142857143 0.5703463203463204 0.07857142857142857 0.14502164502164502
0 0.7535714285714286 0.7077922077922078 0.09857142857142857 0.16883116883116883
0 0.8842857142857142 0.5681818181818182 0.09142857142857143 0.17965367965367965
0 0.9314285714285714 0.47186147186147187 0.08285714285714285 0.12987012987012986
0 0.865 0.37012987012987014 0.08428571428571428 0.1341991341991342
0 0.9592857142857143 0.33116883116883117 0.06714285714285714 0.1038961038961039
0 0.9742857142857143 0.18398268398268397 0.04 0.0735930735930736