0 0.022 0.5414156626506024 0.043 0.08734939759036145
0 0.09975 0.5500753012048193 0.0655 0.1016566265060241
0 0.04 0.47816265060240964 0.03 0.05271084337349398
0 0.01575 0.4815512048192771 0.0285 0.04292168674698795
0 0.06725 0.4732680722891566 0.0255 0.04442771084337349
0 0.1105 0.4789156626506024 0.03 0.04066265060240964
0 0.12875 0.47816265060240964 0.0225 0.04216867469879518
0 0.1655 0.521460843373494 0.051 0.07756024096385543
0 0.14475 0.4627259036144578 0.0185 0.02786144578313253
0 0.2085 0.5015060240963856 0.034 0.05572289156626506
0 0.204 0.4732680722891566 0.031 0.038403614457831324
0 0.2665 0.3618222891566265 0.058 0.09412650602409639
0 0.30475 0.6453313253012049 0.1475 0.23644578313253012
0 0.50375 0.5327560240963856 0.1025 0.1694277108433735
0 0.56225 0.5120481927710844 0.0475 0.10692771084337349
0 0.4675 0.32868975903614456 0.077 0.12274096385542169
0 0.43875 0.40323795180722893 0.0165 0.03237951807228916
0 0.43475 0.38403614457831325 0.0205 0.03162650602409638
0 0.406 0.39006024096385544 0.019 0.0286144578313253
0 0.40575 0.4145331325301205 0.0185 0.02786144578313253
0 0.413 0.4683734939759036 0.032 0.061746987951807226
0 0.36325 0.4759036144578313 0.0385 0.08283132530120482
0 0.3495 0.41566265060240964 0.017 0.030120481927710843
0 0.59625 0.44653614457831325 0.0285 0.046686746987951805
0 0.5565 0.4484186746987952 0.025 0.038403614457831324
0 0.536 0.4427710843373494 0.018 0.04066265060240964
0 0.56175 0.39646084337349397 0.0215 0.035391566265060244
0 0.57975 0.3814006024096386 0.0175 0.03237951807228916
0 0.60075 0.4070030120481928 0.0185 0.038403614457831324
0 0.60525 0.38403614457831325 0.0175 0.03765060240963856
0 0.6255 0.36558734939759036 0.017 0.035391566265060244
0 0.64475 0.41603915662650603 0.0185 0.04141566265060241
0 0.6185 0.40512048192771083 0.02 0.046686746987951805
0 0.64425 0.38441265060240964 0.0165 0.03237951807228916
0 0.66675 0.3757530120481928 0.0195 0.04066265060240964
0 0.66925 0.42884036144578314 0.0305 0.04442771084337349
0 0.67 0.4747740963855422 0.032 0.06852409638554217
0 0.6555 0.6385542168674698 0.12 0.24849397590361447
0 0.6355 0.5199548192771084 0.05 0.08960843373493976
0 0.713 0.5579819277108434 0.095 0.1746987951807229
0 0.71225 0.4551957831325301 0.0515 0.09713855421686747
0 0.74675 0.48042168674698793 0.0295 0.058734939759036146
0 0.78 0.4563253012048193 0.046 0.09487951807228916
0 0.81275 0.5207078313253012 0.0725 0.1408132530120482
0 0.8525 0.47853915662650603 0.051 0.11219879518072289
0 0.802 0.4137801204819277 0.032 0.06400602409638555
0 0.71975 0.39118975903614456 0.0165 0.036897590361445784
0 0.71025 0.38403614457831325 0.0155 0.03765060240963856
0 0.737 0.3810240963855422 0.021 0.03765060240963856
0 0.76325 0.3685993975903614 0.0185 0.04141566265060241
0 0.937 0.6645331325301205 0.125 0.2552710843373494
0 0.9465 0.5222138554216867 0.106 0.18599397590361447
0 0.8845 0.4397590361445783 0.024 0.05572289156626506
0 0.86125 0.40286144578313254 0.0235 0.0391566265060241
0 0.88725 0.3960843373493976 0.0235 0.046686746987951805
0 0.89425 0.37161144578313254 0.0195 0.036897590361445784
0 0.9395 0.3776355421686747 0.029 0.04743975903614458
0 0.95025 0.35956325301204817 0.0205 0.0338855421686747
0 0.99 0.3670933734939759 0.019 0.038403614457831324