0 0.225 0.37 0.043333333333333335 0.06
0 0.4525 0.3988888888888889 0.041666666666666664 0.05555555555555555
0 0.5525 0.3811111111111111 0.041666666666666664 0.06
0 0.65 0.38666666666666666 0.043333333333333335 0.057777777777777775
0 0.8141666666666667 0.3688888888888889 0.041666666666666664 0.06666666666666667
0 0.8775 0.5288888888888889 0.055 0.07555555555555556
0 0.7058333333333333 0.5788888888888889 0.08833333333333333 0.12222222222222222
0 0.7466666666666667 0.54 0.06333333333333334 0.09777777777777778
0 0.7 0.4955555555555556 0.056666666666666664 0.07555555555555556
0 0.5958333333333333 0.6444444444444445 0.10833333333333334 0.17777777777777778
0 0.43833333333333335 0.7255555555555555 0.18666666666666668 0.32222222222222224
0 0.28583333333333333 0.64 0.115 0.16444444444444445
0 0.2941666666666667 0.5488888888888889 0.065 0.08888888888888889
0 0.15 0.5855555555555556 0.07666666666666666 0.1
0 0.15583333333333332 0.5277777777777778 0.058333333333333334 0.07333333333333333