0 0.06555555555555556 0.4985207100591716 0.051111111111111114 0.06804733727810651
0 0.1411111111111111 0.514792899408284 0.04666666666666667 0.05917159763313609
0 0.12333333333333334 0.591715976331361 0.08222222222222222 0.11834319526627218
0 0.22333333333333333 0.5473372781065089 0.06 0.09467455621301775
0 0.24888888888888888 0.7396449704142012 0.16444444444444445 0.2603550295857988
0 0.39 0.599112426035503 0.09111111111111111 0.10946745562130178
0 0.3511111111111111 0.5207100591715976 0.04888888888888889 0.0650887573964497
0 0.36 0.42159763313609466 0.02666666666666667 0.05029585798816568
0 0.47555555555555556 0.5872781065088757 0.06666666666666667 0.09171597633136094
0 0.5911111111111111 0.6331360946745562 0.08888888888888889 0.14792899408284024
0 0.6922222222222222 0.6079881656804734 0.06888888888888889 0.10946745562130178