0 0.4596774193548387 0.25064599483204136 0.012903225806451613 0.020671834625323
0 0.535483870967742 0.24031007751937986 0.00967741935483871 0.020671834625323
0 0.23306451612903226 0.5038759689922481 0.06290322580645161 0.10335917312661498
0 0.26048387096774195 0.4263565891472868 0.0532258064516129 0.082687338501292
0 0.28951612903225804 0.3772609819121447 0.024193548387096774 0.041343669250646
0 0.3008064516129032 0.313953488372093 0.017741935483870968 0.03875968992248062
0 0.3395161290322581 0.2971576227390181 0.017741935483870968 0.031007751937984496
0 0.31693548387096776 0.2868217054263566 0.01129032258064516 0.025839793281653745
0 0.3725806451612903 0.3152454780361757 0.012903225806451613 0.031007751937984496
0 0.392741935483871 0.30749354005167956 0.014516129032258065 0.031007751937984496
0 0.44193548387096776 0.3165374677002584 0.016129032258064516 0.028423772609819122
0 0.41451612903225804 0.3397932816537468 0.016129032258064516 0.028423772609819122
0 0.3870967741935484 0.3682170542635659 0.025806451612903226 0.04392764857881137
0 0.42258064516129035 0.39018087855297157 0.025806451612903226 0.041343669250646
0 0.3725806451612903 0.6808785529715762 0.08709677419354839 0.14728682170542637
0 0.475 0.5142118863049095 0.0532258064516129 0.10852713178294573
0 0.5225806451612903 0.3850129198966408 0.02258064516129032 0.056847545219638244
0 0.4870967741935484 0.3682170542635659 0.02258064516129032 0.03875968992248062
0 0.49032258064516127 0.3333333333333333 0.016129032258064516 0.031007751937984496
0 0.47580645161290325 0.3242894056847545 0.00967741935483871 0.03359173126614987
0 0.45806451612903226 0.31007751937984496 0.00967741935483871 0.020671834625323
0 0.5201612903225806 0.3165374677002584 0.014516129032258065 0.023255813953488372
0 0.5266129032258065 0.3359173126614987 0.017741935483870968 0.031007751937984496
0 0.5403225806451613 0.32558139534883723 0.012903225806451613 0.031007751937984496
0 0.5556451612903226 0.33204134366925064 0.01129032258064516 0.028423772609819122
0 0.567741935483871 0.3242894056847545 0.012903225806451613 0.023255813953488372
0 0.5919354838709677 0.3488372093023256 0.016129032258064516 0.031007751937984496
0 0.5854838709677419 0.37209302325581395 0.01935483870967742 0.031007751937984496
0 0.5870967741935483 0.4095607235142119 0.03225806451612903 0.05426356589147287
0 0.575 0.8307493540051679 0.08548387096774193 0.19896640826873385
0 0.0467741935483871 0.42377260981912146 0.054838709677419356 0.08785529715762273
0 0.1217741935483871 0.3359173126614987 0.043548387096774194 0.06201550387596899
0 0.1774193548387097 0.31266149870801035 0.02903225806451613 0.041343669250646
0 0.20806451612903226 0.3049095607235142 0.01935483870967742 0.03617571059431524
0 0.22419354838709676 0.30361757105943155 0.02258064516129032 0.03359173126614987
0 0.2661290322580645 0.28940568475452194 0.012903225806451613 0.020671834625323
0 0.050806451612903224 0.3385012919896641 0.04032258064516129 0.05167958656330749
0 0.0846774193548387 0.32170542635658916 0.027419354838709678 0.04392764857881137
0 0.09274193548387097 0.29069767441860467 0.024193548387096774 0.04392764857881137
0 0.02338709677419355 0.29457364341085274 0.03064516129032258 0.046511627906976744
0 0.06290322580645161 0.2661498708010336 0.01935483870967742 0.025839793281653745
0 0.1064516129032258 0.24935400516795866 0.016129032258064516 0.03359173126614987
0 0.13870967741935483 0.26098191214470284 0.016129032258064516 0.031007751937984496
0 0.15564516129032258 0.2648578811369509 0.014516129032258065 0.028423772609819122
0 0.19838709677419356 0.27906976744186046 0.012903225806451613 0.020671834625323
0 0.7298387096774194 0.35012919896640826 0.017741935483870968 0.028423772609819122
0 0.7548387096774194 0.3733850129198966 0.01935483870967742 0.03359173126614987
0 0.792741935483871 0.3682170542635659 0.020967741935483872 0.028423772609819122
0 0.8282258064516129 0.36175710594315247 0.014516129032258065 0.031007751937984496
0 0.8137096774193548 0.3863049095607235 0.020967741935483872 0.04392764857881137
0 0.8717741935483871 0.4082687338501292 0.03387096774193549 0.056847545219638244
0 0.8403225806451613 0.46124031007751937 0.03870967741935484 0.06459948320413436
0 0.9080645161290323 0.41214470284237725 0.025806451612903226 0.059431524547803614
0 0.9685483870967742 0.5258397932816538 0.05 0.08010335917312661
0 0.9629032258064516 0.4509043927648579 0.03870967741935484 0.05426356589147287
0 0.9830645161290322 0.40568475452196384 0.03064516129032258 0.06718346253229975