0 0.22515337423312884 0.36944444444444446 0.1116564417177914 0.1537037037037037
0 0.36503067484662577 0.14351851851851852 0.03803680981595092 0.05740740740740741
0 0.4306748466257669 0.2212962962962963 0.026993865030674847 0.03518518518518519
0 0.4349693251533742 0.2 0.018404907975460124 0.037037037037037035
0 0.42392638036809815 0.3296296296296296 0.06257668711656442 0.0962962962962963
0 0.49447852760736194 0.20185185185185187 0.0196319018404908 0.04814814814814815
0 0.5122699386503068 0.2037037037037037 0.02822085889570552 0.044444444444444446
0 0.5815950920245399 0.19444444444444445 0.029447852760736196 0.05555555555555555
0 0.6245398773006134 0.2101851851851852 0.03680981595092025 0.053703703703703705
0 0.6184049079754601 0.2861111111111111 0.044171779141104296 0.06851851851851852
0 0.5539877300613497 0.275 0.05030674846625767 0.07962962962962963
0 0.7411042944785277 0.3731481481481482 0.09325153374233129 0.13148148148148148
0 0.6773006134969325 0.7416666666666667 0.19877300613496932 0.3537037037037037
0 0.8165644171779141 0.5703703703703704 0.1460122699386503 0.23333333333333334
0 0.8957055214723927 0.2833333333333333 0.05889570552147239 0.08148148148148149