0 0.18666666666666668 0.6503164556962026 0.08888888888888889 0.18037974683544303
0 0.2 0.49841772151898733 0.07555555555555556 0.16139240506329114
0 0.4088888888888889 0.6139240506329114 0.1111111111111111 0.17721518987341772
0 0.41555555555555557 0.46835443037974683 0.08 0.12658227848101267
0 0.44222222222222224 0.4050632911392405 0.057777777777777775 0.10126582278481013
0 0.4411111111111111 0.34335443037974683 0.051111111111111114 0.09177215189873418
0 0.47 0.2610759493670886 0.051111111111111114 0.09177215189873418
0 0.3288888888888889 0.34651898734177217 0.06222222222222222 0.0981012658227848
0 0.2511111111111111 0.4050632911392405 0.07111111111111111 0.0949367088607595
0 0.09222222222222222 0.49050632911392406 0.07333333333333333 0.11392405063291139
0 0.03888888888888889 0.23417721518987342 0.05555555555555555 0.0759493670886076
0 0.15 0.35443037974683544 0.05555555555555555 0.0949367088607595
0 0.18555555555555556 0.2231012658227848 0.05555555555555555 0.08544303797468354
0 0.31 0.2389240506329114 0.04666666666666667 0.08544303797468354
0 0.3477777777777778 0.15981012658227847 0.042222222222222223 0.060126582278481014
0 0.5888888888888889 0.4920886075949367 0.09333333333333334 0.14240506329113925
0 0.6111111111111112 0.4129746835443038 0.06666666666666667 0.10443037974683544
0 0.5788888888888889 0.36075949367088606 0.06 0.10759493670886076
0 0.7022222222222222 0.3575949367088608 0.06222222222222222 0.10126582278481013
0 0.7444444444444445 0.4208860759493671 0.06666666666666667 0.12025316455696203
0 0.7855555555555556 0.4825949367088608 0.06888888888888889 0.12974683544303797
0 0.7177777777777777 0.6566455696202531 0.10666666666666667 0.18670886075949367
0 0.8922222222222222 0.6360759493670886 0.10444444444444445 0.17721518987341772
0 0.89 0.4240506329113924 0.05555555555555555 0.10759493670886076
0 0.9766666666666667 0.3639240506329114 0.042222222222222223 0.0949367088607595
0 0.8488888888888889 0.37341772151898733 0.05333333333333334 0.10759493670886076
0 0.8166666666666667 0.23259493670886075 0.04666666666666667 0.07278481012658228
0 0.9344444444444444 0.27056962025316456 0.042222222222222223 0.07911392405063292
0 0.8955555555555555 0.18670886075949367 0.04 0.08227848101265822
0 0.86 0.12183544303797468 0.04 0.06645569620253164
0 0.7511111111111111 0.10443037974683544 0.04 0.06329113924050633
0 0.14333333333333334 0.11708860759493671 0.051111111111111114 0.0759493670886076
0 0.2011111111111111 0.14082278481012658 0.04666666666666667 0.07278481012658228
0 0.18888888888888888 0.055379746835443035 0.035555555555555556 0.060126582278481014
0 0.24555555555555555 0.09018987341772151 0.03777777777777778 0.07911392405063292
0 0.26666666666666666 0.04746835443037975 0.03111111111111111 0.056962025316455694
0 0.37777777777777777 0.0490506329113924 0.03111111111111111 0.07278481012658228
0 0.39555555555555555 0.02689873417721519 0.03111111111111111 0.04746835443037975
0 0.48 0.11867088607594936 0.04888888888888889 0.07911392405063292
0 0.36777777777777776 0.11550632911392406 0.03777777777777778 0.060126582278481014
0 0.47 0.056962025316455694 0.042222222222222223 0.056962025316455694
0 0.5733333333333334 0.10284810126582279 0.04 0.06645569620253164
0 0.5566666666666666 0.16930379746835442 0.051111111111111114 0.06645569620253164
0 0.5811111111111111 0.24841772151898733 0.051111111111111114 0.09177215189873418
0 0.6666666666666666 0.1661392405063291 0.04 0.07278481012658228
0 0.6655555555555556 0.10284810126582279 0.03333333333333333 0.060126582278481014
0 0.64 0.04430379746835443 0.03111111111111111 0.056962025316455694
0 0.5633333333333334 0.02689873417721519 0.03333333333333333 0.04746835443037975
0 0.5533333333333333 0.0759493670886076 0.03111111111111111 0.05063291139240506
0 0.7333333333333333 0.06487341772151899 0.035555555555555556 0.05379746835443038