0 0.06079664570230608 0.5492957746478874 0.041928721174004195 0.056338028169014086
0 0.07442348008385745 0.4619718309859155 0.027253668763102725 0.03943661971830986
0 0.1310272536687631 0.4704225352112676 0.031446540880503145 0.04507042253521127
0 0.15932914046121593 0.5154929577464789 0.029350104821802937 0.05070422535211268
0 0.18867924528301888 0.6338028169014085 0.04612159329140461 0.0676056338028169
0 0.15723270440251572 0.671830985915493 0.041928721174004195 0.07042253521126761
0 0.2379454926624738 0.5929577464788732 0.03563941299790356 0.059154929577464786
0 0.2777777777777778 0.45492957746478874 0.027253668763102725 0.036619718309859155
0 0.3951781970649895 0.4563380281690141 0.023060796645702306 0.03943661971830986
0 0.4161425576519916 0.5070422535211268 0.023060796645702306 0.03380281690140845
0 0.5 0.45211267605633804 0.023060796645702306 0.04225352112676056
0 0.5146750524109015 0.49859154929577465 0.027253668763102725 0.04507042253521127
0 0.5366876310272537 0.5492957746478874 0.029350104821802937 0.03943661971830986
0 0.6331236897274634 0.4915492957746479 0.029350104821802937 0.04225352112676056
0 0.6834381551362684 0.5450704225352113 0.033542976939203356 0.04788732394366197
0 0.7882599580712788 0.49014084507042255 0.041928721174004195 0.061971830985915494
0 0.9077568134171907 0.7422535211267606 0.06289308176100629 0.09859154929577464