0 0.2525 0.25370919881305637 0.09166666666666666 0.19287833827893175
0 0.1825 0.2744807121661721 0.055 0.11572700296735905
0 0.165 0.2062314540059347 0.04 0.08605341246290801
0 0.2025 0.2195845697329377 0.03833333333333333 0.0830860534124629
0 0.3275 0.2507418397626113 0.058333333333333334 0.11572700296735905
0 0.4066666666666667 0.45103857566765576 0.11333333333333333 0.26706231454005935
0 0.45416666666666666 0.2433234421364985 0.065 0.14836795252225518
0 0.515 0.26706231454005935 0.056666666666666664 0.12462908011869436
0 0.615 0.2685459940652819 0.043333333333333335 0.10979228486646884
0 0.6591666666666667 0.2774480712166172 0.055 0.13353115727002968
0 0.7158333333333333 0.24925816023738873 0.03166666666666667 0.0771513353115727
0 0.755 0.228486646884273 0.02666666666666667 0.06528189910979229
0 0.7625 0.27299703264094954 0.028333333333333332 0.05934718100890208
0 0.6616666666666666 0.4465875370919881 0.09666666666666666 0.228486646884273
0 0.8375 0.3590504451038576 0.08166666666666667 0.19584569732937684
0 0.9383333333333334 0.3486646884272997 0.05333333333333334 0.12166172106824925