0 0.08251953125 0.5520833333333334 0.1123046875 0.15364583333333334
0 0.0615234375 0.3776041666666667 0.046875 0.06510416666666667
0 0.14794921875 0.4251302083333333 0.0595703125 0.07421875
0 0.21923828125 0.4498697916666667 0.0771484375 0.10546875
0 0.13525390625 0.37890625 0.0537109375 0.06510416666666667
0 0.15185546875 0.3359375 0.0419921875 0.059895833333333336
0 0.1875 0.3580729166666667 0.041015625 0.0546875
0 0.05322265625 0.3502604166666667 0.0380859375 0.052083333333333336
0 0.27734375 0.23046875 0.02734375 0.041666666666666664
0 0.27880859375 0.3580729166666667 0.0537109375 0.07552083333333333
0 0.35009765625 0.38671875 0.0498046875 0.07291666666666667
0 0.32666015625 0.3509114583333333 0.0361328125 0.048177083333333336
0 0.373046875 0.3346354166666667 0.02734375 0.046875
0 0.43212890625 0.3828125 0.0439453125 0.057291666666666664
0 0.427734375 0.3255208333333333 0.033203125 0.041666666666666664
0 0.4951171875 0.3502604166666667 0.02734375 0.041666666666666664
0 0.48583984375 0.3333333333333333 0.0263671875 0.026041666666666668
0 0.4794921875 0.3111979166666667 0.01953125 0.0234375
0 0.51708984375 0.3671875 0.0400390625 0.0546875
0 0.5654296875 0.4225260416666667 0.07421875 0.10026041666666667
0 0.548828125 0.353515625 0.037109375 0.05078125
0 0.5625 0.3287760416666667 0.0234375 0.029947916666666668
0 0.5732421875 0.3216145833333333 0.01953125 0.028645833333333332
0 0.59912109375 0.337890625 0.0302734375 0.048177083333333336
0 0.6416015625 0.3580729166666667 0.0390625 0.049479166666666664
0 0.7001953125 0.4388020833333333 0.091796875 0.13802083333333334
0 0.7587890625 0.3873697916666667 0.046875 0.07682291666666667
0 0.73828125 0.3502604166666667 0.029296875 0.044270833333333336
0 0.6982421875 0.3385416666666667 0.0234375 0.033854166666666664
0 0.748046875 0.3268229166666667 0.021484375 0.036458333333333336
0 0.77783203125 0.3404947916666667 0.0283203125 0.040364583333333336
0 0.83935546875 0.3626302083333333 0.0419921875 0.053385416666666664
0 0.86328125 0.4544270833333333 0.076171875 0.125
0 0.92236328125 0.4576822916666667 0.0595703125 0.09765625
0 0.912109375 0.3893229166666667 0.05078125 0.057291666666666664
0 0.87744140625 0.3743489583333333 0.0400390625 0.048177083333333336
0 0.9697265625 0.3567708333333333 0.037109375 0.057291666666666664