0 0.1175 0.514375 0.09333333333333334 0.10875
0 0.21708333333333332 0.4875 0.06416666666666666 0.095
0 0.2966666666666667 0.43 0.06833333333333333 0.095
0 0.23666666666666666 0.625625 0.11 0.14625
0 0.25916666666666666 0.81375 0.13666666666666666 0.205
0 0.33375 0.5625 0.059166666666666666 0.115
0 0.37416666666666665 0.504375 0.055 0.09875
0 0.4345833333333333 0.56375 0.07583333333333334 0.1275
0 0.4529166666666667 0.49 0.0625 0.11
0 0.50625 0.479375 0.04583333333333333 0.09125
0 0.5554166666666667 0.559375 0.0625 0.11875
0 0.52125 0.693125 0.0875 0.14625
0 0.64 0.6075 0.06833333333333333 0.1175
0 0.64125 0.491875 0.0575 0.10125
0 0.61375 0.37625 0.03916666666666667 0.0625
0 0.5679166666666666 0.35 0.0425 0.0725
0 0.5179166666666667 0.325625 0.03916666666666667 0.06625
0 0.50125 0.30875 0.035833333333333335 0.0625
0 0.43375 0.21625 0.049166666666666664 0.1
0 0.6641666666666667 0.359375 0.03833333333333333 0.07625
0 0.68375 0.401875 0.03916666666666667 0.06125
0 0.6866666666666666 0.44 0.051666666666666666 0.07
0 0.7041666666666667 0.518125 0.06333333333333334 0.11625
0 0.7904166666666667 0.556875 0.07083333333333333 0.09625
0 0.7679166666666667 0.478125 0.05583333333333333 0.09625
0 0.75 0.365 0.04666666666666667 0.08
0 0.8425 0.39875 0.065 0.095
0 0.9279166666666666 0.3675 0.050833333333333335 0.0925
0 0.8666666666666667 0.61625 0.095 0.135