0 0.05533333333333333 0.271 0.030666666666666665 0.05
0 0.08533333333333333 0.327 0.032 0.05
0 0.10466666666666667 0.298 0.025333333333333333 0.048
0 0.11266666666666666 0.266 0.025333333333333333 0.04
0 0.12666666666666668 0.373 0.032 0.062
0 0.144 0.345 0.02666666666666667 0.038
0 0.148 0.307 0.021333333333333333 0.038
0 0.17466666666666666 0.276 0.024 0.04
0 0.17866666666666667 0.378 0.037333333333333336 0.076
0 0.206 0.342 0.028 0.044
0 0.226 0.372 0.03333333333333333 0.056
0 0.21133333333333335 0.3 0.025333333333333333 0.04
0 0.22666666666666666 0.27 0.024 0.04
0 0.256 0.279 0.018666666666666668 0.042
0 0.2653333333333333 0.405 0.037333333333333336 0.066
0 0.26266666666666666 0.338 0.024 0.052
0 0.274 0.305 0.025333333333333333 0.042
0 0.2986666666666667 0.289 0.018666666666666668 0.034
0 0.304 0.376 0.02666666666666667 0.06
0 0.338 0.41 0.036 0.064
0 0.3253333333333333 0.35 0.02666666666666667 0.052
0 0.33466666666666667 0.308 0.021333333333333333 0.036
0 0.35 0.287 0.02 0.038
0 0.38133333333333336 0.376 0.02666666666666667 0.056
0 0.38466666666666666 0.339 0.02266666666666667 0.038
0 0.37866666666666665 0.313 0.021333333333333333 0.034
0 0.4033333333333333 0.288 0.025333333333333333 0.036
0 0.42333333333333334 0.411 0.03866666666666667 0.078
0 0.43666666666666665 0.336 0.028 0.048
0 0.43866666666666665 0.308 0.024 0.032
0 0.45666666666666667 0.304 0.017333333333333333 0.04
0 0.472 0.366 0.029333333333333333 0.064
0 0.5086666666666667 0.397 0.04133333333333333 0.078
0 0.51 0.329 0.025333333333333333 0.042
0 0.48533333333333334 0.314 0.024 0.04
0 0.5006666666666667 0.284 0.017333333333333333 0.032
0 0.5446666666666666 0.303 0.02 0.038
0 0.5606666666666666 0.298 0.02266666666666667 0.036
0 0.582 0.347 0.025333333333333333 0.05
0 0.5633333333333334 0.413 0.03333333333333333 0.062
0 0.582 0.465 0.03866666666666667 0.07
0 0.6193333333333333 0.4 0.030666666666666665 0.06
0 0.6006666666666667 0.316 0.02 0.04
0 0.5886666666666667 0.309 0.02 0.03
0 0.6393333333333333 0.307 0.02 0.042
0 0.6473333333333333 0.37 0.02266666666666667 0.044
0 0.6886666666666666 0.439 0.04133333333333333 0.082
0 0.682 0.373 0.030666666666666665 0.05
0 0.6626666666666666 0.324 0.024 0.044
0 0.672 0.285 0.018666666666666668 0.034
0 0.704 0.318 0.021333333333333333 0.04
0 0.722 0.338 0.025333333333333333 0.044
0 0.72 0.291 0.021333333333333333 0.038
0 0.754 0.307 0.025333333333333333 0.038
0 0.7526666666666667 0.381 0.03333333333333333 0.062
0 0.7886666666666666 0.34 0.028 0.056
0 0.8013333333333333 0.42 0.04 0.068
0 0.7726666666666666 0.263 0.02266666666666667 0.038
0 0.8126666666666666 0.301 0.02266666666666667 0.042
0 0.8246666666666667 0.255 0.025333333333333333 0.042
0 0.818 0.354 0.03333333333333333 0.056
0 0.8766666666666667 0.406 0.036 0.064
0 0.8986666666666666 0.369 0.029333333333333333 0.058
0 0.8726666666666667 0.307 0.025333333333333333 0.046
0 0.9366666666666666 0.275 0.028 0.05
0 0.9433333333333334 0.4 0.04133333333333333 0.072