0 0.5141666666666667 0.48549107142857145 0.035 0.05580357142857143
0 0.43416666666666665 0.48214285714285715 0.06166666666666667 0.07589285714285714
0 0.44333333333333336 0.6964285714285714 0.1 0.17410714285714285
0 0.335 0.6383928571428571 0.07333333333333333 0.13392857142857142
0 0.5358333333333334 0.6283482142857143 0.06166666666666667 0.09151785714285714
0 0.475 0.6227678571428571 0.056666666666666664 0.08035714285714286
0 0.6225 0.6428571428571429 0.07166666666666667 0.125
0 0.76 0.6640625 0.08666666666666667 0.13169642857142858
0 0.27 0.5948660714285714 0.06666666666666667 0.078125
0 0.22666666666666666 0.5993303571428571 0.05333333333333334 0.09151785714285714
0 0.17833333333333334 0.59375 0.04666666666666667 0.06696428571428571
0 0.12083333333333333 0.5736607142857143 0.045 0.05803571428571429
0 0.08666666666666667 0.5669642857142857 0.03666666666666667 0.049107142857142856
0 0.0625 0.5680803571428571 0.03166666666666667 0.046875
0 0.36 0.5669642857142857 0.05 0.07142857142857142