0 0.1234375 0.48125 0.071875 0.09166666666666666
0 0.040625 0.8114583333333333 0.078125 0.16041666666666668
0 0.1796875 0.821875 0.14375 0.18541666666666667
0 0.209375 0.5770833333333333 0.071875 0.1
0 0.29765625 0.5177083333333333 0.0703125 0.08958333333333333
0 0.40546875 0.5114583333333333 0.0703125 0.09791666666666667
0 0.3859375 0.7125 0.10625 0.14583333333333334
0 0.54296875 0.7197916666666667 0.1078125 0.17291666666666666
0 0.59375 0.671875 0.08125 0.14375
0 0.65390625 0.41458333333333336 0.0671875 0.0875
0 0.84609375 0.68125 0.0828125 0.12916666666666668