0 0.11882716049382716 0.5433884297520661 0.032407407407407406 0.05371900826446281
0 0.2856867283950617 0.6058884297520661 0.059027777777777776 0.10020661157024793
0 0.3341049382716049 0.6014979338842975 0.05015432098765432 0.08109504132231404
0 0.41878858024691357 0.6293904958677686 0.08757716049382716 0.12861570247933884
0 0.5383873456790124 0.7231404958677686 0.09837962962962964 0.15392561983471073
0 0.4425154320987654 0.5795454545454546 0.041666666666666664 0.06818181818181818
0 0.5308641975308642 0.5983987603305785 0.04552469135802469 0.07696280991735537
0 0.5248842592592593 0.5599173553719008 0.05131172839506173 0.060950413223140494
0 0.5869984567901234 0.6146694214876033 0.058256172839506175 0.08884297520661157
0 0.6880787037037037 0.4597107438016529 0.08449074074074074 0.09710743801652892
0 0.814429012345679 0.7908057851239669 0.14351851851851852 0.24896694214876033
0 0.8042052469135802 0.6668388429752066 0.10378086419753087 0.15082644628099173
0 0.9695216049382716 0.662448347107438 0.06018518518518518 0.13791322314049587