0 0.23793103448275862 0.6174418604651163 0.1206896551724138 0.1558139534883721
0 0.3137931034482759 0.5581395348837209 0.06551724137931035 0.09767441860465116
0 0.03706896551724138 0.5279069767441861 0.06724137931034482 0.09302325581395349
0 0.07931034482758621 0.48953488372093024 0.04482758620689655 0.07209302325581396
0 0.14224137931034483 0.46162790697674416 0.03620689655172414 0.053488372093023255
0 0.18017241379310345 0.45232558139534884 0.03620689655172414 0.04883720930232558
0 0.21120689655172414 0.4872093023255814 0.05344827586206897 0.07674418604651163
0 0.22413793103448276 0.45465116279069767 0.041379310344827586 0.044186046511627906
0 0.28620689655172415 0.48023255813953486 0.041379310344827586 0.06279069767441861
0 0.30517241379310345 0.4558139534883721 0.03103448275862069 0.046511627906976744
0 0.33706896551724136 0.47674418604651164 0.032758620689655175 0.037209302325581395
0 0.3853448275862069 0.5209302325581395 0.05344827586206897 0.08837209302325581
0 0.4163793103448276 0.5 0.032758620689655175 0.05116279069767442
0 0.4543103448275862 0.5593023255813954 0.07413793103448275 0.10465116279069768
0 0.47844827586206895 0.49534883720930234 0.039655172413793106 0.06046511627906977
0 0.5103448275862069 0.5011627906976744 0.041379310344827586 0.053488372093023255
0 0.5293103448275862 0.47093023255813954 0.027586206896551724 0.04883720930232558
0 0.5793103448275863 0.49534883720930234 0.034482758620689655 0.06046511627906977
0 0.6051724137931035 0.4755813953488372 0.03103448275862069 0.053488372093023255
0 0.6241379310344828 0.37906976744186044 0.034482758620689655 0.05116279069767442
0 0.8568965517241379 0.4906976744186046 0.04482758620689655 0.06511627906976744
0 0.971551724137931 0.5511627906976744 0.04310344827586207 0.08837209302325581