0 0.25037202380952384 0.45287698412698413 0.0339781746031746 0.05324074074074074
0 0.0689484126984127 0.6416997354497355 0.05555555555555555 0.0744047619047619
0 0.24206349206349206 0.8637566137566137 0.1691468253968254 0.23346560846560846
0 0.3036954365079365 0.6838624338624338 0.09102182539682539 0.1402116402116402
0 0.28162202380952384 0.6192129629629629 0.058779761904761904 0.06514550264550265
0 0.30443948412698413 0.6010251322751323 0.045882936507936505 0.06911375661375661
0 0.3627232142857143 0.576058201058201 0.030009920634920636 0.05092592592592592
0 0.3819444444444444 0.6071428571428571 0.03670634920634921 0.05886243386243386
0 0.4165426587301587 0.6316137566137566 0.051835317460317464 0.07605820105820106
0 0.4740823412698413 0.6863425925925926 0.07514880952380952 0.11144179894179894
0 0.6037946428571429 0.8376322751322751 0.10540674603174603 0.1693121693121693
0 0.6491815476190477 0.6937830687830688 0.07961309523809523 0.11243386243386243
0 0.5931299603174603 0.59755291005291 0.047371031746031744 0.06415343915343916
0 0.5306299603174603 0.6377314814814815 0.04439484126984127 0.05588624338624339
0 0.49689980158730157 0.6130952380952381 0.03844246031746032 0.03902116402116402
0 0.4537450396825397 0.5720899470899471 0.038938492063492064 0.04894179894179894
0 0.5412946428571429 0.564484126984127 0.03695436507936508 0.0582010582010582
0 0.6307043650793651 0.5755621693121693 0.032242063492063495 0.04398148148148148
0 0.7080853174603174 0.5881283068783069 0.0441468253968254 0.06316137566137567
0 0.6889880952380952 0.6335978835978836 0.0496031746031746 0.06415343915343916
0 0.8246527777777778 0.6727843915343915 0.06994047619047619 0.10416666666666667
0 0.953125 0.7068452380952381 0.09077380952380952 0.15641534391534392
0 0.8907490079365079 0.6412037037037037 0.06374007936507936 0.0992063492063492
0 0.8885168650793651 0.5925925925925926 0.04141865079365079 0.04828042328042328
0 0.8707837301587301 0.5651455026455027 0.033234126984126984 0.041005291005291
0 0.8237847222222222 0.6281415343915344 0.04439484126984127 0.055224867724867725
0 0.7915426587301587 0.5987103174603174 0.03993055555555555 0.04794973544973545
0 0.7991071428571429 0.5710978835978836 0.032242063492063495 0.04298941798941799
0 0.9324156746031746 0.5681216931216931 0.037450396825396824 0.05092592592592592
0 0.9606894841269841 0.5896164021164021 0.04141865079365079 0.05423280423280423
0 0.9844990079365079 0.5575396825396826 0.03050595238095238 0.06018518518518518