0 0.04296875 0.49114583333333334 0.0421875 0.059375
0 0.2171875 0.559375 0.0546875 0.06666666666666667
0 0.19296875 0.5203125 0.04375 0.053125
0 0.225390625 0.4635416666666667 0.03984375 0.04791666666666667
0 0.277734375 0.4890625 0.03984375 0.053125
0 0.25703125 0.5140625 0.05 0.06145833333333333
0 0.325 0.50625 0.0484375 0.058333333333333334
0 0.360546875 0.4765625 0.03203125 0.051041666666666666
0 0.446875 0.4796875 0.0390625 0.053125
0 0.4375 0.4557291666666667 0.0296875 0.03854166666666667
0 0.48671875 0.4078125 0.0328125 0.051041666666666666
0 0.5234375 0.48333333333333334 0.0328125 0.04375
0 0.54453125 0.5046875 0.0390625 0.05520833333333333
0 0.4875 0.5401041666666667 0.04375 0.06770833333333333
0 0.508984375 0.5807291666666666 0.04765625 0.06770833333333333
0 0.605859375 0.5552083333333333 0.04609375 0.075
0 0.6015625 0.49270833333333336 0.0359375 0.05416666666666667
0 0.666796875 0.5020833333333333 0.04453125 0.07291666666666667
0 0.748828125 0.43072916666666666 0.03515625 0.06145833333333333
0 0.817578125 0.4421875 0.03359375 0.059375
0 0.7203125 0.6364583333333333 0.08125 0.11041666666666666
0 0.833203125 0.6286458333333333 0.06328125 0.10729166666666666
0 0.883984375 0.5546875 0.06015625 0.078125
0 0.945703125 0.5265625 0.05078125 0.07395833333333333