0 0.075 0.24166666666666667 0.065625 0.15833333333333333
0 0.053515625 0.15347222222222223 0.04453125 0.08472222222222223
0 0.010546875 0.2222222222222222 0.01953125 0.11388888888888889
0 0.17734375 0.19027777777777777 0.040625 0.08333333333333333
0 0.194140625 0.25277777777777777 0.03828125 0.08611111111111111
0 0.277734375 0.2375 0.05546875 0.11666666666666667
0 0.3 0.19583333333333333 0.05 0.09444444444444444
0 0.390625 0.22430555555555556 0.0421875 0.09027777777777778
0 0.4828125 0.21041666666666667 0.0359375 0.07361111111111111
0 0.518359375 0.21041666666666667 0.05234375 0.11527777777777778
0 0.558984375 0.18611111111111112 0.03359375 0.10277777777777777
0 0.593359375 0.17847222222222223 0.03203125 0.07083333333333333
0 0.66171875 0.20416666666666666 0.0375 0.09722222222222222
0 0.69609375 0.20208333333333334 0.0359375 0.07916666666666666
0 0.791796875 0.18680555555555556 0.03515625 0.09583333333333334
0 0.9265625 0.4166666666666667 0.109375 0.2361111111111111