0 0.06645569620253164 0.40717299578059074 0.08544303797468354 0.12236286919831224
0 0.06487341772151899 0.35337552742616035 0.05379746835443038 0.06540084388185655
0 0.06408227848101265 0.31645569620253167 0.04588607594936709 0.05907172995780591
0 0.24367088607594936 0.2858649789029536 0.03481012658227848 0.04852320675105485
0 0.25 0.37869198312236285 0.060126582278481014 0.06962025316455696
0 0.3425632911392405 0.29852320675105487 0.030063291139240507 0.04430379746835443
0 0.4074367088607595 0.29641350210970463 0.03955696202531646 0.04852320675105485
0 0.4477848101265823 0.31223628691983124 0.04113924050632911 0.05907172995780591
0 0.49920886075949367 0.31751054852320676 0.03955696202531646 0.06118143459915612
0 0.5237341772151899 0.2721518987341772 0.028481012658227847 0.04219409282700422
0 0.5799050632911392 0.2679324894514768 0.023734177215189875 0.04219409282700422
0 0.5933544303797469 0.3291139240506329 0.04746835443037975 0.05907172995780591
0 0.5965189873417721 0.41877637130801687 0.06645569620253164 0.10759493670886076
0 0.6392405063291139 0.27742616033755274 0.03164556962025317 0.052742616033755275
0 0.7080696202531646 0.2805907172995781 0.030063291139240507 0.046413502109704644
0 0.7064873417721519 0.3407172995780591 0.03955696202531646 0.056962025316455694
0 0.7634493670886076 0.379746835443038 0.055379746835443035 0.08860759493670886
0 0.7444620253164557 0.2320675105485232 0.030063291139240507 0.05063291139240506
0 0.7579113924050633 0.29641350210970463 0.03164556962025317 0.052742616033755275
0 0.805379746835443 0.290084388185654 0.03164556962025317 0.04852320675105485
0 0.9430379746835443 0.31223628691983124 0.03481012658227848 0.05907172995780591