0 0.959 0.8388305847076462 0.068 0.10344827586206896
0 0.822 0.4752623688155922 0.032 0.047976011994003
0 0.652 0.4970014992503748 0.028 0.046476761619190406
0 0.5545 0.5284857571214393 0.029 0.046476761619190406
0 0.5715 0.8118440779610195 0.089 0.13943028485757122
0 0.679 0.7316341829085458 0.07 0.11094452773613193
0 0.779 0.658920539730135 0.044 0.0704647676161919
0 0.837 0.6724137931034483 0.038 0.046476761619190406
0 0.8555 0.6529235382308846 0.031 0.037481259370314844
0 0.8785 0.6221889055472264 0.035 0.044977511244377814
0 0.733 0.6176911544227887 0.028 0.050974512743628186
0 0.688 0.6199400299850075 0.034 0.06146926536731634
0 0.6245 0.6334332833583208 0.045 0.06146926536731634
0 0.5445 0.6596701649175413 0.049 0.06596701649175413
0 0.4445 0.7091454272863568 0.051 0.07796101949025487
0 0.358 0.9220389805097451 0.1 0.1469265367316342
0 0.0755 0.7788605697151424 0.083 0.11244377811094453
0 0.31 0.7736131934032984 0.056 0.08695652173913043
0 0.245 0.6949025487256372 0.052 0.0704647676161919
0 0.344 0.6709145427286357 0.044 0.06746626686656672
0 0.414 0.636431784107946 0.036 0.05847076461769116
0 0.5045 0.6154422788605697 0.033 0.05547226386806597
0 0.5575 0.6011994002998501 0.031 0.044977511244377814
0 0.469 0.5974512743628186 0.032 0.046476761619190406
0 0.3965 0.6011994002998501 0.027 0.041979010494752625
0 0.319 0.618440779610195 0.046 0.05247376311844078
0 0.283 0.5104947526236882 0.032 0.05847076461769116
0 0.2155 0.5937031484257871 0.027 0.041979010494752625
0 0.127 0.6671664167916042 0.048 0.06896551724137931
0 0.1065 0.6094452773613194 0.041 0.06146926536731634
0 0.035 0.6199400299850075 0.028 0.049475262368815595