0 0.19012721238938052 0.5980825958702065 0.11144911504424779 0.1733038348082596
0 0.33849557522123896 0.504424778761062 0.0790929203539823 0.13348082595870206
0 0.4561670353982301 0.372787610619469 0.060564159292035395 0.09365781710914454
0 0.5687223451327433 0.35398230088495575 0.06111725663716814 0.10545722713864307
0 0.6483683628318584 0.31950589970501475 0.0351216814159292 0.07485250737463127
0 0.6780973451327433 0.31397492625368734 0.023230088495575223 0.055678466076696166
0 0.7287057522123894 0.27525811209439527 0.025442477876106196 0.051991150442477874
0 0.6232024336283186 0.7531342182890856 0.1883296460176991 0.3196902654867257
0 0.7017422566371682 0.5507005899705014 0.12251106194690266 0.20243362831858408
0 0.8595132743362832 0.5033185840707964 0.08517699115044247 0.1275811209439528
0 0.8239767699115044 0.42109144542772864 0.06664823008849557 0.09660766961651918
0 0.8324115044247787 0.3499262536873156 0.04480088495575221 0.06563421828908554
0 0.8810840707964602 0.3174778761061947 0.03871681415929203 0.06268436578171091