0 0.07987012987012987 0.7375 0.1025974025974026 0.12083333333333333
0 0.046753246753246755 0.6427083333333333 0.05974025974025974 0.07291666666666667
0 0.21623376623376622 0.6 0.07142857142857142 0.10833333333333334
0 0.2785714285714286 0.7552083333333334 0.1025974025974026 0.17291666666666666
0 0.30974025974025976 0.6708333333333333 0.07142857142857142 0.1375
0 0.40454545454545454 0.6375 0.06883116883116883 0.10833333333333334
0 0.37597402597402596 0.909375 0.13376623376623376 0.17708333333333334
0 0.5305194805194805 0.6895833333333333 0.07402597402597402 0.14583333333333334
0 0.6662337662337663 0.3875 0.05714285714285714 0.1
0 0.7389610389610389 0.621875 0.06233766233766234 0.10625
0 0.7422077922077922 0.775 0.10519480519480519 0.16666666666666666
0 0.7655844155844156 0.9 0.12857142857142856 0.19583333333333333
0 0.9097402597402597 0.64375 0.07142857142857142 0.12083333333333333
0 0.9402597402597402 0.675 0.07532467532467532 0.1375