0 0.20894607843137256 0.4199346405228758 0.0545343137254902 0.0915032679738562
0 0.09160539215686274 0.8114787581699346 0.16666666666666666 0.2512254901960784
0 0.38495710784313725 0.6842320261437909 0.11060049019607843 0.17238562091503268
0 0.5376838235294118 0.8974673202614379 0.25 0.2042483660130719
0 0.7503063725490197 0.7988153594771242 0.17463235294117646 0.2340686274509804
0 0.5470281862745098 0.6495098039215687 0.10324754901960784 0.13480392156862744
0 0.6427696078431373 0.6058006535947712 0.07169117647058823 0.10457516339869281
0 0.6928615196078431 0.5945669934640523 0.0701593137254902 0.10661764705882353
0 0.7801776960784313 0.5643382352941176 0.07628676470588236 0.08782679738562091
0 0.9102328431372549 0.6609477124183006 0.12254901960784313 0.1895424836601307
0 0.9819240196078431 0.622140522875817 0.03553921568627451 0.11356209150326797
0 0.9710477941176471 0.3882761437908497 0.057291666666666664 0.0886437908496732