0 0.23958333333333334 0.54375 0.11666666666666667 0.1875
0 0.30520833333333336 0.425 0.06041666666666667 0.1125
0 0.3770833333333333 0.4671875 0.07916666666666666 0.140625
0 0.4864583333333333 0.71875 0.14791666666666667 0.2625
0 0.525 0.51875 0.09583333333333334 0.175
0 0.5864583333333333 0.38125 0.04791666666666667 0.1
0 0.6260416666666667 0.3390625 0.04375 0.084375
0 0.65 0.315625 0.04583333333333333 0.0875
0 0.725 0.3578125 0.05 0.084375
0 0.721875 0.4625 0.06458333333333334 0.1125
0 0.8427083333333333 0.396875 0.04791666666666667 0.0875
0 0.9020833333333333 0.4171875 0.058333333333333334 0.109375
0 0.528125 0.31875 0.04375 0.08125
0 0.49895833333333334 0.3609375 0.05625 0.096875
0 0.465625 0.321875 0.035416666666666666 0.06875
0 0.4197916666666667 0.321875 0.04375 0.075
0 0.3260416666666667 0.19375 0.03125 0.05625
0 0.20833333333333334 0.3640625 0.05416666666666667 0.090625
0 0.17291666666666666 0.3453125 0.05416666666666667 0.084375
0 0.128125 0.2609375 0.035416666666666666 0.046875
0 0.08333333333333333 0.3171875 0.041666666666666664 0.065625
0 0.052083333333333336 0.8359375 0.1 0.321875