0 0.07344064386317907 0.2234375 0.08651911468812877 0.134375
0 0.16398390342052313 0.4265625 0.09054325955734406 0.146875
0 0.2595573440643863 0.2875 0.06438631790744467 0.10625
0 0.2454728370221328 0.4265625 0.08048289738430583 0.146875
0 0.3702213279678068 0.4015625 0.06841046277665996 0.109375
0 0.3903420523138833 0.3375 0.060362173038229376 0.125
0 0.4507042253521127 0.428125 0.052313883299798795 0.1125
0 0.53420523138833 0.3203125 0.05835010060362173 0.109375
0 0.5513078470824949 0.4421875 0.07243460764587525 0.128125
0 0.613682092555332 0.4265625 0.0482897384305835 0.103125
0 0.613682092555332 0.3015625 0.07243460764587525 0.115625
0 0.6971830985915493 0.2953125 0.05835010060362173 0.115625
0 0.783702213279678 0.2484375 0.08651911468812877 0.140625
0 0.8772635814889336 0.35625 0.06841046277665996 0.11875
0 0.07847082494969819 0.3625 0.06438631790744467 0.1125
0 0.14185110663983905 0.3390625 0.07042253521126761 0.109375